94.796,140.63,52.961,204.46,126.72,99.268,61.022,203.92,158.77,43.911,100.34,34.652,152.77,34.652,100.34,43.911,158.77,203.92,61.022,99.268,126.72,204.46,52.961,140.63,140.63,140.63,-51.677,112.77,38.853,7.7311,75.466,-31.377,26.457,-40.766,5.8673,10.897,6.4755,6.4755,10.897,5.8673,-40.766,26.457,-31.377,75.466,7.7311,38.853,112.77,-51.677,52.961,-51.677,52.961,112.77,-43.768,-49.984,-8.4304,36.147,51.979,5.6975,-50.277,22.885,-47.391,-2.7944,-47.391,22.885,-50.277,5.6975,51.979,36.147,-8.4304,-49.984,-43.768,112.77,204.46,112.77,112.77,204.46,38.853,-49.984,-145.3,134.68,134.97,14.355,-53.343,-71.276,19.738,2.1358,2.1358,19.738,-71.276,-53.343,14.355,134.97,134.68,-145.3,-49.984,38.853,126.72,38.853,-43.768,38.853,126.72,7.7311,-8.4304,134.68,65.27,23.693,87.626,-56.014,-102.16,29.765,-21.971,29.765,-102.16,-56.014,87.626,23.693,65.27,134.68,-8.4304,7.7311,99.268,7.7311,-49.984,-49.984,7.7311,99.268,75.466,36.147,134.97,23.693,-76.471,-3.0495,93.145,-15.967,-12.728,-12.728,-15.967,93.145,-3.0495,-76.471,23.693,134.97,36.147,75.466,61.022,75.466,-8.4304,-145.3,-8.4304,75.466,61.022,-31.377,51.979,14.355,87.626,-3.0495,59.826,6.257,-74.86,18.218,-74.86,6.257,59.826,-3.0495,87.626,14.355,51.979,-31.377,203.92,-31.377,36.147,134.68,134.68,36.147,-31.377,203.92,26.457,5.6975,-53.343,-56.014,93.145,6.257,-28.176,-44.088,-44.088,-28.176,6.257,93.145,-56.014,-53.343,5.6975,26.457,158.77,26.457,51.979,134.97,65.27,134.97,51.979,26.457,158.77,-40.766,-50.277,-71.276,-102.16,-15.967,-74.86,-44.088,7.3735,-44.088,-74.86,-15.967,-102.16,-71.276,-50.277,-40.766,43.911,-40.766,5.6975,14.355,23.693,23.693,14.355,5.6975,-40.766,43.911,5.8673,22.885,19.738,29.765,-12.728,18.218,-44.088,-44.088,18.218,-12.728,29.765,19.738,22.885,5.8673,100.34,5.8673,-50.277,-53.343,87.626,-76.471,87.626,-53.343,-50.277,5.8673,100.34,10.897,-47.391,2.1358,-21.971,-12.728,-74.86,-28.176,-74.86,-12.728,-21.971,2.1358,-47.391,10.897,34.652,10.897,22.885,-71.276,-56.014,-3.0495,-3.0495,-56.014,-71.276,22.885,10.897,34.652,6.4755,-2.7944,2.1358,29.765,-15.967,6.257,6.257,-15.967,29.765,2.1358,-2.7944,6.4755,152.77,6.4755,-47.391,19.738,-102.16,93.145,59.826,93.145,-102.16,19.738,-47.391,6.4755,152.77,6.4755,-47.391,19.738,-102.16,93.145,59.826,93.145,-102.16,19.738,-47.391,6.4755,34.652,6.4755,-2.7944,2.1358,29.765,-15.967,6.257,6.257,-15.967,29.765,2.1358,-2.7944,6.4755,34.652,10.897,22.885,-71.276,-56.014,-3.0495,-3.0495,-56.014,-71.276,22.885,10.897,100.34,10.897,-47.391,2.1358,-21.971,-12.728,-74.86,-28.176,-74.86,-12.728,-21.971,2.1358,-47.391,10.897,100.34,5.8673,-50.277,-53.343,87.626,-76.471,87.626,-53.343,-50.277,5.8673,43.911,5.8673,22.885,19.738,29.765,-12.728,18.218,-44.088,-44.088,18.218,-12.728,29.765,19.738,22.885,5.8673,43.911,-40.766,5.6975,14.355,23.693,23.693,14.355,5.6975,-40.766,158.77,-40.766,-50.277,-71.276,-102.16,-15.967,-74.86,-44.088,7.3735,-44.088,-74.86,-15.967,-102.16,-71.276,-50.277,-40.766,158.77,26.457,51.979,134.97,65.27,134.97,51.979,26.457,203.92,26.457,5.6975,-53.343,-56.014,93.145,6.257,-28.176,-44.088,-44.088,-28.176,6.257,93.145,-56.014,-53.343,5.6975,26.457,203.92,-31.377,36.147,134.68,134.68,36.147,-31.377,61.022,-31.377,51.979,14.355,87.626,-3.0495,59.826,6.257,-74.86,18.218,-74.86,6.257,59.826,-3.0495,87.626,14.355,51.979,-31.377,61.022,75.466,-8.4304,-145.3,-8.4304,75.466,99.268,75.466,36.147,134.97,23.693,-76.471,-3.0495,93.145,-15.967,-12.728,-12.728,-15.967,93.145,-3.0495,-76.471,23.693,134.97,36.147,75.466,99.268,7.7311,-49.984,-49.984,7.7311,126.72,7.7311,-8.4304,134.68,65.27,23.693,87.626,-56.014,-102.16,29.765,-21.971,29.765,-102.16,-56.014,87.626,23.693,65.27,134.68,-8.4304,7.7311,126.72,38.853,-43.768,38.853,204.46,38.853,-49.984,-145.3,134.68,134.97,14.355,-53.343,-71.276,19.738,2.1358,2.1358,19.738,-71.276,-53.343,14.355,134.97,134.68,-145.3,-49.984,38.853,204.46,112.77,112.77,52.961,112.77,-43.768,-49.984,-8.4304,36.147,51.979,5.6975,-50.277,22.885,-47.391,-2.7944,-47.391,22.885,-50.277,5.6975,51.979,36.147,-8.4304,-49.984,-43.768,112.77,52.961,-51.677,140.63,-51.677,112.77,38.853,7.7311,75.466,-31.377,26.457,-40.766,5.8673,10.897,6.4755,6.4755,10.897,5.8673,-40.766,26.457,-31.377,75.466,7.7311,38.853,112.77,-51.677,140.63
0,-1.4868e-15,3.7038e-16,1.189e-15,-2.9653e-16,5.933e-18,-3.7134e-16,7.4184e-16,-1.1832e-15,1.7836e-15,-2.4147e-15,3.3451e-16,0,-3.3451e-16,2.4147e-15,-1.7836e-15,1.1832e-15,-7.4184e-16,3.7134e-16,-5.933e-18,2.9653e-16,-1.189e-15,-3.7038e-16,1.4868e-15,1.4868e-15,0,0.38023,-42.97,83.19,-84.069,26.666,28.944,95.441,16.546,-10.325,6.7582,-57.397,-57.397,6.7582,-10.325,16.546,95.441,28.944,26.666,-84.069,83.19,-42.97,0.38023,-3.7038e-16,-0.38023,0,-42.97,21.908,31.421,48.098,-45.296,0.16373,-55.426,-42.545,8.0096,56.374,24.647,56.374,8.0096,-42.545,-55.426,0.16373,-45.296,48.098,31.421,21.908,-42.97,-1.189e-15,42.97,42.97,0,83.19,31.421,12.117,-99.177,101.66,-36.803,-113.2,-63.518,-74.833,2.2422,2.2422,-74.833,-63.518,-113.2,-36.803,101.66,-99.177,12.117,31.421,83.19,2.9653e-16,-83.19,-21.908,-83.19,0,-84.069,48.098,-99.177,-121.38,31.994,31.834,-51.423,-38.568,18.578,115.79,18.578,-38.568,-51.423,31.834,31.994,-121.38,-99.177,48.098,-84.069,-5.933e-18,84.069,-31.421,-31.421,84.069,0,26.666,-45.296,101.66,31.994,70.718,28.533,-113.6,17.441,7.3852,7.3852,17.441,-113.6,28.533,70.718,31.994,101.66,-45.296,26.666,3.7134e-16,-26.666,-48.098,-12.117,-48.098,-26.666,0,28.944,0.16373,-36.803,31.834,28.533,50.94,-39.225,-38.376,16.696,-38.376,-39.225,50.94,28.533,31.834,-36.803,0.16373,28.944,-7.4184e-16,-28.944,45.296,99.177,99.177,45.296,-28.944,0,95.441,-55.426,-113.2,-51.423,-113.6,-39.225,130.68,-61.456,-61.456,130.68,-39.225,-113.6,-51.423,-113.2,-55.426,95.441,1.1832e-15,-95.441,-0.16373,-101.66,121.38,-101.66,-0.16373,-95.441,0,16.546,-42.545,-63.518,-38.568,17.441,-38.376,-61.456,67.465,-61.456,-38.376,17.441,-38.568,-63.518,-42.545,16.546,-1.7836e-15,-16.546,55.426,36.803,-31.994,-31.994,36.803,55.426,-16.546,0,-10.325,8.0096,-74.833,18.578,7.3852,16.696,-61.456,-61.456,16.696,7.3852,18.578,-74.833,8.0096,-10.325,2.4147e-15,10.325,42.545,113.2,-31.834,-70.718,-31.834,113.2,42.545,10.325,0,6.7582,56.374,2.2422,115.79,7.3852,-38.376,130.68,-38.376,7.3852,115.79,2.2422,56.374,6.7582,-3.3451e-16,-6.7582,-8.0096,63.518,51.423,-28.533,-28.533,51.423,63.518,-8.0096,-6.7582,0,-57.397,24.647,2.2422,18.578,17.441,-39.225,-39.225,17.441,18.578,2.2422,24.647,-57.397,0,57.397,-56.374,74.833,38.568,113.6,-50.94,113.6,38.568,74.833,-56.374,57.397,0,-57.397,56.374,-74.833,-38.568,-113.6,50.94,-113.6,-38.568,-74.833,56.374,-57.397,3.3451e-16,57.397,-24.647,-2.2422,-18.578,-17.441,39.225,39.225,-17.441,-18.578,-2.2422,-24.647,57.397,0,6.7582,8.0096,-63.518,-51.423,28.533,28.533,-51.423,-63.518,8.0096,6.7582,-2.4147e-15,-6.7582,-56.374,-2.2422,-115.79,-7.3852,38.376,-130.68,38.376,-7.3852,-115.79,-2.2422,-56.374,-6.7582,0,-10.325,-42.545,-113.2,31.834,70.718,31.834,-113.2,-42.545,-10.325,1.7836e-15,10.325,-8.0096,74.833,-18.578,-7.3852,-16.696,61.456,61.456,-16.696,-7.3852,-18.578,74.833,-8.0096,10.325,0,16.546,-55.426,-36.803,31.994,31.994,-36.803,-55.426,16.546,-1.1832e-15,-16.546,42.545,63.518,38.568,-17.441,38.376,61.456,-67.465,61.456,38.376,-17.441,38.568,63.518,42.545,-16.546,0,95.441,0.16373,101.66,-121.38,101.66,0.16373,95.441,7.4184e-16,-95.441,55.426,113.2,51.423,113.6,39.225,-130.68,61.456,61.456,-130.68,39.225,113.6,51.423,113.2,55.426,-95.441,0,28.944,-45.296,-99.177,-99.177,-45.296,28.944,-3.7134e-16,-28.944,-0.16373,36.803,-31.834,-28.533,-50.94,39.225,38.376,-16.696,38.376,39.225,-50.94,-28.533,-31.834,36.803,-0.16373,-28.944,0,26.666,48.098,12.117,48.098,26.666,5.933e-18,-26.666,45.296,-101.66,-31.994,-70.718,-28.533,113.6,-17.441,-7.3852,-7.3852,-17.441,113.6,-28.533,-70.718,-31.994,-101.66,45.296,-26.666,0,-84.069,31.421,31.421,-84.069,-2.9653e-16,84.069,-48.098,99.177,121.38,-31.994,-31.834,51.423,38.568,-18.578,-115.79,-18.578,38.568,51.423,-31.834,-31.994,121.38,99.177,-48.098,84.069,0,83.19,21.908,83.19,1.189e-15,-83.19,-31.421,-12.117,99.177,-101.66,36.803,113.2,63.518,74.833,-2.2422,-2.2422,74.833,63.518,113.2,36.803,-101.66,99.177,-12.117,-31.421,-83.19,0,-42.97,-42.97,3.7038e-16,42.97,-21.908,-31.421,-48.098,45.296,-0.16373,55.426,42.545,-8.0096,-56.374,-24.647,-56.374,-8.0096,42.545,55.426,-0.16373,45.296,-48.098,-31.421,-21.908,42.97,0,0.38023,-1.4868e-15,-0.38023,42.97,-83.19,84.069,-26.666,-28.944,-95.441,-16.546,10.325,-6.7582,57.397,57.397,-6.7582,10.325,-16.546,-95.441,-28.944,-26.666,84.069,-83.19,42.97,-0.38023,0
