-306.49,-334.92,-101.27,-326.33,-25.277,-83.551,-17.332,-177.91,-97.818,-42.869,-60.855,-62.127,-106.16,-62.127,-60.855,-42.869,-97.818,-177.91,-17.332,-83.551,-25.277,-326.33,-101.27,-334.92,-334.92,-334.92,-40.392,23.088,89.207,6.7184,-3.4435,-2.5767,19.201,3.4688,15.434,-5.8341,54.542,54.542,-5.8341,15.434,3.4688,19.201,-2.5767,-3.4435,6.7184,89.207,23.088,-40.392,-101.27,-40.392,-101.27,23.088,-22.628,-93.397,-10.952,5.0377,-6.0831,29.343,33.961,30.727,-3.8082,39.806,-3.8082,30.727,33.961,29.343,-6.0831,5.0377,-10.952,-93.397,-22.628,23.088,-326.33,23.088,23.088,-326.33,89.207,-93.397,67.844,-73.801,116.04,30.467,-117.17,-99.627,27.355,-61.867,-61.867,27.355,-99.627,-117.17,30.467,116.04,-73.801,67.844,-93.397,89.207,-25.277,89.207,-22.628,89.207,-25.277,6.7184,-10.952,-73.801,-13.122,2.316,16.225,-36.453,-20.133,-3.4601,9.3433,-3.4601,-20.133,-36.453,16.225,2.316,-13.122,-73.801,-10.952,6.7184,-83.551,6.7184,-93.397,-93.397,6.7184,-83.551,-3.4435,5.0377,116.04,2.316,-0.921,-23.454,32.871,41.058,24.658,24.658,41.058,32.871,-23.454,-0.921,2.316,116.04,5.0377,-3.4435,-17.332,-3.4435,-10.952,67.844,-10.952,-3.4435,-17.332,-2.5767,-6.0831,30.467,16.225,-23.454,4.7342,-16.105,12.457,0.39774,12.457,-16.105,4.7342,-23.454,16.225,30.467,-6.0831,-2.5767,-177.91,-2.5767,5.0377,-73.801,-73.801,5.0377,-2.5767,-177.91,19.201,29.343,-117.17,-36.453,32.871,-16.105,78.814,-6.4044,-6.4044,78.814,-16.105,32.871,-36.453,-117.17,29.343,19.201,-97.818,19.201,-6.0831,116.04,-13.122,116.04,-6.0831,19.201,-97.818,3.4688,33.961,-99.627,-20.133,41.058,12.457,-6.4044,-18.021,-6.4044,12.457,41.058,-20.133,-99.627,33.961,3.4688,-42.869,3.4688,29.343,30.467,2.316,2.316,30.467,29.343,3.4688,-42.869,15.434,30.727,27.355,-3.4601,24.658,0.39774,-6.4044,-6.4044,0.39774,24.658,-3.4601,27.355,30.727,15.434,-60.855,15.434,33.961,-117.17,16.225,-0.921,16.225,-117.17,33.961,15.434,-60.855,-5.8341,-3.8082,-61.867,9.3433,24.658,12.457,78.814,12.457,24.658,9.3433,-61.867,-3.8082,-5.8341,-62.127,-5.8341,30.727,-99.627,-36.453,-23.454,-23.454,-36.453,-99.627,30.727,-5.8341,-62.127,54.542,39.806,-61.867,-3.4601,41.058,-16.105,-16.105,41.058,-3.4601,-61.867,39.806,54.542,-106.16,54.542,-3.8082,27.355,-20.133,32.871,4.7342,32.871,-20.133,27.355,-3.8082,54.542,-106.16,54.542,-3.8082,27.355,-20.133,32.871,4.7342,32.871,-20.133,27.355,-3.8082,54.542,-62.127,54.542,39.806,-61.867,-3.4601,41.058,-16.105,-16.105,41.058,-3.4601,-61.867,39.806,54.542,-62.127,-5.8341,30.727,-99.627,-36.453,-23.454,-23.454,-36.453,-99.627,30.727,-5.8341,-60.855,-5.8341,-3.8082,-61.867,9.3433,24.658,12.457,78.814,12.457,24.658,9.3433,-61.867,-3.8082,-5.8341,-60.855,15.434,33.961,-117.17,16.225,-0.921,16.225,-117.17,33.961,15.434,-42.869,15.434,30.727,27.355,-3.4601,24.658,0.39774,-6.4044,-6.4044,0.39774,24.658,-3.4601,27.355,30.727,15.434,-42.869,3.4688,29.343,30.467,2.316,2.316,30.467,29.343,3.4688,-97.818,3.4688,33.961,-99.627,-20.133,41.058,12.457,-6.4044,-18.021,-6.4044,12.457,41.058,-20.133,-99.627,33.961,3.4688,-97.818,19.201,-6.0831,116.04,-13.122,116.04,-6.0831,19.201,-177.91,19.201,29.343,-117.17,-36.453,32.871,-16.105,78.814,-6.4044,-6.4044,78.814,-16.105,32.871,-36.453,-117.17,29.343,19.201,-177.91,-2.5767,5.0377,-73.801,-73.801,5.0377,-2.5767,-17.332,-2.5767,-6.0831,30.467,16.225,-23.454,4.7342,-16.105,12.457,0.39774,12.457,-16.105,4.7342,-23.454,16.225,30.467,-6.0831,-2.5767,-17.332,-3.4435,-10.952,67.844,-10.952,-3.4435,-83.551,-3.4435,5.0377,116.04,2.316,-0.921,-23.454,32.871,41.058,24.658,24.658,41.058,32.871,-23.454,-0.921,2.316,116.04,5.0377,-3.4435,-83.551,6.7184,-93.397,-93.397,6.7184,-25.277,6.7184,-10.952,-73.801,-13.122,2.316,16.225,-36.453,-20.133,-3.4601,9.3433,-3.4601,-20.133,-36.453,16.225,2.316,-13.122,-73.801,-10.952,6.7184,-25.277,89.207,-22.628,89.207,-326.33,89.207,-93.397,67.844,-73.801,116.04,30.467,-117.17,-99.627,27.355,-61.867,-61.867,27.355,-99.627,-117.17,30.467,116.04,-73.801,67.844,-93.397,89.207,-326.33,23.088,23.088,-101.27,23.088,-22.628,-93.397,-10.952,5.0377,-6.0831,29.343,33.961,30.727,-3.8082,39.806,-3.8082,30.727,33.961,29.343,-6.0831,5.0377,-10.952,-93.397,-22.628,23.088,-101.27,-40.392,-334.92,-40.392,23.088,89.207,6.7184,-3.4435,-2.5767,19.201,3.4688,15.434,-5.8341,54.542,54.542,-5.8341,15.434,3.4688,19.201,-2.5767,-3.4435,6.7184,89.207,23.088,-40.392,-334.92
0,-2.7904e-15,-5.8712e-16,-6.9967e-15,8.7809e-16,-2.2393e-16,-1.473e-16,5.186e-16,5.9277e-16,0,-1.4468e-16,3.5145e-16,0,-3.5145e-16,1.4468e-16,0,-5.9277e-16,-5.186e-16,1.473e-16,2.2393e-16,-8.7809e-16,6.9967e-15,5.8712e-16,2.7904e-15,2.7904e-15,0,106.28,137.41,-31.903,7.3511,11.932,19.399,-124.66,-27.658,-36.398,-50.05,20.553,20.553,-50.05,-36.398,-27.658,-124.66,19.399,11.932,7.3511,-31.903,137.41,106.28,5.8712e-16,-106.28,0,137.41,-11.756,62.278,-8.2338,-9.8286,28.496,22.355,50.989,-5.086,-0.69167,-25.393,-0.69167,-5.086,50.989,22.355,28.496,-9.8286,-8.2338,62.278,-11.756,137.41,6.9967e-15,-137.41,-137.41,0,-31.903,62.278,78.349,-54.517,-6.5096,-9.5613,-34.201,-74.659,9.1362,82.646,82.646,9.1362,-74.659,-34.201,-9.5613,-6.5096,-54.517,78.349,62.278,-31.903,-8.7809e-16,31.903,11.756,31.903,0,7.3511,-8.2338,-54.517,21.091,4.703,-11.4,30.555,-12.056,15.147,32.716,15.147,-12.056,30.555,-11.4,4.703,21.091,-54.517,-8.2338,7.3511,2.2393e-16,-7.3511,-62.278,-62.278,-7.3511,0,11.932,-9.8286,-6.5096,4.703,-32.421,-0.18685,-45.775,33.837,-13.863,-13.863,33.837,-45.775,-0.18685,-32.421,4.703,-6.5096,-9.8286,11.932,1.473e-16,-11.932,8.2338,-78.349,8.2338,-11.932,0,19.399,28.496,-9.5613,-11.4,-0.18685,8.6465,-25.181,-29.019,-1.3439,-29.019,-25.181,8.6465,-0.18685,-11.4,-9.5613,28.496,19.399,-5.186e-16,-19.399,9.8286,54.517,54.517,9.8286,-19.399,0,-124.66,22.355,-34.201,30.555,-45.775,-25.181,75.968,8.7035,8.7035,75.968,-25.181,-45.775,30.555,-34.201,22.355,-124.66,-5.9277e-16,124.66,-28.496,6.5096,-21.091,6.5096,-28.496,124.66,0,-27.658,50.989,-74.659,-12.056,33.837,-29.019,8.7035,-90.377,8.7035,-29.019,33.837,-12.056,-74.659,50.989,-27.658,0,27.658,-22.355,9.5613,-4.703,-4.703,9.5613,-22.355,27.658,0,-36.398,-5.086,9.1362,15.147,-13.863,-1.3439,8.7035,8.7035,-1.3439,-13.863,15.147,9.1362,-5.086,-36.398,1.4468e-16,36.398,-50.989,34.201,11.4,32.421,11.4,34.201,-50.989,36.398,0,-50.05,-0.69167,82.646,32.716,-13.863,-29.019,75.968,-29.019,-13.863,32.716,82.646,-0.69167,-50.05,-3.5145e-16,50.05,5.086,74.659,-30.555,0.18685,0.18685,-30.555,74.659,5.086,50.05,0,20.553,-25.393,82.646,15.147,33.837,-25.181,-25.181,33.837,15.147,82.646,-25.393,20.553,0,-20.553,0.69167,-9.1362,12.056,45.775,-8.6465,45.775,12.056,-9.1362,0.69167,-20.553,0,20.553,-0.69167,9.1362,-12.056,-45.775,8.6465,-45.775,-12.056,9.1362,-0.69167,20.553,3.5145e-16,-20.553,25.393,-82.646,-15.147,-33.837,25.181,25.181,-33.837,-15.147,-82.646,25.393,-20.553,0,-50.05,-5.086,-74.659,30.555,-0.18685,-0.18685,30.555,-74.659,-5.086,-50.05,-1.4468e-16,50.05,0.69167,-82.646,-32.716,13.863,29.019,-75.968,29.019,13.863,-32.716,-82.646,0.69167,50.05,0,-36.398,50.989,-34.201,-11.4,-32.421,-11.4,-34.201,50.989,-36.398,0,36.398,5.086,-9.1362,-15.147,13.863,1.3439,-8.7035,-8.7035,1.3439,13.863,-15.147,-9.1362,5.086,36.398,0,-27.658,22.355,-9.5613,4.703,4.703,-9.5613,22.355,-27.658,5.9277e-16,27.658,-50.989,74.659,12.056,-33.837,29.019,-8.7035,90.377,-8.7035,29.019,-33.837,12.056,74.659,-50.989,27.658,0,-124.66,28.496,-6.5096,21.091,-6.5096,28.496,-124.66,5.186e-16,124.66,-22.355,34.201,-30.555,45.775,25.181,-75.968,-8.7035,-8.7035,-75.968,25.181,45.775,-30.555,34.201,-22.355,124.66,0,19.399,-9.8286,-54.517,-54.517,-9.8286,19.399,-1.473e-16,-19.399,-28.496,9.5613,11.4,0.18685,-8.6465,25.181,29.019,1.3439,29.019,25.181,-8.6465,0.18685,11.4,9.5613,-28.496,-19.399,0,11.932,-8.2338,78.349,-8.2338,11.932,-2.2393e-16,-11.932,9.8286,6.5096,-4.703,32.421,0.18685,45.775,-33.837,13.863,13.863,-33.837,45.775,0.18685,32.421,-4.703,6.5096,9.8286,-11.932,0,7.3511,62.278,62.278,7.3511,8.7809e-16,-7.3511,8.2338,54.517,-21.091,-4.703,11.4,-30.555,12.056,-15.147,-32.716,-15.147,12.056,-30.555,11.4,-4.703,-21.091,54.517,8.2338,-7.3511,0,-31.903,-11.756,-31.903,-6.9967e-15,31.903,-62.278,-78.349,54.517,6.5096,9.5613,34.201,74.659,-9.1362,-82.646,-82.646,-9.1362,74.659,34.201,9.5613,6.5096,54.517,-78.349,-62.278,31.903,0,137.41,137.41,-5.8712e-16,-137.41,11.756,-62.278,8.2338,9.8286,-28.496,-22.355,-50.989,5.086,0.69167,25.393,0.69167,5.086,-50.989,-22.355,-28.496,9.8286,8.2338,-62.278,11.756,-137.41,0,106.28,-2.7904e-15,-106.28,-137.41,31.903,-7.3511,-11.932,-19.399,124.66,27.658,36.398,50.05,-20.553,-20.553,50.05,36.398,27.658,124.66,-19.399,-11.932,-7.3511,31.903,-137.41,-106.28,0
