4.6449,30.332,1.7137,0.041135,14.509,8.833,6.6754,-0.89371,-4.0842,-1.401,-3.3605,-5.4564,4.3803,-5.4564,-3.3605,-1.401,-4.0842,-0.89371,6.6754,8.833,14.509,0.041135,1.7137,30.332,30.332,30.332,-31.563,-9.6487,11.715,15.311,26.607,19.13,2.57,-23.766,9.5001,63.752,-21.178,-21.178,63.752,9.5001,-23.766,2.57,19.13,26.607,15.311,11.715,-9.6487,-31.563,1.7137,-31.563,1.7137,-9.6487,-13.616,22.72,8.9036,11.256,-27.714,12.445,3.1105,-32.27,5.7626,52.389,5.7626,-32.27,3.1105,12.445,-27.714,11.256,8.9036,22.72,-13.616,-9.6487,0.041135,-9.6487,-9.6487,0.041135,11.715,22.72,0.61631,-20.56,-30.122,-9.8023,31.707,-58.931,-3.077,-60.2,-60.2,-3.077,-58.931,31.707,-9.8023,-30.122,-20.56,0.61631,22.72,11.715,14.509,11.715,-13.616,11.715,14.509,15.311,8.9036,-20.56,-95.575,27.219,30.373,55.402,-4.7659,45.856,34.027,45.856,-4.7659,55.402,30.373,27.219,-95.575,-20.56,8.9036,15.311,8.833,15.311,22.72,22.72,15.311,8.833,26.607,11.256,-30.122,27.219,15.565,55.283,-10.706,-60.565,37.884,37.884,-60.565,-10.706,55.283,15.565,27.219,-30.122,11.256,26.607,6.6754,26.607,8.9036,0.61631,8.9036,26.607,6.6754,19.13,-27.714,-9.8023,30.373,55.283,-8.7246,17.32,6.1905,11.853,6.1905,17.32,-8.7246,55.283,30.373,-9.8023,-27.714,19.13,-0.89371,19.13,11.256,-20.56,-20.56,11.256,19.13,-0.89371,2.57,12.445,31.707,55.402,-10.706,17.32,71.965,-41.815,-41.815,71.965,17.32,-10.706,55.402,31.707,12.445,2.57,-4.0842,2.57,-27.714,-30.122,-95.575,-30.122,-27.714,2.57,-4.0842,-23.766,3.1105,-58.931,-4.7659,-60.565,6.1905,-41.815,-69.455,-41.815,6.1905,-60.565,-4.7659,-58.931,3.1105,-23.766,-1.401,-23.766,12.445,-9.8023,27.219,27.219,-9.8023,12.445,-23.766,-1.401,9.5001,-32.27,-3.077,45.856,37.884,11.853,-41.815,-41.815,11.853,37.884,45.856,-3.077,-32.27,9.5001,-3.3605,9.5001,3.1105,31.707,30.373,15.565,30.373,31.707,3.1105,9.5001,-3.3605,63.752,5.7626,-60.2,34.027,37.884,6.1905,71.965,6.1905,37.884,34.027,-60.2,5.7626,63.752,-5.4564,63.752,-32.27,-58.931,55.402,55.283,55.283,55.402,-58.931,-32.27,63.752,-5.4564,-21.178,52.389,-60.2,45.856,-60.565,17.32,17.32,-60.565,45.856,-60.2,52.389,-21.178,4.3803,-21.178,5.7626,-3.077,-4.7659,-10.706,-8.7246,-10.706,-4.7659,-3.077,5.7626,-21.178,4.3803,-21.178,5.7626,-3.077,-4.7659,-10.706,-8.7246,-10.706,-4.7659,-3.077,5.7626,-21.178,-5.4564,-21.178,52.389,-60.2,45.856,-60.565,17.32,17.32,-60.565,45.856,-60.2,52.389,-21.178,-5.4564,63.752,-32.27,-58.931,55.402,55.283,55.283,55.402,-58.931,-32.27,63.752,-3.3605,63.752,5.7626,-60.2,34.027,37.884,6.1905,71.965,6.1905,37.884,34.027,-60.2,5.7626,63.752,-3.3605,9.5001,3.1105,31.707,30.373,15.565,30.373,31.707,3.1105,9.5001,-1.401,9.5001,-32.27,-3.077,45.856,37.884,11.853,-41.815,-41.815,11.853,37.884,45.856,-3.077,-32.27,9.5001,-1.401,-23.766,12.445,-9.8023,27.219,27.219,-9.8023,12.445,-23.766,-4.0842,-23.766,3.1105,-58.931,-4.7659,-60.565,6.1905,-41.815,-69.455,-41.815,6.1905,-60.565,-4.7659,-58.931,3.1105,-23.766,-4.0842,2.57,-27.714,-30.122,-95.575,-30.122,-27.714,2.57,-0.89371,2.57,12.445,31.707,55.402,-10.706,17.32,71.965,-41.815,-41.815,71.965,17.32,-10.706,55.402,31.707,12.445,2.57,-0.89371,19.13,11.256,-20.56,-20.56,11.256,19.13,6.6754,19.13,-27.714,-9.8023,30.373,55.283,-8.7246,17.32,6.1905,11.853,6.1905,17.32,-8.7246,55.283,30.373,-9.8023,-27.714,19.13,6.6754,26.607,8.9036,0.61631,8.9036,26.607,8.833,26.607,11.256,-30.122,27.219,15.565,55.283,-10.706,-60.565,37.884,37.884,-60.565,-10.706,55.283,15.565,27.219,-30.122,11.256,26.607,8.833,15.311,22.72,22.72,15.311,14.509,15.311,8.9036,-20.56,-95.575,27.219,30.373,55.402,-4.7659,45.856,34.027,45.856,-4.7659,55.402,30.373,27.219,-95.575,-20.56,8.9036,15.311,14.509,11.715,-13.616,11.715,0.041135,11.715,22.72,0.61631,-20.56,-30.122,-9.8023,31.707,-58.931,-3.077,-60.2,-60.2,-3.077,-58.931,31.707,-9.8023,-30.122,-20.56,0.61631,22.72,11.715,0.041135,-9.6487,-9.6487,1.7137,-9.6487,-13.616,22.72,8.9036,11.256,-27.714,12.445,3.1105,-32.27,5.7626,52.389,5.7626,-32.27,3.1105,12.445,-27.714,11.256,8.9036,22.72,-13.616,-9.6487,1.7137,-31.563,30.332,-31.563,-9.6487,11.715,15.311,26.607,19.13,2.57,-23.766,9.5001,63.752,-21.178,-21.178,63.752,9.5001,-23.766,2.57,19.13,26.607,15.311,11.715,-9.6487,-31.563,30.332
0,-1.5716e-16,-1.0347e-17,-5.1544e-17,2.1984e-16,5.473e-17,-1.1124e-16,3.7534e-17,-3.7748e-17,1.0944e-16,8.1567e-17,4.4571e-16,0,-4.4571e-16,-8.1567e-17,-1.0944e-16,3.7748e-17,-3.7534e-17,1.1124e-16,-5.473e-17,-2.1984e-16,5.1544e-17,1.0347e-17,1.5716e-16,1.5716e-16,0,11.208,14.746,12.595,38.806,24.223,3.8759,-3.0792,12.051,-6.8182,20.042,-3.4206,-3.4206,20.042,-6.8182,12.051,-3.0792,3.8759,24.223,38.806,12.595,14.746,11.208,1.0347e-17,-11.208,0,14.746,27.082,-12.597,11.374,19.29,-10.048,26.611,-65.294,43.434,6.1395,-77.171,6.1395,43.434,-65.294,26.611,-10.048,19.29,11.374,-12.597,27.082,14.746,5.1544e-17,-14.746,-14.746,0,12.595,-12.597,-13.129,-41.149,25.372,-12.363,-5.9481,19.405,-0.70721,-13.738,-13.738,-0.70721,19.405,-5.9481,-12.363,25.372,-41.149,-13.129,-12.597,12.595,-2.1984e-16,-12.595,-27.082,-12.595,0,38.806,11.374,-41.149,56.767,-8.9882,-4.1189,108.04,-13.043,-77.063,-73.424,-77.063,-13.043,108.04,-4.1189,-8.9882,56.767,-41.149,11.374,38.806,-5.473e-17,-38.806,12.597,12.597,-38.806,0,24.223,19.29,25.372,-8.9882,69.061,26.704,1.4479,23.12,-0.14915,-0.14915,23.12,1.4479,26.704,69.061,-8.9882,25.372,19.29,24.223,1.1124e-16,-24.223,-11.374,13.129,-11.374,-24.223,0,3.8759,-10.048,-12.363,-4.1189,26.704,0.64301,-51.539,35.825,-4.0785,35.825,-51.539,0.64301,26.704,-4.1189,-12.363,-10.048,3.8759,-3.7534e-17,-3.8759,-19.29,41.149,41.149,-19.29,-3.8759,0,-3.0792,26.611,-5.9481,108.04,1.4479,-51.539,12.032,-32.668,-32.668,12.032,-51.539,1.4479,108.04,-5.9481,26.611,-3.0792,3.7748e-17,3.0792,10.048,-25.372,-56.767,-25.372,10.048,3.0792,0,12.051,-65.294,19.405,-13.043,23.12,35.825,-32.668,-25.849,-32.668,35.825,23.12,-13.043,19.405,-65.294,12.051,-1.0944e-16,-12.051,-26.611,12.363,8.9882,8.9882,12.363,-26.611,-12.051,0,-6.8182,43.434,-0.70721,-77.063,-0.14915,-4.0785,-32.668,-32.668,-4.0785,-0.14915,-77.063,-0.70721,43.434,-6.8182,-8.1567e-17,6.8182,65.294,5.9481,4.1189,-69.061,4.1189,5.9481,65.294,6.8182,0,20.042,6.1395,-13.738,-73.424,-0.14915,35.825,12.032,35.825,-0.14915,-73.424,-13.738,6.1395,20.042,-4.4571e-16,-20.042,-43.434,-19.405,-108.04,-26.704,-26.704,-108.04,-19.405,-43.434,-20.042,0,-3.4206,-77.171,-13.738,-77.063,23.12,-51.539,-51.539,23.12,-77.063,-13.738,-77.171,-3.4206,0,3.4206,-6.1395,0.70721,13.043,-1.4479,-0.64301,-1.4479,13.043,0.70721,-6.1395,3.4206,0,-3.4206,6.1395,-0.70721,-13.043,1.4479,0.64301,1.4479,-13.043,-0.70721,6.1395,-3.4206,4.4571e-16,3.4206,77.171,13.738,77.063,-23.12,51.539,51.539,-23.12,77.063,13.738,77.171,3.4206,0,20.042,43.434,19.405,108.04,26.704,26.704,108.04,19.405,43.434,20.042,8.1567e-17,-20.042,-6.1395,13.738,73.424,0.14915,-35.825,-12.032,-35.825,0.14915,73.424,13.738,-6.1395,-20.042,0,-6.8182,-65.294,-5.9481,-4.1189,69.061,-4.1189,-5.9481,-65.294,-6.8182,1.0944e-16,6.8182,-43.434,0.70721,77.063,0.14915,4.0785,32.668,32.668,4.0785,0.14915,77.063,0.70721,-43.434,6.8182,0,12.051,26.611,-12.363,-8.9882,-8.9882,-12.363,26.611,12.051,-3.7748e-17,-12.051,65.294,-19.405,13.043,-23.12,-35.825,32.668,25.849,32.668,-35.825,-23.12,13.043,-19.405,65.294,-12.051,0,-3.0792,-10.048,25.372,56.767,25.372,-10.048,-3.0792,3.7534e-17,3.0792,-26.611,5.9481,-108.04,-1.4479,51.539,-12.032,32.668,32.668,-12.032,51.539,-1.4479,-108.04,5.9481,-26.611,3.0792,0,3.8759,19.29,-41.149,-41.149,19.29,3.8759,-1.1124e-16,-3.8759,10.048,12.363,4.1189,-26.704,-0.64301,51.539,-35.825,4.0785,-35.825,51.539,-0.64301,-26.704,4.1189,12.363,10.048,-3.8759,0,24.223,11.374,-13.129,11.374,24.223,5.473e-17,-24.223,-19.29,-25.372,8.9882,-69.061,-26.704,-1.4479,-23.12,0.14915,0.14915,-23.12,-1.4479,-26.704,-69.061,8.9882,-25.372,-19.29,-24.223,0,38.806,-12.597,-12.597,38.806,2.1984e-16,-38.806,-11.374,41.149,-56.767,8.9882,4.1189,-108.04,13.043,77.063,73.424,77.063,13.043,-108.04,4.1189,8.9882,-56.767,41.149,-11.374,-38.806,0,12.595,27.082,12.595,-5.1544e-17,-12.595,12.597,13.129,41.149,-25.372,12.363,5.9481,-19.405,0.70721,13.738,13.738,0.70721,-19.405,5.9481,12.363,-25.372,41.149,13.129,12.597,-12.595,0,14.746,14.746,-1.0347e-17,-14.746,-27.082,12.597,-11.374,-19.29,10.048,-26.611,65.294,-43.434,-6.1395,77.171,-6.1395,-43.434,65.294,-26.611,10.048,-19.29,-11.374,12.597,-27.082,-14.746,0,11.208,-1.5716e-16,-11.208,-14.746,-12.595,-38.806,-24.223,-3.8759,3.0792,-12.051,6.8182,-20.042,3.4206,3.4206,-20.042,6.8182,-12.051,3.0792,-3.8759,-24.223,-38.806,-12.595,-14.746,-11.208,0
