-192.07,-19.836,-272.55,-135.17,-212.52,-96.352,-125.64,-510.96,-238.3,-77.278,-240.25,-5.0027,-121.23,-5.0027,-240.25,-77.278,-238.3,-510.96,-125.64,-96.352,-212.52,-135.17,-272.55,-19.836,-19.836,-19.836,12.146,-3.4381,15.241,6.5049,-2.7119,8.6243,-39.036,-25.613,6.727,-6.9655,4.176,4.176,-6.9655,6.727,-25.613,-39.036,8.6243,-2.7119,6.5049,15.241,-3.4381,12.146,-272.55,12.146,-272.55,-3.4381,-135.59,-25.667,1.932,22.878,91.734,-18.746,-0.52727,-19.743,149.24,0.12891,149.24,-19.743,-0.52727,-18.746,91.734,22.878,1.932,-25.667,-135.59,-3.4381,-135.17,-3.4381,-3.4381,-135.17,15.241,-25.667,-79.018,-153.49,96.863,-15.997,-68.742,7.8265,51.509,-24.04,-24.04,51.509,7.8265,-68.742,-15.997,96.863,-153.49,-79.018,-25.667,15.241,-212.52,15.241,-135.59,15.241,-212.52,6.5049,1.932,-153.49,-232.45,-46.46,-125.41,-31.28,-153.84,-10.426,-110.99,-10.426,-153.84,-31.28,-125.41,-46.46,-232.45,-153.49,1.932,6.5049,-96.352,6.5049,-25.667,-25.667,6.5049,-96.352,-2.7119,22.878,96.863,-46.46,103.28,12.367,28.955,-23.68,6.1896,6.1896,-23.68,28.955,12.367,103.28,-46.46,96.863,22.878,-2.7119,-125.64,-2.7119,1.932,-79.018,1.932,-2.7119,-125.64,8.6243,91.734,-15.997,-125.41,12.367,40.168,-35.337,-105.39,-35.884,-105.39,-35.337,40.168,12.367,-125.41,-15.997,91.734,8.6243,-510.96,8.6243,22.878,-153.49,-153.49,22.878,8.6243,-510.96,-39.036,-18.746,-68.742,-31.28,28.955,-35.337,-52.834,17.166,17.166,-52.834,-35.337,28.955,-31.28,-68.742,-18.746,-39.036,-238.3,-39.036,91.734,96.863,-232.45,96.863,91.734,-39.036,-238.3,-25.613,-0.52727,7.8265,-153.84,-23.68,-105.39,17.166,-201.02,17.166,-105.39,-23.68,-153.84,7.8265,-0.52727,-25.613,-77.278,-25.613,-18.746,-15.997,-46.46,-46.46,-15.997,-18.746,-25.613,-77.278,6.727,-19.743,51.509,-10.426,6.1896,-35.884,17.166,17.166,-35.884,6.1896,-10.426,51.509,-19.743,6.727,-240.25,6.727,-0.52727,-68.742,-125.41,103.28,-125.41,-68.742,-0.52727,6.727,-240.25,-6.9655,149.24,-24.04,-110.99,6.1896,-105.39,-52.834,-105.39,6.1896,-110.99,-24.04,149.24,-6.9655,-5.0027,-6.9655,-19.743,7.8265,-31.28,12.367,12.367,-31.28,7.8265,-19.743,-6.9655,-5.0027,4.176,0.12891,-24.04,-10.426,-23.68,-35.337,-35.337,-23.68,-10.426,-24.04,0.12891,4.176,-121.23,4.176,149.24,51.509,-153.84,28.955,40.168,28.955,-153.84,51.509,149.24,4.176,-121.23,4.176,149.24,51.509,-153.84,28.955,40.168,28.955,-153.84,51.509,149.24,4.176,-5.0027,4.176,0.12891,-24.04,-10.426,-23.68,-35.337,-35.337,-23.68,-10.426,-24.04,0.12891,4.176,-5.0027,-6.9655,-19.743,7.8265,-31.28,12.367,12.367,-31.28,7.8265,-19.743,-6.9655,-240.25,-6.9655,149.24,-24.04,-110.99,6.1896,-105.39,-52.834,-105.39,6.1896,-110.99,-24.04,149.24,-6.9655,-240.25,6.727,-0.52727,-68.742,-125.41,103.28,-125.41,-68.742,-0.52727,6.727,-77.278,6.727,-19.743,51.509,-10.426,6.1896,-35.884,17.166,17.166,-35.884,6.1896,-10.426,51.509,-19.743,6.727,-77.278,-25.613,-18.746,-15.997,-46.46,-46.46,-15.997,-18.746,-25.613,-238.3,-25.613,-0.52727,7.8265,-153.84,-23.68,-105.39,17.166,-201.02,17.166,-105.39,-23.68,-153.84,7.8265,-0.52727,-25.613,-238.3,-39.036,91.734,96.863,-232.45,96.863,91.734,-39.036,-510.96,-39.036,-18.746,-68.742,-31.28,28.955,-35.337,-52.834,17.166,17.166,-52.834,-35.337,28.955,-31.28,-68.742,-18.746,-39.036,-510.96,8.6243,22.878,-153.49,-153.49,22.878,8.6243,-125.64,8.6243,91.734,-15.997,-125.41,12.367,40.168,-35.337,-105.39,-35.884,-105.39,-35.337,40.168,12.367,-125.41,-15.997,91.734,8.6243,-125.64,-2.7119,1.932,-79.018,1.932,-2.7119,-96.352,-2.7119,22.878,96.863,-46.46,103.28,12.367,28.955,-23.68,6.1896,6.1896,-23.68,28.955,12.367,103.28,-46.46,96.863,22.878,-2.7119,-96.352,6.5049,-25.667,-25.667,6.5049,-212.52,6.5049,1.932,-153.49,-232.45,-46.46,-125.41,-31.28,-153.84,-10.426,-110.99,-10.426,-153.84,-31.28,-125.41,-46.46,-232.45,-153.49,1.932,6.5049,-212.52,15.241,-135.59,15.241,-135.17,15.241,-25.667,-79.018,-153.49,96.863,-15.997,-68.742,7.8265,51.509,-24.04,-24.04,51.509,7.8265,-68.742,-15.997,96.863,-153.49,-79.018,-25.667,15.241,-135.17,-3.4381,-3.4381,-272.55,-3.4381,-135.59,-25.667,1.932,22.878,91.734,-18.746,-0.52727,-19.743,149.24,0.12891,149.24,-19.743,-0.52727,-18.746,91.734,22.878,1.932,-25.667,-135.59,-3.4381,-272.55,12.146,-19.836,12.146,-3.4381,15.241,6.5049,-2.7119,8.6243,-39.036,-25.613,6.727,-6.9655,4.176,4.176,-6.9655,6.727,-25.613,-39.036,8.6243,-2.7119,6.5049,15.241,-3.4381,12.146,-19.836
0,1.4563e-16,4.09e-15,8.7628e-16,-8.5893e-16,-1.2697e-15,0,1.4247e-15,-4.5784e-15,-1.1887e-15,5.3139e-15,1.0013e-17,0,-1.0013e-17,-5.3139e-15,1.1887e-15,4.5784e-15,-1.4247e-15,0,1.2697e-15,8.5893e-16,-8.7628e-16,-4.09e-15,-1.4563e-16,-1.4563e-16,0,-7.107,-34.362,-22.578,14.47,-24.29,-61.718,-50.847,13.773,-4.8938,0.53387,0.73342,0.73342,0.53387,-4.8938,13.773,-50.847,-61.718,-24.29,14.47,-22.578,-34.362,-7.107,-4.09e-15,7.107,0,-34.362,-147.14,26.765,191.71,-87.441,-93.153,102.29,113.67,6.4025,24.562,3.5155,24.562,6.4025,113.67,102.29,-93.153,-87.441,191.71,26.765,-147.14,-34.362,-8.7628e-16,34.362,34.362,0,-22.578,26.765,24.815,68.022,73.074,-36.794,207.35,19.96,11.785,-14.658,-14.658,11.785,19.96,207.35,-36.794,73.074,68.022,24.815,26.765,-22.578,8.5893e-16,22.578,147.14,22.578,0,14.47,191.71,68.022,-66.797,-69.206,73.109,29.522,-92.253,9.7065,23.222,9.7065,-92.253,29.522,73.109,-69.206,-66.797,68.022,191.71,14.47,1.2697e-15,-14.47,-26.765,-26.765,-14.47,0,-24.29,-87.441,73.074,-69.206,12.516,-7.586,145.18,2.103,-16.708,-16.708,2.103,145.18,-7.586,12.516,-69.206,73.074,-87.441,-24.29,0,24.29,-191.71,-24.815,-191.71,24.29,0,-61.718,-93.153,-36.794,73.109,-7.586,113.37,8.6305,142.62,-35.263,142.62,8.6305,113.37,-7.586,73.109,-36.794,-93.153,-61.718,-1.4247e-15,61.718,87.441,-68.022,-68.022,87.441,61.718,0,-50.847,102.29,207.35,29.522,145.18,8.6305,194.48,116.1,116.1,194.48,8.6305,145.18,29.522,207.35,102.29,-50.847,4.5784e-15,50.847,93.153,-73.074,66.797,-73.074,93.153,50.847,0,13.773,113.67,19.96,-92.253,2.103,142.62,116.1,-154.01,116.1,142.62,2.103,-92.253,19.96,113.67,13.773,1.1887e-15,-13.773,-102.29,36.794,69.206,69.206,36.794,-102.29,-13.773,0,-4.8938,6.4025,11.785,9.7065,-16.708,-35.263,116.1,116.1,-35.263,-16.708,9.7065,11.785,6.4025,-4.8938,-5.3139e-15,4.8938,-113.67,-207.35,-73.109,-12.516,-73.109,-207.35,-113.67,4.8938,0,0.53387,24.562,-14.658,23.222,-16.708,142.62,194.48,142.62,-16.708,23.222,-14.658,24.562,0.53387,-1.0013e-17,-0.53387,-6.4025,-19.96,-29.522,7.586,7.586,-29.522,-19.96,-6.4025,-0.53387,0,0.73342,3.5155,-14.658,9.7065,2.103,8.6305,8.6305,2.103,9.7065,-14.658,3.5155,0.73342,0,-0.73342,-24.562,-11.785,92.253,-145.18,-113.37,-145.18,92.253,-11.785,-24.562,-0.73342,0,0.73342,24.562,11.785,-92.253,145.18,113.37,145.18,-92.253,11.785,24.562,0.73342,1.0013e-17,-0.73342,-3.5155,14.658,-9.7065,-2.103,-8.6305,-8.6305,-2.103,-9.7065,14.658,-3.5155,-0.73342,0,0.53387,6.4025,19.96,29.522,-7.586,-7.586,29.522,19.96,6.4025,0.53387,5.3139e-15,-0.53387,-24.562,14.658,-23.222,16.708,-142.62,-194.48,-142.62,16.708,-23.222,14.658,-24.562,-0.53387,0,-4.8938,113.67,207.35,73.109,12.516,73.109,207.35,113.67,-4.8938,-1.1887e-15,4.8938,-6.4025,-11.785,-9.7065,16.708,35.263,-116.1,-116.1,35.263,16.708,-9.7065,-11.785,-6.4025,4.8938,0,13.773,102.29,-36.794,-69.206,-69.206,-36.794,102.29,13.773,-4.5784e-15,-13.773,-113.67,-19.96,92.253,-2.103,-142.62,-116.1,154.01,-116.1,-142.62,-2.103,92.253,-19.96,-113.67,-13.773,0,-50.847,-93.153,73.074,-66.797,73.074,-93.153,-50.847,1.4247e-15,50.847,-102.29,-207.35,-29.522,-145.18,-8.6305,-194.48,-116.1,-116.1,-194.48,-8.6305,-145.18,-29.522,-207.35,-102.29,50.847,0,-61.718,-87.441,68.022,68.022,-87.441,-61.718,0,61.718,93.153,36.794,-73.109,7.586,-113.37,-8.6305,-142.62,35.263,-142.62,-8.6305,-113.37,7.586,-73.109,36.794,93.153,61.718,0,-24.29,191.71,24.815,191.71,-24.29,-1.2697e-15,24.29,87.441,-73.074,69.206,-12.516,7.586,-145.18,-2.103,16.708,16.708,-2.103,-145.18,7.586,-12.516,69.206,-73.074,87.441,24.29,0,14.47,26.765,26.765,14.47,-8.5893e-16,-14.47,-191.71,-68.022,66.797,69.206,-73.109,-29.522,92.253,-9.7065,-23.222,-9.7065,92.253,-29.522,-73.109,69.206,66.797,-68.022,-191.71,-14.47,0,-22.578,-147.14,-22.578,8.7628e-16,22.578,-26.765,-24.815,-68.022,-73.074,36.794,-207.35,-19.96,-11.785,14.658,14.658,-11.785,-19.96,-207.35,36.794,-73.074,-68.022,-24.815,-26.765,22.578,0,-34.362,-34.362,4.09e-15,34.362,147.14,-26.765,-191.71,87.441,93.153,-102.29,-113.67,-6.4025,-24.562,-3.5155,-24.562,-6.4025,-113.67,-102.29,93.153,87.441,-191.71,-26.765,147.14,34.362,0,-7.107,1.4563e-16,7.107,34.362,22.578,-14.47,24.29,61.718,50.847,-13.773,4.8938,-0.53387,-0.73342,-0.73342,-0.53387,4.8938,-13.773,50.847,61.718,24.29,-14.47,22.578,34.362,7.107,0
