1707.6,95.428,376.49,480.49,22.241,559.21,453.6,257.42,92.771,978.23,237.8,34.616,275.97,34.616,237.8,978.23,92.771,257.42,453.6,559.21,22.241,480.49,376.49,95.428,95.428,95.428,-14.81,28.795,-85.846,7.8766,-84.002,47.61,9.5993,16.689,-272.41,2.0443,-8.8622,-8.8622,2.0443,-272.41,16.689,9.5993,47.61,-84.002,7.8766,-85.846,28.795,-14.81,376.49,-14.81,376.49,28.795,-89.065,170.84,65.285,11.775,129.48,68.136,127.59,22.488,10.31,-4.2632,10.31,22.488,127.59,68.136,129.48,11.775,65.285,170.84,-89.065,28.795,480.49,28.795,28.795,480.49,-85.846,170.84,-99.056,70.872,80.061,65.667,168.13,-29.902,220.5,34.813,34.813,220.5,-29.902,168.13,65.667,80.061,70.872,-99.056,170.84,-85.846,22.241,-85.846,-89.065,-85.846,22.241,7.8766,65.285,70.872,-49.559,-176.63,-53.041,21.993,-4.6268,-38.068,-147.85,-38.068,-4.6268,21.993,-53.041,-176.63,-49.559,70.872,65.285,7.8766,559.21,7.8766,170.84,170.84,7.8766,559.21,-84.002,11.775,80.061,-176.63,257.26,-61.13,-154.42,-6.2023,-411.14,-411.14,-6.2023,-154.42,-61.13,257.26,-176.63,80.061,11.775,-84.002,453.6,-84.002,65.285,-99.056,65.285,-84.002,453.6,47.61,129.48,65.667,-53.041,-61.13,-106.1,-49.648,106.94,-495.46,106.94,-49.648,-106.1,-61.13,-53.041,65.667,129.48,47.61,257.42,47.61,11.775,70.872,70.872,11.775,47.61,257.42,9.5993,68.136,168.13,21.993,-154.42,-49.648,112.5,-24.795,-24.795,112.5,-49.648,-154.42,21.993,168.13,68.136,9.5993,92.771,9.5993,129.48,80.061,-49.559,80.061,129.48,9.5993,92.771,16.689,127.59,-29.902,-4.6268,-6.2023,106.94,-24.795,11.615,-24.795,106.94,-6.2023,-4.6268,-29.902,127.59,16.689,978.23,16.689,68.136,65.667,-176.63,-176.63,65.667,68.136,16.689,978.23,-272.41,22.488,220.5,-38.068,-411.14,-495.46,-24.795,-24.795,-495.46,-411.14,-38.068,220.5,22.488,-272.41,237.8,-272.41,127.59,168.13,-53.041,257.26,-53.041,168.13,127.59,-272.41,237.8,2.0443,10.31,34.813,-147.85,-411.14,106.94,112.5,106.94,-411.14,-147.85,34.813,10.31,2.0443,34.616,2.0443,22.488,-29.902,21.993,-61.13,-61.13,21.993,-29.902,22.488,2.0443,34.616,-8.8622,-4.2632,34.813,-38.068,-6.2023,-49.648,-49.648,-6.2023,-38.068,34.813,-4.2632,-8.8622,275.97,-8.8622,10.31,220.5,-4.6268,-154.42,-106.1,-154.42,-4.6268,220.5,10.31,-8.8622,275.97,-8.8622,10.31,220.5,-4.6268,-154.42,-106.1,-154.42,-4.6268,220.5,10.31,-8.8622,34.616,-8.8622,-4.2632,34.813,-38.068,-6.2023,-49.648,-49.648,-6.2023,-38.068,34.813,-4.2632,-8.8622,34.616,2.0443,22.488,-29.902,21.993,-61.13,-61.13,21.993,-29.902,22.488,2.0443,237.8,2.0443,10.31,34.813,-147.85,-411.14,106.94,112.5,106.94,-411.14,-147.85,34.813,10.31,2.0443,237.8,-272.41,127.59,168.13,-53.041,257.26,-53.041,168.13,127.59,-272.41,978.23,-272.41,22.488,220.5,-38.068,-411.14,-495.46,-24.795,-24.795,-495.46,-411.14,-38.068,220.5,22.488,-272.41,978.23,16.689,68.136,65.667,-176.63,-176.63,65.667,68.136,16.689,92.771,16.689,127.59,-29.902,-4.6268,-6.2023,106.94,-24.795,11.615,-24.795,106.94,-6.2023,-4.6268,-29.902,127.59,16.689,92.771,9.5993,129.48,80.061,-49.559,80.061,129.48,9.5993,257.42,9.5993,68.136,168.13,21.993,-154.42,-49.648,112.5,-24.795,-24.795,112.5,-49.648,-154.42,21.993,168.13,68.136,9.5993,257.42,47.61,11.775,70.872,70.872,11.775,47.61,453.6,47.61,129.48,65.667,-53.041,-61.13,-106.1,-49.648,106.94,-495.46,106.94,-49.648,-106.1,-61.13,-53.041,65.667,129.48,47.61,453.6,-84.002,65.285,-99.056,65.285,-84.002,559.21,-84.002,11.775,80.061,-176.63,257.26,-61.13,-154.42,-6.2023,-411.14,-411.14,-6.2023,-154.42,-61.13,257.26,-176.63,80.061,11.775,-84.002,559.21,7.8766,170.84,170.84,7.8766,22.241,7.8766,65.285,70.872,-49.559,-176.63,-53.041,21.993,-4.6268,-38.068,-147.85,-38.068,-4.6268,21.993,-53.041,-176.63,-49.559,70.872,65.285,7.8766,22.241,-85.846,-89.065,-85.846,480.49,-85.846,170.84,-99.056,70.872,80.061,65.667,168.13,-29.902,220.5,34.813,34.813,220.5,-29.902,168.13,65.667,80.061,70.872,-99.056,170.84,-85.846,480.49,28.795,28.795,376.49,28.795,-89.065,170.84,65.285,11.775,129.48,68.136,127.59,22.488,10.31,-4.2632,10.31,22.488,127.59,68.136,129.48,11.775,65.285,170.84,-89.065,28.795,376.49,-14.81,95.428,-14.81,28.795,-85.846,7.8766,-84.002,47.61,9.5993,16.689,-272.41,2.0443,-8.8622,-8.8622,2.0443,-272.41,16.689,9.5993,47.61,-84.002,7.8766,-85.846,28.795,-14.81,95.428
0,2.2856e-15,6.962e-15,6.463e-16,1.3424e-15,-3.6908e-17,-4.672e-15,8.1013e-16,1.4262e-15,-2.0487e-14,7.0723e-15,-1.0514e-15,0,1.0514e-15,-7.0723e-15,2.0487e-14,-1.4262e-15,-8.1013e-16,4.672e-15,3.6908e-17,-1.3424e-15,-6.463e-16,-6.962e-15,-2.2856e-15,-2.2856e-15,0,-11.923,106.34,-12.909,-49.945,109.55,99.781,31.575,-4.3641,174.86,-22.194,28.461,28.461,-22.194,174.86,-4.3641,31.575,99.781,109.55,-49.945,-12.909,106.34,-11.923,-6.962e-15,11.923,0,106.34,124.46,208.32,-59.114,207.36,-18.655,-199.61,107.76,-99.436,-197.63,16.722,-197.63,-99.436,107.76,-199.61,-18.655,207.36,-59.114,208.32,124.46,106.34,-6.463e-16,-106.34,-106.34,0,-12.909,208.32,231.93,-23.518,119.06,-373.76,-54.54,-16.094,-202.83,-51.052,-51.052,-202.83,-16.094,-54.54,-373.76,119.06,-23.518,231.93,208.32,-12.909,-1.3424e-15,12.909,-124.46,12.909,0,-49.945,-59.114,-23.518,93.728,-15.192,-29.862,9.5366,19.114,-38.439,177.2,-38.439,19.114,9.5366,-29.862,-15.192,93.728,-23.518,-59.114,-49.945,3.6908e-17,49.945,-208.32,-208.32,49.945,0,109.55,207.36,119.06,-15.192,51.616,38.712,-32.774,-37.865,64.752,64.752,-37.865,-32.774,38.712,51.616,-15.192,119.06,207.36,109.55,4.672e-15,-109.55,59.114,-231.93,59.114,-109.55,0,99.781,-18.655,-373.76,-29.862,38.712,151.6,10.749,77.56,150.66,77.56,10.749,151.6,38.712,-29.862,-373.76,-18.655,99.781,-8.1013e-16,-99.781,-207.36,23.518,23.518,-207.36,-99.781,0,31.575,-199.61,-54.54,9.5366,-32.774,10.749,68.632,186.76,186.76,68.632,10.749,-32.774,9.5366,-54.54,-199.61,31.575,-1.4262e-15,-31.575,18.655,-119.06,-93.728,-119.06,18.655,-31.575,0,-4.3641,107.76,-16.094,19.114,-37.865,77.56,186.76,57.06,186.76,77.56,-37.865,19.114,-16.094,107.76,-4.3641,2.0487e-14,4.3641,199.61,373.76,15.192,15.192,373.76,199.61,4.3641,0,174.86,-99.436,-202.83,-38.439,64.752,150.66,186.76,186.76,150.66,64.752,-38.439,-202.83,-99.436,174.86,-7.0723e-15,-174.86,-107.76,54.54,29.862,-51.616,29.862,54.54,-107.76,-174.86,0,-22.194,-197.63,-51.052,177.2,64.752,77.56,68.632,77.56,64.752,177.2,-51.052,-197.63,-22.194,1.0514e-15,22.194,99.436,16.094,-9.5366,-38.712,-38.712,-9.5366,16.094,99.436,22.194,0,28.461,16.722,-51.052,-38.439,-37.865,10.749,10.749,-37.865,-38.439,-51.052,16.722,28.461,0,-28.461,197.63,202.83,-19.114,32.774,-151.6,32.774,-19.114,202.83,197.63,-28.461,0,28.461,-197.63,-202.83,19.114,-32.774,151.6,-32.774,19.114,-202.83,-197.63,28.461,-1.0514e-15,-28.461,-16.722,51.052,38.439,37.865,-10.749,-10.749,37.865,38.439,51.052,-16.722,-28.461,0,-22.194,-99.436,-16.094,9.5366,38.712,38.712,9.5366,-16.094,-99.436,-22.194,7.0723e-15,22.194,197.63,51.052,-177.2,-64.752,-77.56,-68.632,-77.56,-64.752,-177.2,51.052,197.63,22.194,0,174.86,107.76,-54.54,-29.862,51.616,-29.862,-54.54,107.76,174.86,-2.0487e-14,-174.86,99.436,202.83,38.439,-64.752,-150.66,-186.76,-186.76,-150.66,-64.752,38.439,202.83,99.436,-174.86,0,-4.3641,-199.61,-373.76,-15.192,-15.192,-373.76,-199.61,-4.3641,1.4262e-15,4.3641,-107.76,16.094,-19.114,37.865,-77.56,-186.76,-57.06,-186.76,-77.56,37.865,-19.114,16.094,-107.76,4.3641,0,31.575,-18.655,119.06,93.728,119.06,-18.655,31.575,8.1013e-16,-31.575,199.61,54.54,-9.5366,32.774,-10.749,-68.632,-186.76,-186.76,-68.632,-10.749,32.774,-9.5366,54.54,199.61,-31.575,0,99.781,207.36,-23.518,-23.518,207.36,99.781,-4.672e-15,-99.781,18.655,373.76,29.862,-38.712,-151.6,-10.749,-77.56,-150.66,-77.56,-10.749,-151.6,-38.712,29.862,373.76,18.655,-99.781,0,109.55,-59.114,231.93,-59.114,109.55,-3.6908e-17,-109.55,-207.36,-119.06,15.192,-51.616,-38.712,32.774,37.865,-64.752,-64.752,37.865,32.774,-38.712,-51.616,15.192,-119.06,-207.36,-109.55,0,-49.945,208.32,208.32,-49.945,1.3424e-15,49.945,59.114,23.518,-93.728,15.192,29.862,-9.5366,-19.114,38.439,-177.2,38.439,-19.114,-9.5366,29.862,15.192,-93.728,23.518,59.114,49.945,0,-12.909,124.46,-12.909,6.463e-16,12.909,-208.32,-231.93,23.518,-119.06,373.76,54.54,16.094,202.83,51.052,51.052,202.83,16.094,54.54,373.76,-119.06,23.518,-231.93,-208.32,12.909,0,106.34,106.34,6.962e-15,-106.34,-124.46,-208.32,59.114,-207.36,18.655,199.61,-107.76,99.436,197.63,-16.722,197.63,99.436,-107.76,199.61,18.655,-207.36,59.114,-208.32,-124.46,-106.34,0,-11.923,2.2856e-15,11.923,-106.34,12.909,49.945,-109.55,-99.781,-31.575,4.3641,-174.86,22.194,-28.461,-28.461,22.194,-174.86,4.3641,-31.575,-99.781,-109.55,49.945,12.909,-106.34,11.923,0
