304.68,32.697,126.59,-67.029,-57.726,50.452,39.842,-11.426,1.1959,-7.6958,2.7462,4.9071,541.76,4.9071,2.7462,-7.6958,1.1959,-11.426,39.842,50.452,-57.726,-67.029,126.59,32.697,32.697,32.697,-33.085,84.003,48.641,5.4086,15.488,0.49839,-21.638,9.9437,3.0435,10.773,-88.667,-88.667,10.773,3.0435,9.9437,-21.638,0.49839,15.488,5.4086,48.641,84.003,-33.085,126.59,-33.085,126.59,84.003,73.102,-14.044,34.244,19.137,-19.842,17.464,-28.643,40.035,24.951,-126.04,24.951,40.035,-28.643,17.464,-19.842,19.137,34.244,-14.044,73.102,84.003,-67.029,84.003,84.003,-67.029,48.641,-14.044,-3.9077,37.855,-26.876,8.5752,9.0942,-133.9,11.165,-19.225,-19.225,11.165,-133.9,9.0942,8.5752,-26.876,37.855,-3.9077,-14.044,48.641,-57.726,48.641,73.102,48.641,-57.726,5.4086,34.244,37.855,-137.13,9.3725,4.6034,-0.73525,100.06,-7.3725,-0.10993,-7.3725,100.06,-0.73525,4.6034,9.3725,-137.13,37.855,34.244,5.4086,50.452,5.4086,-14.044,-14.044,5.4086,50.452,15.488,19.137,-26.876,9.3725,-4.7351,-16.664,-28.697,-20.657,0.53612,0.53612,-20.657,-28.697,-16.664,-4.7351,9.3725,-26.876,19.137,15.488,39.842,15.488,34.244,-3.9077,34.244,15.488,39.842,0.49839,-19.842,8.5752,4.6034,-16.664,53.643,7.7202,-0.047416,-0.94296,-0.047416,7.7202,53.643,-16.664,4.6034,8.5752,-19.842,0.49839,-11.426,0.49839,19.137,37.855,37.855,19.137,0.49839,-11.426,-21.638,17.464,9.0942,-0.73525,-28.697,7.7202,3.2355,-20.834,-20.834,3.2355,7.7202,-28.697,-0.73525,9.0942,17.464,-21.638,1.1959,-21.638,-19.842,-26.876,-137.13,-26.876,-19.842,-21.638,1.1959,9.9437,-28.643,-133.9,100.06,-20.657,-0.047416,-20.834,10.716,-20.834,-0.047416,-20.657,100.06,-133.9,-28.643,9.9437,-7.6958,9.9437,17.464,8.5752,9.3725,9.3725,8.5752,17.464,9.9437,-7.6958,3.0435,40.035,11.165,-7.3725,0.53612,-0.94296,-20.834,-20.834,-0.94296,0.53612,-7.3725,11.165,40.035,3.0435,2.7462,3.0435,-28.643,9.0942,4.6034,-4.7351,4.6034,9.0942,-28.643,3.0435,2.7462,10.773,24.951,-19.225,-0.10993,0.53612,-0.047416,3.2355,-0.047416,0.53612,-0.10993,-19.225,24.951,10.773,4.9071,10.773,40.035,-133.9,-0.73525,-16.664,-16.664,-0.73525,-133.9,40.035,10.773,4.9071,-88.667,-126.04,-19.225,-7.3725,-20.657,7.7202,7.7202,-20.657,-7.3725,-19.225,-126.04,-88.667,541.76,-88.667,24.951,11.165,100.06,-28.697,53.643,-28.697,100.06,11.165,24.951,-88.667,541.76,-88.667,24.951,11.165,100.06,-28.697,53.643,-28.697,100.06,11.165,24.951,-88.667,4.9071,-88.667,-126.04,-19.225,-7.3725,-20.657,7.7202,7.7202,-20.657,-7.3725,-19.225,-126.04,-88.667,4.9071,10.773,40.035,-133.9,-0.73525,-16.664,-16.664,-0.73525,-133.9,40.035,10.773,2.7462,10.773,24.951,-19.225,-0.10993,0.53612,-0.047416,3.2355,-0.047416,0.53612,-0.10993,-19.225,24.951,10.773,2.7462,3.0435,-28.643,9.0942,4.6034,-4.7351,4.6034,9.0942,-28.643,3.0435,-7.6958,3.0435,40.035,11.165,-7.3725,0.53612,-0.94296,-20.834,-20.834,-0.94296,0.53612,-7.3725,11.165,40.035,3.0435,-7.6958,9.9437,17.464,8.5752,9.3725,9.3725,8.5752,17.464,9.9437,1.1959,9.9437,-28.643,-133.9,100.06,-20.657,-0.047416,-20.834,10.716,-20.834,-0.047416,-20.657,100.06,-133.9,-28.643,9.9437,1.1959,-21.638,-19.842,-26.876,-137.13,-26.876,-19.842,-21.638,-11.426,-21.638,17.464,9.0942,-0.73525,-28.697,7.7202,3.2355,-20.834,-20.834,3.2355,7.7202,-28.697,-0.73525,9.0942,17.464,-21.638,-11.426,0.49839,19.137,37.855,37.855,19.137,0.49839,39.842,0.49839,-19.842,8.5752,4.6034,-16.664,53.643,7.7202,-0.047416,-0.94296,-0.047416,7.7202,53.643,-16.664,4.6034,8.5752,-19.842,0.49839,39.842,15.488,34.244,-3.9077,34.244,15.488,50.452,15.488,19.137,-26.876,9.3725,-4.7351,-16.664,-28.697,-20.657,0.53612,0.53612,-20.657,-28.697,-16.664,-4.7351,9.3725,-26.876,19.137,15.488,50.452,5.4086,-14.044,-14.044,5.4086,-57.726,5.4086,34.244,37.855,-137.13,9.3725,4.6034,-0.73525,100.06,-7.3725,-0.10993,-7.3725,100.06,-0.73525,4.6034,9.3725,-137.13,37.855,34.244,5.4086,-57.726,48.641,73.102,48.641,-67.029,48.641,-14.044,-3.9077,37.855,-26.876,8.5752,9.0942,-133.9,11.165,-19.225,-19.225,11.165,-133.9,9.0942,8.5752,-26.876,37.855,-3.9077,-14.044,48.641,-67.029,84.003,84.003,126.59,84.003,73.102,-14.044,34.244,19.137,-19.842,17.464,-28.643,40.035,24.951,-126.04,24.951,40.035,-28.643,17.464,-19.842,19.137,34.244,-14.044,73.102,84.003,126.59,-33.085,32.697,-33.085,84.003,48.641,5.4086,15.488,0.49839,-21.638,9.9437,3.0435,10.773,-88.667,-88.667,10.773,3.0435,9.9437,-21.638,0.49839,15.488,5.4086,48.641,84.003,-33.085,32.697
0,-1.4788e-16,-2.9456e-16,-2.576e-15,1.33e-15,1.032e-15,-1.4657e-16,4.7422e-17,-8.2718e-16,3.767e-17,4.6662e-17,-2.7207e-16,0,2.7207e-16,-4.6662e-17,-3.767e-17,8.2718e-16,-4.7422e-17,1.4657e-16,-1.032e-15,-1.33e-15,2.576e-15,2.9456e-16,1.4788e-16,1.4788e-16,0,-12.583,-61.535,27.953,-8.1435,-14.056,1.8891,4.5981,18.681,-1.669,-6.3233,28.133,28.133,-6.3233,-1.669,18.681,4.5981,1.8891,-14.056,-8.1435,27.953,-61.535,-12.583,2.9456e-16,12.583,0,-61.535,210.54,43.82,-14.378,14.496,-62.028,-15.542,19.777,34.772,-46.893,125.33,-46.893,34.772,19.777,-15.542,-62.028,14.496,-14.378,43.82,210.54,-61.535,2.576e-15,61.535,61.535,0,27.953,43.82,21.603,57.595,-70.544,-0.90107,-2.5827,90.942,-56.976,15.224,15.224,-56.976,90.942,-2.5827,-0.90107,-70.544,57.595,21.603,43.82,27.953,-1.33e-15,-27.953,-210.54,-27.953,0,-8.1435,-14.378,57.595,-2.8782,-15.615,-1.5907,-52.297,-32.831,43.651,1.9503,43.651,-32.831,-52.297,-1.5907,-15.615,-2.8782,57.595,-14.378,-8.1435,-1.032e-15,8.1435,-43.82,-43.82,8.1435,0,-14.056,14.496,-70.544,-15.615,-0.15389,-5.422,8.304,1.0924,2.7177,2.7177,1.0924,8.304,-5.422,-0.15389,-15.615,-70.544,14.496,-14.056,1.4657e-16,14.056,14.378,-21.603,14.378,14.056,0,1.8891,-62.028,-0.90107,-1.5907,-5.422,4.2094,5.1232,4.0859,1.9583,4.0859,5.1232,4.2094,-5.422,-1.5907,-0.90107,-62.028,1.8891,-4.7422e-17,-1.8891,-14.496,-57.595,-57.595,-14.496,-1.8891,0,4.5981,-15.542,-2.5827,-52.297,8.304,5.1232,0.2415,-2.5614,-2.5614,0.2415,5.1232,8.304,-52.297,-2.5827,-15.542,4.5981,8.2718e-16,-4.5981,62.028,70.544,2.8782,70.544,62.028,-4.5981,0,18.681,19.777,90.942,-32.831,1.0924,4.0859,-2.5614,111.22,-2.5614,4.0859,1.0924,-32.831,90.942,19.777,18.681,-3.767e-17,-18.681,15.542,0.90107,15.615,15.615,0.90107,15.542,-18.681,0,-1.669,34.772,-56.976,43.651,2.7177,1.9583,-2.5614,-2.5614,1.9583,2.7177,43.651,-56.976,34.772,-1.669,-4.6662e-17,1.669,-19.777,2.5827,1.5907,0.15389,1.5907,2.5827,-19.777,1.669,0,-6.3233,-46.893,15.224,1.9503,2.7177,4.0859,0.2415,4.0859,2.7177,1.9503,15.224,-46.893,-6.3233,2.7207e-16,6.3233,-34.772,-90.942,52.297,5.422,5.422,52.297,-90.942,-34.772,6.3233,0,28.133,125.33,15.224,43.651,1.0924,5.1232,5.1232,1.0924,43.651,15.224,125.33,28.133,0,-28.133,46.893,56.976,32.831,-8.304,-4.2094,-8.304,32.831,56.976,46.893,-28.133,0,28.133,-46.893,-56.976,-32.831,8.304,4.2094,8.304,-32.831,-56.976,-46.893,28.133,-2.7207e-16,-28.133,-125.33,-15.224,-43.651,-1.0924,-5.1232,-5.1232,-1.0924,-43.651,-15.224,-125.33,-28.133,0,-6.3233,34.772,90.942,-52.297,-5.422,-5.422,-52.297,90.942,34.772,-6.3233,4.6662e-17,6.3233,46.893,-15.224,-1.9503,-2.7177,-4.0859,-0.2415,-4.0859,-2.7177,-1.9503,-15.224,46.893,6.3233,0,-1.669,19.777,-2.5827,-1.5907,-0.15389,-1.5907,-2.5827,19.777,-1.669,3.767e-17,1.669,-34.772,56.976,-43.651,-2.7177,-1.9583,2.5614,2.5614,-1.9583,-2.7177,-43.651,56.976,-34.772,1.669,0,18.681,-15.542,-0.90107,-15.615,-15.615,-0.90107,-15.542,18.681,-8.2718e-16,-18.681,-19.777,-90.942,32.831,-1.0924,-4.0859,2.5614,-111.22,2.5614,-4.0859,-1.0924,32.831,-90.942,-19.777,-18.681,0,4.5981,-62.028,-70.544,-2.8782,-70.544,-62.028,4.5981,4.7422e-17,-4.5981,15.542,2.5827,52.297,-8.304,-5.1232,-0.2415,2.5614,2.5614,-0.2415,-5.1232,-8.304,52.297,2.5827,15.542,-4.5981,0,1.8891,14.496,57.595,57.595,14.496,1.8891,-1.4657e-16,-1.8891,62.028,0.90107,1.5907,5.422,-4.2094,-5.1232,-4.0859,-1.9583,-4.0859,-5.1232,-4.2094,5.422,1.5907,0.90107,62.028,-1.8891,0,-14.056,-14.378,21.603,-14.378,-14.056,1.032e-15,14.056,-14.496,70.544,15.615,0.15389,5.422,-8.304,-1.0924,-2.7177,-2.7177,-1.0924,-8.304,5.422,0.15389,15.615,70.544,-14.496,14.056,0,-8.1435,43.82,43.82,-8.1435,1.33e-15,8.1435,14.378,-57.595,2.8782,15.615,1.5907,52.297,32.831,-43.651,-1.9503,-43.651,32.831,52.297,1.5907,15.615,2.8782,-57.595,14.378,8.1435,0,27.953,210.54,27.953,-2.576e-15,-27.953,-43.82,-21.603,-57.595,70.544,0.90107,2.5827,-90.942,56.976,-15.224,-15.224,56.976,-90.942,2.5827,0.90107,70.544,-57.595,-21.603,-43.82,-27.953,0,-61.535,-61.535,-2.9456e-16,61.535,-210.54,-43.82,14.378,-14.496,62.028,15.542,-19.777,-34.772,46.893,-125.33,46.893,-34.772,-19.777,15.542,62.028,-14.496,14.378,-43.82,-210.54,61.535,0,-12.583,-1.4788e-16,12.583,61.535,-27.953,8.1435,14.056,-1.8891,-4.5981,-18.681,1.669,6.3233,-28.133,-28.133,6.3233,1.669,-18.681,-4.5981,-1.8891,14.056,8.1435,-27.953,61.535,12.583,0
