32.735,180.53,69.37,189.8,36.589,15.776,51.729,17.092,8.9341,5.4099,25.136,61.302,44.036,61.302,25.136,5.4099,8.9341,17.092,51.729,15.776,36.589,189.8,69.37,180.53,180.53,180.53,-115.45,-184.63,182.62,39.483,-36.044,37.117,-17.712,0.214,1.0613,-59.987,-13.6,-13.6,-59.987,1.0613,0.214,-17.712,37.117,-36.044,39.483,182.62,-184.63,-115.45,69.37,-115.45,69.37,-184.63,-21.399,-88.523,-32.022,25.465,8.0149,29.984,-45.243,100.81,-30.418,-274.83,-30.418,100.81,-45.243,29.984,8.0149,25.465,-32.022,-88.523,-21.399,-184.63,189.8,-184.63,-184.63,189.8,182.62,-88.523,-216.09,-20.376,1.7143,-7.7556,-8.8692,18.801,-10.774,61.747,61.747,-10.774,18.801,-8.8692,-7.7556,1.7143,-20.376,-216.09,-88.523,182.62,36.589,182.62,-21.399,182.62,36.589,39.483,-32.022,-20.376,3.6286,-17.362,-51.869,-37.874,-25.903,25.504,-31.746,25.504,-25.903,-37.874,-51.869,-17.362,3.6286,-20.376,-32.022,39.483,15.776,39.483,-88.523,-88.523,39.483,15.776,-36.044,25.465,1.7143,-17.362,-32.147,37.716,25.512,28.231,-24.361,-24.361,28.231,25.512,37.716,-32.147,-17.362,1.7143,25.465,-36.044,51.729,-36.044,-32.022,-216.09,-32.022,-36.044,51.729,37.117,8.0149,-7.7556,-51.869,37.716,-49.576,-67.023,-32.573,-25.091,-32.573,-67.023,-49.576,37.716,-51.869,-7.7556,8.0149,37.117,17.092,37.117,25.465,-20.376,-20.376,25.465,37.117,17.092,-17.712,29.984,-8.8692,-37.874,25.512,-67.023,-9.451,0.84028,0.84028,-9.451,-67.023,25.512,-37.874,-8.8692,29.984,-17.712,8.9341,-17.712,8.0149,1.7143,3.6286,1.7143,8.0149,-17.712,8.9341,0.214,-45.243,18.801,-25.903,28.231,-32.573,0.84028,-2.503,0.84028,-32.573,28.231,-25.903,18.801,-45.243,0.214,5.4099,0.214,29.984,-7.7556,-17.362,-17.362,-7.7556,29.984,0.214,5.4099,1.0613,100.81,-10.774,25.504,-24.361,-25.091,0.84028,0.84028,-25.091,-24.361,25.504,-10.774,100.81,1.0613,25.136,1.0613,-45.243,-8.8692,-51.869,-32.147,-51.869,-8.8692,-45.243,1.0613,25.136,-59.987,-30.418,61.747,-31.746,-24.361,-32.573,-9.451,-32.573,-24.361,-31.746,61.747,-30.418,-59.987,61.302,-59.987,100.81,18.801,-37.874,37.716,37.716,-37.874,18.801,100.81,-59.987,61.302,-13.6,-274.83,61.747,25.504,28.231,-67.023,-67.023,28.231,25.504,61.747,-274.83,-13.6,44.036,-13.6,-30.418,-10.774,-25.903,25.512,-49.576,25.512,-25.903,-10.774,-30.418,-13.6,44.036,-13.6,-30.418,-10.774,-25.903,25.512,-49.576,25.512,-25.903,-10.774,-30.418,-13.6,61.302,-13.6,-274.83,61.747,25.504,28.231,-67.023,-67.023,28.231,25.504,61.747,-274.83,-13.6,61.302,-59.987,100.81,18.801,-37.874,37.716,37.716,-37.874,18.801,100.81,-59.987,25.136,-59.987,-30.418,61.747,-31.746,-24.361,-32.573,-9.451,-32.573,-24.361,-31.746,61.747,-30.418,-59.987,25.136,1.0613,-45.243,-8.8692,-51.869,-32.147,-51.869,-8.8692,-45.243,1.0613,5.4099,1.0613,100.81,-10.774,25.504,-24.361,-25.091,0.84028,0.84028,-25.091,-24.361,25.504,-10.774,100.81,1.0613,5.4099,0.214,29.984,-7.7556,-17.362,-17.362,-7.7556,29.984,0.214,8.9341,0.214,-45.243,18.801,-25.903,28.231,-32.573,0.84028,-2.503,0.84028,-32.573,28.231,-25.903,18.801,-45.243,0.214,8.9341,-17.712,8.0149,1.7143,3.6286,1.7143,8.0149,-17.712,17.092,-17.712,29.984,-8.8692,-37.874,25.512,-67.023,-9.451,0.84028,0.84028,-9.451,-67.023,25.512,-37.874,-8.8692,29.984,-17.712,17.092,37.117,25.465,-20.376,-20.376,25.465,37.117,51.729,37.117,8.0149,-7.7556,-51.869,37.716,-49.576,-67.023,-32.573,-25.091,-32.573,-67.023,-49.576,37.716,-51.869,-7.7556,8.0149,37.117,51.729,-36.044,-32.022,-216.09,-32.022,-36.044,15.776,-36.044,25.465,1.7143,-17.362,-32.147,37.716,25.512,28.231,-24.361,-24.361,28.231,25.512,37.716,-32.147,-17.362,1.7143,25.465,-36.044,15.776,39.483,-88.523,-88.523,39.483,36.589,39.483,-32.022,-20.376,3.6286,-17.362,-51.869,-37.874,-25.903,25.504,-31.746,25.504,-25.903,-37.874,-51.869,-17.362,3.6286,-20.376,-32.022,39.483,36.589,182.62,-21.399,182.62,189.8,182.62,-88.523,-216.09,-20.376,1.7143,-7.7556,-8.8692,18.801,-10.774,61.747,61.747,-10.774,18.801,-8.8692,-7.7556,1.7143,-20.376,-216.09,-88.523,182.62,189.8,-184.63,-184.63,69.37,-184.63,-21.399,-88.523,-32.022,25.465,8.0149,29.984,-45.243,100.81,-30.418,-274.83,-30.418,100.81,-45.243,29.984,8.0149,25.465,-32.022,-88.523,-21.399,-184.63,69.37,-115.45,180.53,-115.45,-184.63,182.62,39.483,-36.044,37.117,-17.712,0.214,1.0613,-59.987,-13.6,-13.6,-59.987,1.0613,0.214,-17.712,37.117,-36.044,39.483,182.62,-184.63,-115.45,180.53
0,1.5543e-19,5.8576e-16,-1.3895e-16,2.5627e-16,3.2081e-17,1.4757e-16,1.1208e-16,1.4802e-16,-1.7518e-16,2.1909e-16,2.5802e-16,0,-2.5802e-16,-2.1909e-16,1.7518e-16,-1.4802e-16,-1.1208e-16,-1.4757e-16,-3.2081e-17,-2.5627e-16,1.3895e-16,-5.8576e-16,-1.5543e-19,-1.5543e-19,0,-167.3,-65.954,5.4015,17.572,-30.674,-29.559,-11.829,0.5356,-14.79,24.081,80.961,80.961,24.081,-14.79,0.5356,-11.829,-29.559,-30.674,17.572,5.4015,-65.954,-167.3,-5.8576e-16,167.3,0,-65.954,-100.64,-10.155,2.0641,30.606,-53.094,20.784,-12.975,55.543,-29.036,177.54,-29.036,55.543,-12.975,20.784,-53.094,30.606,2.0641,-10.155,-100.64,-65.954,1.3895e-16,65.954,65.954,0,5.4015,-10.155,67.232,44.046,-10.932,-39.567,-26.664,33.534,21.22,-88.165,-88.165,21.22,33.534,-26.664,-39.567,-10.932,44.046,67.232,-10.155,5.4015,-2.5627e-16,-5.4015,100.64,-5.4015,0,17.572,2.0641,44.046,-6.0486,-13.344,-31.826,-9.1908,-8.6165,-45.584,6.3318,-45.584,-8.6165,-9.1908,-31.826,-13.344,-6.0486,44.046,2.0641,17.572,-3.2081e-17,-17.572,10.155,10.155,-17.572,0,-30.674,30.606,-10.932,-13.344,-0.75228,86.464,-5.5567,-32.304,18.49,18.49,-32.304,-5.5567,86.464,-0.75228,-13.344,-10.932,30.606,-30.674,-1.4757e-16,30.674,-2.0641,-67.232,-2.0641,30.674,0,-29.559,-53.094,-39.567,-31.826,86.464,-50.067,24.745,-19.72,15.008,-19.72,24.745,-50.067,86.464,-31.826,-39.567,-53.094,-29.559,-1.1208e-16,29.559,-30.606,-44.046,-44.046,-30.606,29.559,0,-11.829,20.784,-26.664,-9.1908,-5.5567,24.745,30.381,-9.3712,-9.3712,30.381,24.745,-5.5567,-9.1908,-26.664,20.784,-11.829,-1.4802e-16,11.829,53.094,10.932,6.0486,10.932,53.094,11.829,0,0.5356,-12.975,33.534,-8.6165,-32.304,-19.72,-9.3712,5.1051,-9.3712,-19.72,-32.304,-8.6165,33.534,-12.975,0.5356,1.7518e-16,-0.5356,-20.784,39.567,13.344,13.344,39.567,-20.784,-0.5356,0,-14.79,55.543,21.22,-45.584,18.49,15.008,-9.3712,-9.3712,15.008,18.49,-45.584,21.22,55.543,-14.79,-2.1909e-16,14.79,12.975,26.664,31.826,0.75228,31.826,26.664,12.975,14.79,0,24.081,-29.036,-88.165,6.3318,18.49,-19.72,30.381,-19.72,18.49,6.3318,-88.165,-29.036,24.081,-2.5802e-16,-24.081,-55.543,-33.534,9.1908,-86.464,-86.464,9.1908,-33.534,-55.543,-24.081,0,80.961,177.54,-88.165,-45.584,-32.304,24.745,24.745,-32.304,-45.584,-88.165,177.54,80.961,0,-80.961,29.036,-21.22,8.6165,5.5567,50.067,5.5567,8.6165,-21.22,29.036,-80.961,0,80.961,-29.036,21.22,-8.6165,-5.5567,-50.067,-5.5567,-8.6165,21.22,-29.036,80.961,2.5802e-16,-80.961,-177.54,88.165,45.584,32.304,-24.745,-24.745,32.304,45.584,88.165,-177.54,-80.961,0,24.081,55.543,33.534,-9.1908,86.464,86.464,-9.1908,33.534,55.543,24.081,2.1909e-16,-24.081,29.036,88.165,-6.3318,-18.49,19.72,-30.381,19.72,-18.49,-6.3318,88.165,29.036,-24.081,0,-14.79,-12.975,-26.664,-31.826,-0.75228,-31.826,-26.664,-12.975,-14.79,-1.7518e-16,14.79,-55.543,-21.22,45.584,-18.49,-15.008,9.3712,9.3712,-15.008,-18.49,45.584,-21.22,-55.543,14.79,0,0.5356,20.784,-39.567,-13.344,-13.344,-39.567,20.784,0.5356,1.4802e-16,-0.5356,12.975,-33.534,8.6165,32.304,19.72,9.3712,-5.1051,9.3712,19.72,32.304,8.6165,-33.534,12.975,-0.5356,0,-11.829,-53.094,-10.932,-6.0486,-10.932,-53.094,-11.829,1.1208e-16,11.829,-20.784,26.664,9.1908,5.5567,-24.745,-30.381,9.3712,9.3712,-30.381,-24.745,5.5567,9.1908,26.664,-20.784,11.829,0,-29.559,30.606,44.046,44.046,30.606,-29.559,1.4757e-16,29.559,53.094,39.567,31.826,-86.464,50.067,-24.745,19.72,-15.008,19.72,-24.745,50.067,-86.464,31.826,39.567,53.094,29.559,0,-30.674,2.0641,67.232,2.0641,-30.674,3.2081e-17,30.674,-30.606,10.932,13.344,0.75228,-86.464,5.5567,32.304,-18.49,-18.49,32.304,5.5567,-86.464,0.75228,13.344,10.932,-30.606,30.674,0,17.572,-10.155,-10.155,17.572,2.5627e-16,-17.572,-2.0641,-44.046,6.0486,13.344,31.826,9.1908,8.6165,45.584,-6.3318,45.584,8.6165,9.1908,31.826,13.344,6.0486,-44.046,-2.0641,-17.572,0,5.4015,-100.64,5.4015,-1.3895e-16,-5.4015,10.155,-67.232,-44.046,10.932,39.567,26.664,-33.534,-21.22,88.165,88.165,-21.22,-33.534,26.664,39.567,10.932,-44.046,-67.232,10.155,-5.4015,0,-65.954,-65.954,5.8576e-16,65.954,100.64,10.155,-2.0641,-30.606,53.094,-20.784,12.975,-55.543,29.036,-177.54,29.036,-55.543,12.975,-20.784,53.094,-30.606,-2.0641,10.155,100.64,65.954,0,-167.3,1.5543e-19,167.3,65.954,-5.4015,-17.572,30.674,29.559,11.829,-0.5356,14.79,-24.081,-80.961,-80.961,-24.081,14.79,-0.5356,11.829,29.559,30.674,-17.572,-5.4015,65.954,167.3,0
