-254.91,-127.87,-56.22,-11.637,-148.45,-91.901,-180.31,-115.13,-54.286,-137.21,-59.783,-119.15,-104.08,-119.15,-59.783,-137.21,-54.286,-115.13,-180.31,-91.901,-148.45,-11.637,-56.22,-127.87,-127.87,-127.87,33.623,12.248,-1.6769,-47.715,57.432,-49.113,12.596,37.224,-2.6144,-31.691,-2.1473,-2.1473,-31.691,-2.6144,37.224,12.596,-49.113,57.432,-47.715,-1.6769,12.248,33.623,-56.22,33.623,-56.22,12.248,-22.954,0.28548,-15.836,-19.567,19.658,47.602,22.292,-34.072,-44.78,72.936,-44.78,-34.072,22.292,47.602,19.658,-19.567,-15.836,0.28548,-22.954,12.248,-11.637,12.248,12.248,-11.637,-1.6769,0.28548,-10.422,-9.665,-0.36054,-29.534,-21.844,0.11541,2.3959,-4.9666,-4.9666,2.3959,0.11541,-21.844,-29.534,-0.36054,-9.665,-10.422,0.28548,-1.6769,-148.45,-1.6769,-22.954,-1.6769,-148.45,-47.715,-15.836,-9.665,-0.1249,73.696,19.88,3.7296,38.882,81.531,-7.3734,81.531,38.882,3.7296,19.88,73.696,-0.1249,-9.665,-15.836,-47.715,-91.901,-47.715,0.28548,0.28548,-47.715,-91.901,57.432,-19.567,-0.36054,73.696,-23.579,28.765,-27.285,-23.729,27.312,27.312,-23.729,-27.285,28.765,-23.579,73.696,-0.36054,-19.567,57.432,-180.31,57.432,-15.836,-10.422,-15.836,57.432,-180.31,-49.113,19.658,-29.534,19.88,28.765,90.182,36.066,12.799,89.123,12.799,36.066,90.182,28.765,19.88,-29.534,19.658,-49.113,-115.13,-49.113,-19.567,-9.665,-9.665,-19.567,-49.113,-115.13,12.596,47.602,-21.844,3.7296,-27.285,36.066,-43.151,-25.373,-25.373,-43.151,36.066,-27.285,3.7296,-21.844,47.602,12.596,-54.286,12.596,19.658,-0.36054,-0.1249,-0.36054,19.658,12.596,-54.286,37.224,22.292,0.11541,38.882,-23.729,12.799,-25.373,4.0871,-25.373,12.799,-23.729,38.882,0.11541,22.292,37.224,-137.21,37.224,47.602,-29.534,73.696,73.696,-29.534,47.602,37.224,-137.21,-2.6144,-34.072,2.3959,81.531,27.312,89.123,-25.373,-25.373,89.123,27.312,81.531,2.3959,-34.072,-2.6144,-59.783,-2.6144,22.292,-21.844,19.88,-23.579,19.88,-21.844,22.292,-2.6144,-59.783,-31.691,-44.78,-4.9666,-7.3734,27.312,12.799,-43.151,12.799,27.312,-7.3734,-4.9666,-44.78,-31.691,-119.15,-31.691,-34.072,0.11541,3.7296,28.765,28.765,3.7296,0.11541,-34.072,-31.691,-119.15,-2.1473,72.936,-4.9666,81.531,-23.729,36.066,36.066,-23.729,81.531,-4.9666,72.936,-2.1473,-104.08,-2.1473,-44.78,2.3959,38.882,-27.285,90.182,-27.285,38.882,2.3959,-44.78,-2.1473,-104.08,-2.1473,-44.78,2.3959,38.882,-27.285,90.182,-27.285,38.882,2.3959,-44.78,-2.1473,-119.15,-2.1473,72.936,-4.9666,81.531,-23.729,36.066,36.066,-23.729,81.531,-4.9666,72.936,-2.1473,-119.15,-31.691,-34.072,0.11541,3.7296,28.765,28.765,3.7296,0.11541,-34.072,-31.691,-59.783,-31.691,-44.78,-4.9666,-7.3734,27.312,12.799,-43.151,12.799,27.312,-7.3734,-4.9666,-44.78,-31.691,-59.783,-2.6144,22.292,-21.844,19.88,-23.579,19.88,-21.844,22.292,-2.6144,-137.21,-2.6144,-34.072,2.3959,81.531,27.312,89.123,-25.373,-25.373,89.123,27.312,81.531,2.3959,-34.072,-2.6144,-137.21,37.224,47.602,-29.534,73.696,73.696,-29.534,47.602,37.224,-54.286,37.224,22.292,0.11541,38.882,-23.729,12.799,-25.373,4.0871,-25.373,12.799,-23.729,38.882,0.11541,22.292,37.224,-54.286,12.596,19.658,-0.36054,-0.1249,-0.36054,19.658,12.596,-115.13,12.596,47.602,-21.844,3.7296,-27.285,36.066,-43.151,-25.373,-25.373,-43.151,36.066,-27.285,3.7296,-21.844,47.602,12.596,-115.13,-49.113,-19.567,-9.665,-9.665,-19.567,-49.113,-180.31,-49.113,19.658,-29.534,19.88,28.765,90.182,36.066,12.799,89.123,12.799,36.066,90.182,28.765,19.88,-29.534,19.658,-49.113,-180.31,57.432,-15.836,-10.422,-15.836,57.432,-91.901,57.432,-19.567,-0.36054,73.696,-23.579,28.765,-27.285,-23.729,27.312,27.312,-23.729,-27.285,28.765,-23.579,73.696,-0.36054,-19.567,57.432,-91.901,-47.715,0.28548,0.28548,-47.715,-148.45,-47.715,-15.836,-9.665,-0.1249,73.696,19.88,3.7296,38.882,81.531,-7.3734,81.531,38.882,3.7296,19.88,73.696,-0.1249,-9.665,-15.836,-47.715,-148.45,-1.6769,-22.954,-1.6769,-11.637,-1.6769,0.28548,-10.422,-9.665,-0.36054,-29.534,-21.844,0.11541,2.3959,-4.9666,-4.9666,2.3959,0.11541,-21.844,-29.534,-0.36054,-9.665,-10.422,0.28548,-1.6769,-11.637,12.248,12.248,-56.22,12.248,-22.954,0.28548,-15.836,-19.567,19.658,47.602,22.292,-34.072,-44.78,72.936,-44.78,-34.072,22.292,47.602,19.658,-19.567,-15.836,0.28548,-22.954,12.248,-56.22,33.623,-127.87,33.623,12.248,-1.6769,-47.715,57.432,-49.113,12.596,37.224,-2.6144,-31.691,-2.1473,-2.1473,-31.691,-2.6144,37.224,12.596,-49.113,57.432,-47.715,-1.6769,12.248,33.623,-127.87
0,-1.2443e-15,8.5881e-18,-2.2576e-16,-5.4496e-17,5.2919e-16,2.3819e-15,2.062e-15,5.8847e-16,2.3842e-15,-1.0337e-15,-1.2898e-16,0,1.2898e-16,1.0337e-15,-2.3842e-15,-5.8847e-16,-2.062e-15,-2.3819e-15,-5.2919e-16,5.4496e-17,2.2576e-16,-8.5881e-18,1.2443e-15,1.2443e-15,0,-22.618,-5.174,-14.066,-64.899,38.08,75.521,26.151,-12.613,58.039,-3.1979,16.212,16.212,-3.1979,58.039,-12.613,26.151,75.521,38.08,-64.899,-14.066,-5.174,-22.618,-8.5881e-18,22.618,0,-5.174,9.7027,9.5544,-7.2124,-13.31,21.572,38.502,8.7793,-7.6909,28.937,-12.491,28.937,-7.6909,8.7793,38.502,21.572,-13.31,-7.2124,9.5544,9.7027,-5.174,2.2576e-16,5.174,5.174,0,-14.066,9.5544,11.496,2.6808,-1.7278,3.4734,3.8393,-21.749,-27.923,-17.134,-17.134,-27.923,-21.749,3.8393,3.4734,-1.7278,2.6808,11.496,9.5544,-14.066,5.4496e-17,14.066,-9.7027,14.066,0,-64.899,-7.2124,2.6808,-50.218,5.5729,13.802,80.64,16.764,26.04,28.988,26.04,16.764,80.64,13.802,5.5729,-50.218,2.6808,-7.2124,-64.899,-5.2919e-16,64.899,-9.5544,-9.5544,64.899,0,38.08,-13.31,-1.7278,5.5729,-20.535,-35.941,-29.331,20.837,-36.591,-36.591,20.837,-29.331,-35.941,-20.535,5.5729,-1.7278,-13.31,38.08,-2.3819e-15,-38.08,7.2124,-11.496,7.2124,-38.08,0,75.521,21.572,3.4734,13.802,-35.941,-176.65,-35.344,7.4364,28.08,7.4364,-35.344,-176.65,-35.941,13.802,3.4734,21.572,75.521,-2.062e-15,-75.521,13.31,-2.6808,-2.6808,13.31,-75.521,0,26.151,38.502,3.8393,80.64,-29.331,-35.344,44.736,9.0437,9.0437,44.736,-35.344,-29.331,80.64,3.8393,38.502,26.151,-5.8847e-16,-26.151,-21.572,1.7278,50.218,1.7278,-21.572,-26.151,0,-12.613,8.7793,-21.749,16.764,20.837,7.4364,9.0437,13.085,9.0437,7.4364,20.837,16.764,-21.749,8.7793,-12.613,-2.3842e-15,12.613,-38.502,-3.4734,-5.5729,-5.5729,-3.4734,-38.502,12.613,0,58.039,-7.6909,-27.923,26.04,-36.591,28.08,9.0437,9.0437,28.08,-36.591,26.04,-27.923,-7.6909,58.039,1.0337e-15,-58.039,-8.7793,-3.8393,-13.802,20.535,-13.802,-3.8393,-8.7793,-58.039,0,-3.1979,28.937,-17.134,28.988,-36.591,7.4364,44.736,7.4364,-36.591,28.988,-17.134,28.937,-3.1979,1.2898e-16,3.1979,7.6909,21.749,-80.64,35.941,35.941,-80.64,21.749,7.6909,3.1979,0,16.212,-12.491,-17.134,26.04,20.837,-35.344,-35.344,20.837,26.04,-17.134,-12.491,16.212,0,-16.212,-28.937,27.923,-16.764,29.331,176.65,29.331,-16.764,27.923,-28.937,-16.212,0,16.212,28.937,-27.923,16.764,-29.331,-176.65,-29.331,16.764,-27.923,28.937,16.212,-1.2898e-16,-16.212,12.491,17.134,-26.04,-20.837,35.344,35.344,-20.837,-26.04,17.134,12.491,-16.212,0,-3.1979,-7.6909,-21.749,80.64,-35.941,-35.941,80.64,-21.749,-7.6909,-3.1979,-1.0337e-15,3.1979,-28.937,17.134,-28.988,36.591,-7.4364,-44.736,-7.4364,36.591,-28.988,17.134,-28.937,3.1979,0,58.039,8.7793,3.8393,13.802,-20.535,13.802,3.8393,8.7793,58.039,2.3842e-15,-58.039,7.6909,27.923,-26.04,36.591,-28.08,-9.0437,-9.0437,-28.08,36.591,-26.04,27.923,7.6909,-58.039,0,-12.613,38.502,3.4734,5.5729,5.5729,3.4734,38.502,-12.613,5.8847e-16,12.613,-8.7793,21.749,-16.764,-20.837,-7.4364,-9.0437,-13.085,-9.0437,-7.4364,-20.837,-16.764,21.749,-8.7793,12.613,0,26.151,21.572,-1.7278,-50.218,-1.7278,21.572,26.151,2.062e-15,-26.151,-38.502,-3.8393,-80.64,29.331,35.344,-44.736,-9.0437,-9.0437,-44.736,35.344,29.331,-80.64,-3.8393,-38.502,-26.151,0,75.521,-13.31,2.6808,2.6808,-13.31,75.521,2.3819e-15,-75.521,-21.572,-3.4734,-13.802,35.941,176.65,35.344,-7.4364,-28.08,-7.4364,35.344,176.65,35.941,-13.802,-3.4734,-21.572,-75.521,0,38.08,-7.2124,11.496,-7.2124,38.08,5.2919e-16,-38.08,13.31,1.7278,-5.5729,20.535,35.941,29.331,-20.837,36.591,36.591,-20.837,29.331,35.941,20.535,-5.5729,1.7278,13.31,-38.08,0,-64.899,9.5544,9.5544,-64.899,-5.4496e-17,64.899,7.2124,-2.6808,50.218,-5.5729,-13.802,-80.64,-16.764,-26.04,-28.988,-26.04,-16.764,-80.64,-13.802,-5.5729,50.218,-2.6808,7.2124,64.899,0,-14.066,9.7027,-14.066,-2.2576e-16,14.066,-9.5544,-11.496,-2.6808,1.7278,-3.4734,-3.8393,21.749,27.923,17.134,17.134,27.923,21.749,-3.8393,-3.4734,1.7278,-2.6808,-11.496,-9.5544,14.066,0,-5.174,-5.174,8.5881e-18,5.174,-9.7027,-9.5544,7.2124,13.31,-21.572,-38.502,-8.7793,7.6909,-28.937,12.491,-28.937,7.6909,-8.7793,-38.502,-21.572,13.31,7.2124,-9.5544,-9.7027,5.174,0,-22.618,-1.2443e-15,22.618,5.174,14.066,64.899,-38.08,-75.521,-26.151,12.613,-58.039,3.1979,-16.212,-16.212,3.1979,-58.039,12.613,-26.151,-75.521,-38.08,64.899,14.066,5.174,22.618,0
