0.86765,42.791,13.007,21.834,21.385,10.96,18.407,18.826,59.405,5.9005,2.4147,3.5656,92.455,3.5656,2.4147,5.9005,59.405,18.826,18.407,10.96,21.385,21.834,13.007,42.791,42.791,42.791,-1.7557,-96.048,9.6974,-51.645,45.646,89.126,-193.45,58.987,0.20312,-19.863,-98.842,-98.842,-19.863,0.20312,58.987,-193.45,89.126,45.646,-51.645,9.6974,-96.048,-1.7557,13.007,-1.7557,13.007,-96.048,-55.631,-18.399,-18.408,52.107,-113.15,-17.918,-24.214,-23.615,-47.913,-19.275,-47.913,-23.615,-24.214,-17.918,-113.15,52.107,-18.408,-18.399,-55.631,-96.048,21.834,-96.048,-96.048,21.834,9.6974,-18.399,-22.351,-2.5238,47.345,42.646,-27.045,11.185,-72.898,-46.205,-46.205,-72.898,11.185,-27.045,42.646,47.345,-2.5238,-22.351,-18.399,9.6974,21.385,9.6974,-55.631,9.6974,21.385,-51.645,-18.408,-2.5238,24.277,14.938,-3.7205,23.51,-299.05,-27.304,17.07,-27.304,-299.05,23.51,-3.7205,14.938,24.277,-2.5238,-18.408,-51.645,10.96,-51.645,-18.399,-18.399,-51.645,10.96,45.646,52.107,47.345,14.938,0.31063,-17.712,-30.166,-26.367,22.011,22.011,-26.367,-30.166,-17.712,0.31063,14.938,47.345,52.107,45.646,18.407,45.646,-18.408,-22.351,-18.408,45.646,18.407,89.126,-113.15,42.646,-3.7205,-17.712,-142.54,19.081,-17.069,25.909,-17.069,19.081,-142.54,-17.712,-3.7205,42.646,-113.15,89.126,18.826,89.126,52.107,-2.5238,-2.5238,52.107,89.126,18.826,-193.45,-17.918,-27.045,23.51,-30.166,19.081,31.43,7.0255,7.0255,31.43,19.081,-30.166,23.51,-27.045,-17.918,-193.45,59.405,-193.45,-113.15,47.345,24.277,47.345,-113.15,-193.45,59.405,58.987,-24.214,11.185,-299.05,-26.367,-17.069,7.0255,132.88,7.0255,-17.069,-26.367,-299.05,11.185,-24.214,58.987,5.9005,58.987,-17.918,42.646,14.938,14.938,42.646,-17.918,58.987,5.9005,0.20312,-23.615,-72.898,-27.304,22.011,25.909,7.0255,7.0255,25.909,22.011,-27.304,-72.898,-23.615,0.20312,2.4147,0.20312,-24.214,-27.045,-3.7205,0.31063,-3.7205,-27.045,-24.214,0.20312,2.4147,-19.863,-47.913,-46.205,17.07,22.011,-17.069,31.43,-17.069,22.011,17.07,-46.205,-47.913,-19.863,3.5656,-19.863,-23.615,11.185,23.51,-17.712,-17.712,23.51,11.185,-23.615,-19.863,3.5656,-98.842,-19.275,-46.205,-27.304,-26.367,19.081,19.081,-26.367,-27.304,-46.205,-19.275,-98.842,92.455,-98.842,-47.913,-72.898,-299.05,-30.166,-142.54,-30.166,-299.05,-72.898,-47.913,-98.842,92.455,-98.842,-47.913,-72.898,-299.05,-30.166,-142.54,-30.166,-299.05,-72.898,-47.913,-98.842,3.5656,-98.842,-19.275,-46.205,-27.304,-26.367,19.081,19.081,-26.367,-27.304,-46.205,-19.275,-98.842,3.5656,-19.863,-23.615,11.185,23.51,-17.712,-17.712,23.51,11.185,-23.615,-19.863,2.4147,-19.863,-47.913,-46.205,17.07,22.011,-17.069,31.43,-17.069,22.011,17.07,-46.205,-47.913,-19.863,2.4147,0.20312,-24.214,-27.045,-3.7205,0.31063,-3.7205,-27.045,-24.214,0.20312,5.9005,0.20312,-23.615,-72.898,-27.304,22.011,25.909,7.0255,7.0255,25.909,22.011,-27.304,-72.898,-23.615,0.20312,5.9005,58.987,-17.918,42.646,14.938,14.938,42.646,-17.918,58.987,59.405,58.987,-24.214,11.185,-299.05,-26.367,-17.069,7.0255,132.88,7.0255,-17.069,-26.367,-299.05,11.185,-24.214,58.987,59.405,-193.45,-113.15,47.345,24.277,47.345,-113.15,-193.45,18.826,-193.45,-17.918,-27.045,23.51,-30.166,19.081,31.43,7.0255,7.0255,31.43,19.081,-30.166,23.51,-27.045,-17.918,-193.45,18.826,89.126,52.107,-2.5238,-2.5238,52.107,89.126,18.407,89.126,-113.15,42.646,-3.7205,-17.712,-142.54,19.081,-17.069,25.909,-17.069,19.081,-142.54,-17.712,-3.7205,42.646,-113.15,89.126,18.407,45.646,-18.408,-22.351,-18.408,45.646,10.96,45.646,52.107,47.345,14.938,0.31063,-17.712,-30.166,-26.367,22.011,22.011,-26.367,-30.166,-17.712,0.31063,14.938,47.345,52.107,45.646,10.96,-51.645,-18.399,-18.399,-51.645,21.385,-51.645,-18.408,-2.5238,24.277,14.938,-3.7205,23.51,-299.05,-27.304,17.07,-27.304,-299.05,23.51,-3.7205,14.938,24.277,-2.5238,-18.408,-51.645,21.385,9.6974,-55.631,9.6974,21.834,9.6974,-18.399,-22.351,-2.5238,47.345,42.646,-27.045,11.185,-72.898,-46.205,-46.205,-72.898,11.185,-27.045,42.646,47.345,-2.5238,-22.351,-18.399,9.6974,21.834,-96.048,-96.048,13.007,-96.048,-55.631,-18.399,-18.408,52.107,-113.15,-17.918,-24.214,-23.615,-47.913,-19.275,-47.913,-23.615,-24.214,-17.918,-113.15,52.107,-18.408,-18.399,-55.631,-96.048,13.007,-1.7557,42.791,-1.7557,-96.048,9.6974,-51.645,45.646,89.126,-193.45,58.987,0.20312,-19.863,-98.842,-98.842,-19.863,0.20312,58.987,-193.45,89.126,45.646,-51.645,9.6974,-96.048,-1.7557,42.791
0,-4.8576e-16,-8.124e-17,3.7335e-17,-4.6064e-16,4.2265e-17,8.8818e-16,-2.8498e-17,5.7833e-16,6.4638e-17,9.0744e-18,-2.1367e-17,0,2.1367e-17,-9.0744e-18,-6.4638e-17,-5.7833e-16,2.8498e-17,-8.8818e-16,-4.2265e-17,4.6064e-16,-3.7335e-17,8.124e-17,4.8576e-16,4.8576e-16,0,-165.55,-30.827,-97.38,-77.992,-73.686,-67.698,63.018,-26.019,-22.701,8.9403,-52.459,-52.459,8.9403,-22.701,-26.019,63.018,-67.698,-73.686,-77.992,-97.38,-30.827,-165.55,8.124e-17,165.55,0,-30.827,-0.62514,24.63,-71.902,7.309,-56.437,9.2496,10.602,0.31597,19.862,-1.3873,19.862,0.31597,10.602,9.2496,-56.437,7.309,-71.902,24.63,-0.62514,-30.827,-3.7335e-17,30.827,30.827,0,-97.38,24.63,-5.6087,-37.082,-93.294,15.788,-16.248,4.8007,-146.11,-2.9198,-2.9198,-146.11,4.8007,-16.248,15.788,-93.294,-37.082,-5.6087,24.63,-97.38,4.6064e-16,97.38,0.62514,97.38,0,-77.992,-71.902,-37.082,-142.98,-43.532,-14.543,33.031,-56.397,57.866,-5.7261,57.866,-56.397,33.031,-14.543,-43.532,-142.98,-37.082,-71.902,-77.992,-4.2265e-17,77.992,-24.63,-24.63,77.992,0,-73.686,7.309,-93.294,-43.532,-25.436,-7.1995,42.899,4.2088,-11.544,-11.544,4.2088,42.899,-7.1995,-25.436,-43.532,-93.294,7.309,-73.686,-8.8818e-16,73.686,71.902,5.6087,71.902,73.686,0,-67.698,-56.437,15.788,-14.543,-7.1995,115.86,-8.856,36.499,6.5263,36.499,-8.856,115.86,-7.1995,-14.543,15.788,-56.437,-67.698,2.8498e-17,67.698,-7.309,37.082,37.082,-7.309,67.698,0,63.018,9.2496,-16.248,33.031,42.899,-8.856,-5.2272,-45.287,-45.287,-5.2272,-8.856,42.899,33.031,-16.248,9.2496,63.018,-5.7833e-16,-63.018,56.437,93.294,142.98,93.294,56.437,-63.018,0,-26.019,10.602,4.8007,-56.397,4.2088,36.499,-45.287,470.78,-45.287,36.499,4.2088,-56.397,4.8007,10.602,-26.019,-6.4638e-17,26.019,-9.2496,-15.788,43.532,43.532,-15.788,-9.2496,26.019,0,-22.701,0.31597,-146.11,57.866,-11.544,6.5263,-45.287,-45.287,6.5263,-11.544,57.866,-146.11,0.31597,-22.701,-9.0744e-18,22.701,-10.602,16.248,14.543,25.436,14.543,16.248,-10.602,22.701,0,8.9403,19.862,-2.9198,-5.7261,-11.544,36.499,-5.2272,36.499,-11.544,-5.7261,-2.9198,19.862,8.9403,2.1367e-17,-8.9403,-0.31597,-4.8007,-33.031,7.1995,7.1995,-33.031,-4.8007,-0.31597,-8.9403,0,-52.459,-1.3873,-2.9198,57.866,4.2088,-8.856,-8.856,4.2088,57.866,-2.9198,-1.3873,-52.459,0,52.459,-19.862,146.11,56.397,-42.899,-115.86,-42.899,56.397,146.11,-19.862,52.459,0,-52.459,19.862,-146.11,-56.397,42.899,115.86,42.899,-56.397,-146.11,19.862,-52.459,-2.1367e-17,52.459,1.3873,2.9198,-57.866,-4.2088,8.856,8.856,-4.2088,-57.866,2.9198,1.3873,52.459,0,8.9403,0.31597,4.8007,33.031,-7.1995,-7.1995,33.031,4.8007,0.31597,8.9403,9.0744e-18,-8.9403,-19.862,2.9198,5.7261,11.544,-36.499,5.2272,-36.499,11.544,5.7261,2.9198,-19.862,-8.9403,0,-22.701,10.602,-16.248,-14.543,-25.436,-14.543,-16.248,10.602,-22.701,6.4638e-17,22.701,-0.31597,146.11,-57.866,11.544,-6.5263,45.287,45.287,-6.5263,11.544,-57.866,146.11,-0.31597,22.701,0,-26.019,9.2496,15.788,-43.532,-43.532,15.788,9.2496,-26.019,5.7833e-16,26.019,-10.602,-4.8007,56.397,-4.2088,-36.499,45.287,-470.78,45.287,-36.499,-4.2088,56.397,-4.8007,-10.602,26.019,0,63.018,-56.437,-93.294,-142.98,-93.294,-56.437,63.018,-2.8498e-17,-63.018,-9.2496,16.248,-33.031,-42.899,8.856,5.2272,45.287,45.287,5.2272,8.856,-42.899,-33.031,16.248,-9.2496,-63.018,0,-67.698,7.309,-37.082,-37.082,7.309,-67.698,8.8818e-16,67.698,56.437,-15.788,14.543,7.1995,-115.86,8.856,-36.499,-6.5263,-36.499,8.856,-115.86,7.1995,14.543,-15.788,56.437,67.698,0,-73.686,-71.902,-5.6087,-71.902,-73.686,4.2265e-17,73.686,-7.309,93.294,43.532,25.436,7.1995,-42.899,-4.2088,11.544,11.544,-4.2088,-42.899,7.1995,25.436,43.532,93.294,-7.309,73.686,0,-77.992,24.63,24.63,-77.992,-4.6064e-16,77.992,71.902,37.082,142.98,43.532,14.543,-33.031,56.397,-57.866,5.7261,-57.866,56.397,-33.031,14.543,43.532,142.98,37.082,71.902,77.992,0,-97.38,-0.62514,-97.38,3.7335e-17,97.38,-24.63,5.6087,37.082,93.294,-15.788,16.248,-4.8007,146.11,2.9198,2.9198,146.11,-4.8007,16.248,-15.788,93.294,37.082,5.6087,-24.63,97.38,0,-30.827,-30.827,-8.124e-17,30.827,0.62514,-24.63,71.902,-7.309,56.437,-9.2496,-10.602,-0.31597,-19.862,1.3873,-19.862,-0.31597,-10.602,-9.2496,56.437,-7.309,71.902,-24.63,0.62514,30.827,0,-165.55,-4.8576e-16,165.55,30.827,97.38,77.992,73.686,67.698,-63.018,26.019,22.701,-8.9403,52.459,52.459,-8.9403,22.701,26.019,-63.018,67.698,73.686,77.992,97.38,30.827,165.55,0
