-21.124,-42.827,-28.086,-192.24,-50.601,-79.744,-54.875,-21.691,-119.72,-73.613,-13.77,-31.776,-16.577,-31.776,-13.77,-73.613,-119.72,-21.691,-54.875,-79.744,-50.601,-192.24,-28.086,-42.827,-42.827,-42.827,27.375,-0.44099,-29.097,-20.823,-76.541,24.648,2.3685,-84.142,38.676,14.335,-21.9,-21.9,14.335,38.676,-84.142,2.3685,24.648,-76.541,-20.823,-29.097,-0.44099,27.375,-28.086,27.375,-28.086,-0.44099,39.788,64.134,-15.839,15.732,-18.672,-15.073,11.176,27.863,2.2695,-39.629,2.2695,27.863,11.176,-15.073,-18.672,15.732,-15.839,64.134,39.788,-0.44099,-192.24,-0.44099,-0.44099,-192.24,-29.097,64.134,42.522,58.794,121.29,116.02,-22.783,-31.276,-32.444,-38.943,-38.943,-32.444,-31.276,-22.783,116.02,121.29,58.794,42.522,64.134,-29.097,-50.601,-29.097,39.788,-29.097,-50.601,-20.823,-15.839,58.794,61.175,51.06,-19.902,-12.724,51.696,33.525,-11.576,33.525,51.696,-12.724,-19.902,51.06,61.175,58.794,-15.839,-20.823,-79.744,-20.823,64.134,64.134,-20.823,-79.744,-76.541,15.732,121.29,51.06,-58.936,-9.6444,11.643,81.91,10.154,10.154,81.91,11.643,-9.6444,-58.936,51.06,121.29,15.732,-76.541,-54.875,-76.541,-15.839,42.522,-15.839,-76.541,-54.875,24.648,-18.672,116.02,-19.902,-9.6444,-13.678,21.542,27.601,21.24,27.601,21.542,-13.678,-9.6444,-19.902,116.02,-18.672,24.648,-21.691,24.648,15.732,58.794,58.794,15.732,24.648,-21.691,2.3685,-15.073,-22.783,-12.724,11.643,21.542,7.098,-34.5,-34.5,7.098,21.542,11.643,-12.724,-22.783,-15.073,2.3685,-119.72,2.3685,-18.672,121.29,61.175,121.29,-18.672,2.3685,-119.72,-84.142,11.176,-31.276,51.696,81.91,27.601,-34.5,302.71,-34.5,27.601,81.91,51.696,-31.276,11.176,-84.142,-73.613,-84.142,-15.073,116.02,51.06,51.06,116.02,-15.073,-84.142,-73.613,38.676,27.863,-32.444,33.525,10.154,21.24,-34.5,-34.5,21.24,10.154,33.525,-32.444,27.863,38.676,-13.77,38.676,11.176,-22.783,-19.902,-58.936,-19.902,-22.783,11.176,38.676,-13.77,14.335,2.2695,-38.943,-11.576,10.154,27.601,7.098,27.601,10.154,-11.576,-38.943,2.2695,14.335,-31.776,14.335,27.863,-31.276,-12.724,-9.6444,-9.6444,-12.724,-31.276,27.863,14.335,-31.776,-21.9,-39.629,-38.943,33.525,81.91,21.542,21.542,81.91,33.525,-38.943,-39.629,-21.9,-16.577,-21.9,2.2695,-32.444,51.696,11.643,-13.678,11.643,51.696,-32.444,2.2695,-21.9,-16.577,-21.9,2.2695,-32.444,51.696,11.643,-13.678,11.643,51.696,-32.444,2.2695,-21.9,-31.776,-21.9,-39.629,-38.943,33.525,81.91,21.542,21.542,81.91,33.525,-38.943,-39.629,-21.9,-31.776,14.335,27.863,-31.276,-12.724,-9.6444,-9.6444,-12.724,-31.276,27.863,14.335,-13.77,14.335,2.2695,-38.943,-11.576,10.154,27.601,7.098,27.601,10.154,-11.576,-38.943,2.2695,14.335,-13.77,38.676,11.176,-22.783,-19.902,-58.936,-19.902,-22.783,11.176,38.676,-73.613,38.676,27.863,-32.444,33.525,10.154,21.24,-34.5,-34.5,21.24,10.154,33.525,-32.444,27.863,38.676,-73.613,-84.142,-15.073,116.02,51.06,51.06,116.02,-15.073,-84.142,-119.72,-84.142,11.176,-31.276,51.696,81.91,27.601,-34.5,302.71,-34.5,27.601,81.91,51.696,-31.276,11.176,-84.142,-119.72,2.3685,-18.672,121.29,61.175,121.29,-18.672,2.3685,-21.691,2.3685,-15.073,-22.783,-12.724,11.643,21.542,7.098,-34.5,-34.5,7.098,21.542,11.643,-12.724,-22.783,-15.073,2.3685,-21.691,24.648,15.732,58.794,58.794,15.732,24.648,-54.875,24.648,-18.672,116.02,-19.902,-9.6444,-13.678,21.542,27.601,21.24,27.601,21.542,-13.678,-9.6444,-19.902,116.02,-18.672,24.648,-54.875,-76.541,-15.839,42.522,-15.839,-76.541,-79.744,-76.541,15.732,121.29,51.06,-58.936,-9.6444,11.643,81.91,10.154,10.154,81.91,11.643,-9.6444,-58.936,51.06,121.29,15.732,-76.541,-79.744,-20.823,64.134,64.134,-20.823,-50.601,-20.823,-15.839,58.794,61.175,51.06,-19.902,-12.724,51.696,33.525,-11.576,33.525,51.696,-12.724,-19.902,51.06,61.175,58.794,-15.839,-20.823,-50.601,-29.097,39.788,-29.097,-192.24,-29.097,64.134,42.522,58.794,121.29,116.02,-22.783,-31.276,-32.444,-38.943,-38.943,-32.444,-31.276,-22.783,116.02,121.29,58.794,42.522,64.134,-29.097,-192.24,-0.44099,-0.44099,-28.086,-0.44099,39.788,64.134,-15.839,15.732,-18.672,-15.073,11.176,27.863,2.2695,-39.629,2.2695,27.863,11.176,-15.073,-18.672,15.732,-15.839,64.134,39.788,-0.44099,-28.086,27.375,-42.827,27.375,-0.44099,-29.097,-20.823,-76.541,24.648,2.3685,-84.142,38.676,14.335,-21.9,-21.9,14.335,38.676,-84.142,2.3685,24.648,-76.541,-20.823,-29.097,-0.44099,27.375,-42.827
0,3.0305e-16,-2.0361e-16,3.5423e-15,8.9192e-16,1.3365e-15,-7.4332e-16,2.4203e-18,-2.3617e-15,-1.562e-15,1.4264e-16,-3.896e-17,0,3.896e-17,-1.4264e-16,1.562e-15,2.3617e-15,-2.4203e-18,7.4332e-16,-1.3365e-15,-8.9192e-16,-3.5423e-15,2.0361e-16,-3.0305e-16,-3.0305e-16,0,20.181,-42.767,-62.367,-36.586,-9.3065,-16.703,-51.013,29.848,17.703,-8.1243,-6.7496,-6.7496,-8.1243,17.703,29.848,-51.013,-16.703,-9.3065,-36.586,-62.367,-42.767,20.181,2.0361e-16,-20.181,0,-42.767,34.29,-21.673,-51.004,21.321,42.423,3.6024,19.145,4.9939,-13.531,19.882,-13.531,4.9939,19.145,3.6024,42.423,21.321,-51.004,-21.673,34.29,-42.767,-3.5423e-15,42.767,42.767,0,-62.367,-21.673,-299.63,29.667,271.1,133.11,40.827,145.39,73.161,-33.855,-33.855,73.161,145.39,40.827,133.11,271.1,29.667,-299.63,-21.673,-62.367,-8.9192e-16,62.367,-34.29,62.367,0,-36.586,-51.004,29.667,53.702,-38.103,-27.893,39.244,23.02,64.67,-3.8873,64.67,23.02,39.244,-27.893,-38.103,53.702,29.667,-51.004,-36.586,-1.3365e-15,36.586,21.673,21.673,36.586,0,-9.3065,21.321,271.1,-38.103,14.273,-68.231,28.648,-42.722,55.883,55.883,-42.722,28.648,-68.231,14.273,-38.103,271.1,21.321,-9.3065,7.4332e-16,9.3065,51.004,299.63,51.004,9.3065,0,-16.703,42.423,133.11,-27.893,-68.231,-44.607,20.621,46.129,-76.975,46.129,20.621,-44.607,-68.231,-27.893,133.11,42.423,-16.703,-2.4203e-18,16.703,-21.321,-29.667,-29.667,-21.321,16.703,0,-51.013,3.6024,40.827,39.244,28.648,20.621,1.6987,62.01,62.01,1.6987,20.621,28.648,39.244,40.827,3.6024,-51.013,2.3617e-15,51.013,-42.423,-271.1,-53.702,-271.1,-42.423,51.013,0,29.848,19.145,145.39,23.02,-42.722,46.129,62.01,43.747,62.01,46.129,-42.722,23.02,145.39,19.145,29.848,1.562e-15,-29.848,-3.6024,-133.11,38.103,38.103,-133.11,-3.6024,-29.848,0,17.703,4.9939,73.161,64.67,55.883,-76.975,62.01,62.01,-76.975,55.883,64.67,73.161,4.9939,17.703,-1.4264e-16,-17.703,-19.145,-40.827,27.893,-14.273,27.893,-40.827,-19.145,-17.703,0,-8.1243,-13.531,-33.855,-3.8873,55.883,46.129,1.6987,46.129,55.883,-3.8873,-33.855,-13.531,-8.1243,3.896e-17,8.1243,-4.9939,-145.39,-39.244,68.231,68.231,-39.244,-145.39,-4.9939,8.1243,0,-6.7496,19.882,-33.855,64.67,-42.722,20.621,20.621,-42.722,64.67,-33.855,19.882,-6.7496,0,6.7496,13.531,-73.161,-23.02,-28.648,44.607,-28.648,-23.02,-73.161,13.531,6.7496,0,-6.7496,-13.531,73.161,23.02,28.648,-44.607,28.648,23.02,73.161,-13.531,-6.7496,-3.896e-17,6.7496,-19.882,33.855,-64.67,42.722,-20.621,-20.621,42.722,-64.67,33.855,-19.882,6.7496,0,-8.1243,4.9939,145.39,39.244,-68.231,-68.231,39.244,145.39,4.9939,-8.1243,1.4264e-16,8.1243,13.531,33.855,3.8873,-55.883,-46.129,-1.6987,-46.129,-55.883,3.8873,33.855,13.531,8.1243,0,17.703,19.145,40.827,-27.893,14.273,-27.893,40.827,19.145,17.703,-1.562e-15,-17.703,-4.9939,-73.161,-64.67,-55.883,76.975,-62.01,-62.01,76.975,-55.883,-64.67,-73.161,-4.9939,-17.703,0,29.848,3.6024,133.11,-38.103,-38.103,133.11,3.6024,29.848,-2.3617e-15,-29.848,-19.145,-145.39,-23.02,42.722,-46.129,-62.01,-43.747,-62.01,-46.129,42.722,-23.02,-145.39,-19.145,-29.848,0,-51.013,42.423,271.1,53.702,271.1,42.423,-51.013,2.4203e-18,51.013,-3.6024,-40.827,-39.244,-28.648,-20.621,-1.6987,-62.01,-62.01,-1.6987,-20.621,-28.648,-39.244,-40.827,-3.6024,51.013,0,-16.703,21.321,29.667,29.667,21.321,-16.703,-7.4332e-16,16.703,-42.423,-133.11,27.893,68.231,44.607,-20.621,-46.129,76.975,-46.129,-20.621,44.607,68.231,27.893,-133.11,-42.423,16.703,0,-9.3065,-51.004,-299.63,-51.004,-9.3065,1.3365e-15,9.3065,-21.321,-271.1,38.103,-14.273,68.231,-28.648,42.722,-55.883,-55.883,42.722,-28.648,68.231,-14.273,38.103,-271.1,-21.321,9.3065,0,-36.586,-21.673,-21.673,-36.586,8.9192e-16,36.586,51.004,-29.667,-53.702,38.103,27.893,-39.244,-23.02,-64.67,3.8873,-64.67,-23.02,-39.244,27.893,38.103,-53.702,-29.667,51.004,36.586,0,-62.367,34.29,-62.367,3.5423e-15,62.367,21.673,299.63,-29.667,-271.1,-133.11,-40.827,-145.39,-73.161,33.855,33.855,-73.161,-145.39,-40.827,-133.11,-271.1,-29.667,299.63,21.673,62.367,0,-42.767,-42.767,-2.0361e-16,42.767,-34.29,21.673,51.004,-21.321,-42.423,-3.6024,-19.145,-4.9939,13.531,-19.882,13.531,-4.9939,-19.145,-3.6024,-42.423,-21.321,51.004,21.673,-34.29,42.767,0,20.181,3.0305e-16,-20.181,42.767,62.367,36.586,9.3065,16.703,51.013,-29.848,-17.703,8.1243,6.7496,6.7496,8.1243,-17.703,-29.848,51.013,16.703,9.3065,36.586,62.367,42.767,-20.181,0
