-1.0654,-15.747,-24.417,-33.039,71.278,-13.86,5.4999,25.235,3.1549,-36.385,27.603,-19.569,-31.673,-19.569,27.603,-36.385,3.1549,25.235,5.4999,-13.86,71.278,-33.039,-24.417,-15.747,-15.747,-15.747,95.3,90.229,-53.884,48.275,-5.3622,-28.405,-37.911,-32.316,27.833,13.411,-29.314,-29.314,13.411,27.833,-32.316,-37.911,-28.405,-5.3622,48.275,-53.884,90.229,95.3,-24.417,95.3,-24.417,90.229,-78.058,4.5444,-20.754,23.215,26.614,6.7577,-3.9274,-27.855,13.882,-35.041,13.882,-27.855,-3.9274,6.7577,26.614,23.215,-20.754,4.5444,-78.058,90.229,-33.039,90.229,90.229,-33.039,-53.884,4.5444,-65.31,48.648,-10.681,-44.582,-34.686,-9.1298,-108.15,-16.175,-16.175,-108.15,-9.1298,-34.686,-44.582,-10.681,48.648,-65.31,4.5444,-53.884,71.278,-53.884,-78.058,-53.884,71.278,48.275,-20.754,48.648,124.59,-37.473,65.014,-21.347,12.428,-67.388,-149.48,-67.388,12.428,-21.347,65.014,-37.473,124.59,48.648,-20.754,48.275,-13.86,48.275,4.5444,4.5444,48.275,-13.86,-5.3622,23.215,-10.681,-37.473,12.05,-16.887,18.539,11.696,-11.686,-11.686,11.696,18.539,-16.887,12.05,-37.473,-10.681,23.215,-5.3622,5.4999,-5.3622,-20.754,-65.31,-20.754,-5.3622,5.4999,-28.405,26.614,-44.582,65.014,-16.887,-44.267,-17.318,-8.8058,15.994,-8.8058,-17.318,-44.267,-16.887,65.014,-44.582,26.614,-28.405,25.235,-28.405,23.215,48.648,48.648,23.215,-28.405,25.235,-37.911,6.7577,-34.686,-21.347,18.539,-17.318,28.371,-4.4811,-4.4811,28.371,-17.318,18.539,-21.347,-34.686,6.7577,-37.911,3.1549,-37.911,26.614,-10.681,124.59,-10.681,26.614,-37.911,3.1549,-32.316,-3.9274,-9.1298,12.428,11.696,-8.8058,-4.4811,-17.828,-4.4811,-8.8058,11.696,12.428,-9.1298,-3.9274,-32.316,-36.385,-32.316,6.7577,-44.582,-37.473,-37.473,-44.582,6.7577,-32.316,-36.385,27.833,-27.855,-108.15,-67.388,-11.686,15.994,-4.4811,-4.4811,15.994,-11.686,-67.388,-108.15,-27.855,27.833,27.603,27.833,-3.9274,-34.686,65.014,12.05,65.014,-34.686,-3.9274,27.833,27.603,13.411,13.882,-16.175,-149.48,-11.686,-8.8058,28.371,-8.8058,-11.686,-149.48,-16.175,13.882,13.411,-19.569,13.411,-27.855,-9.1298,-21.347,-16.887,-16.887,-21.347,-9.1298,-27.855,13.411,-19.569,-29.314,-35.041,-16.175,-67.388,11.696,-17.318,-17.318,11.696,-67.388,-16.175,-35.041,-29.314,-31.673,-29.314,13.882,-108.15,12.428,18.539,-44.267,18.539,12.428,-108.15,13.882,-29.314,-31.673,-29.314,13.882,-108.15,12.428,18.539,-44.267,18.539,12.428,-108.15,13.882,-29.314,-19.569,-29.314,-35.041,-16.175,-67.388,11.696,-17.318,-17.318,11.696,-67.388,-16.175,-35.041,-29.314,-19.569,13.411,-27.855,-9.1298,-21.347,-16.887,-16.887,-21.347,-9.1298,-27.855,13.411,27.603,13.411,13.882,-16.175,-149.48,-11.686,-8.8058,28.371,-8.8058,-11.686,-149.48,-16.175,13.882,13.411,27.603,27.833,-3.9274,-34.686,65.014,12.05,65.014,-34.686,-3.9274,27.833,-36.385,27.833,-27.855,-108.15,-67.388,-11.686,15.994,-4.4811,-4.4811,15.994,-11.686,-67.388,-108.15,-27.855,27.833,-36.385,-32.316,6.7577,-44.582,-37.473,-37.473,-44.582,6.7577,-32.316,3.1549,-32.316,-3.9274,-9.1298,12.428,11.696,-8.8058,-4.4811,-17.828,-4.4811,-8.8058,11.696,12.428,-9.1298,-3.9274,-32.316,3.1549,-37.911,26.614,-10.681,124.59,-10.681,26.614,-37.911,25.235,-37.911,6.7577,-34.686,-21.347,18.539,-17.318,28.371,-4.4811,-4.4811,28.371,-17.318,18.539,-21.347,-34.686,6.7577,-37.911,25.235,-28.405,23.215,48.648,48.648,23.215,-28.405,5.4999,-28.405,26.614,-44.582,65.014,-16.887,-44.267,-17.318,-8.8058,15.994,-8.8058,-17.318,-44.267,-16.887,65.014,-44.582,26.614,-28.405,5.4999,-5.3622,-20.754,-65.31,-20.754,-5.3622,-13.86,-5.3622,23.215,-10.681,-37.473,12.05,-16.887,18.539,11.696,-11.686,-11.686,11.696,18.539,-16.887,12.05,-37.473,-10.681,23.215,-5.3622,-13.86,48.275,4.5444,4.5444,48.275,71.278,48.275,-20.754,48.648,124.59,-37.473,65.014,-21.347,12.428,-67.388,-149.48,-67.388,12.428,-21.347,65.014,-37.473,124.59,48.648,-20.754,48.275,71.278,-53.884,-78.058,-53.884,-33.039,-53.884,4.5444,-65.31,48.648,-10.681,-44.582,-34.686,-9.1298,-108.15,-16.175,-16.175,-108.15,-9.1298,-34.686,-44.582,-10.681,48.648,-65.31,4.5444,-53.884,-33.039,90.229,90.229,-24.417,90.229,-78.058,4.5444,-20.754,23.215,26.614,6.7577,-3.9274,-27.855,13.882,-35.041,13.882,-27.855,-3.9274,6.7577,26.614,23.215,-20.754,4.5444,-78.058,90.229,-24.417,95.3,-15.747,95.3,90.229,-53.884,48.275,-5.3622,-28.405,-37.911,-32.316,27.833,13.411,-29.314,-29.314,13.411,27.833,-32.316,-37.911,-28.405,-5.3622,48.275,-53.884,90.229,95.3,-15.747
0,-1.4617e-16,7.812e-17,-4.6856e-16,-2.1525e-15,3.7969e-16,0,-2.404e-16,1.4121e-16,2.1988e-16,-2.9985e-16,-3.9783e-16,0,3.9783e-16,2.9985e-16,-2.1988e-16,-1.4121e-16,2.404e-16,0,-3.7969e-16,2.1525e-15,4.6856e-16,-7.812e-17,1.4617e-16,1.4617e-16,0,2.0385,19.071,122.51,1.5921,42.734,-43.419,-4.3441,35.719,49.537,19.323,75.877,75.877,19.323,49.537,35.719,-4.3441,-43.419,42.734,1.5921,122.51,19.071,2.0385,-7.812e-17,-2.0385,0,19.071,67.891,74.121,31.113,-16.019,18.603,-26.707,13.122,75.397,21.38,-41.288,21.38,75.397,13.122,-26.707,18.603,-16.019,31.113,74.121,67.891,19.071,4.6856e-16,-19.071,-19.071,0,122.51,74.121,23.355,-66.586,32.832,-6.2832,3.4716,-24.842,-109.5,-24.059,-24.059,-109.5,-24.842,3.4716,-6.2832,32.832,-66.586,23.355,74.121,122.51,2.1525e-15,-122.51,-67.891,-122.51,0,1.5921,31.113,-66.586,75.762,56.635,-72.403,-17.616,-116.24,-22.152,-60.595,-22.152,-116.24,-17.616,-72.403,56.635,75.762,-66.586,31.113,1.5921,-3.7969e-16,-1.5921,-74.121,-74.121,-1.5921,0,42.734,-16.019,32.832,56.635,-9.8495,-17.278,42.95,16.291,-20.474,-20.474,16.291,42.95,-17.278,-9.8495,56.635,32.832,-16.019,42.734,0,-42.734,-31.113,-23.355,-31.113,-42.734,0,-43.419,18.603,-6.2832,-72.403,-17.278,-5.0783,3.7846,27.9,-47.076,27.9,3.7846,-5.0783,-17.278,-72.403,-6.2832,18.603,-43.419,2.404e-16,43.419,16.019,66.586,66.586,16.019,43.419,0,-4.3441,-26.707,3.4716,-17.616,42.95,3.7846,71.183,-22.469,-22.469,71.183,3.7846,42.95,-17.616,3.4716,-26.707,-4.3441,-1.4121e-16,4.3441,-18.603,-32.832,-75.762,-32.832,-18.603,4.3441,0,35.719,13.122,-24.842,-116.24,16.291,27.9,-22.469,0.14347,-22.469,27.9,16.291,-116.24,-24.842,13.122,35.719,-2.1988e-16,-35.719,26.707,6.2832,-56.635,-56.635,6.2832,26.707,-35.719,0,49.537,75.397,-109.5,-22.152,-20.474,-47.076,-22.469,-22.469,-47.076,-20.474,-22.152,-109.5,75.397,49.537,2.9985e-16,-49.537,-13.122,-3.4716,72.403,9.8495,72.403,-3.4716,-13.122,-49.537,0,19.323,21.38,-24.059,-60.595,-20.474,27.9,71.183,27.9,-20.474,-60.595,-24.059,21.38,19.323,3.9783e-16,-19.323,-75.397,24.842,17.616,17.278,17.278,17.616,24.842,-75.397,-19.323,0,75.877,-41.288,-24.059,-22.152,16.291,3.7846,3.7846,16.291,-22.152,-24.059,-41.288,75.877,0,-75.877,-21.38,109.5,116.24,-42.95,5.0783,-42.95,116.24,109.5,-21.38,-75.877,0,75.877,21.38,-109.5,-116.24,42.95,-5.0783,42.95,-116.24,-109.5,21.38,75.877,-3.9783e-16,-75.877,41.288,24.059,22.152,-16.291,-3.7846,-3.7846,-16.291,22.152,24.059,41.288,-75.877,0,19.323,75.397,-24.842,-17.616,-17.278,-17.278,-17.616,-24.842,75.397,19.323,-2.9985e-16,-19.323,-21.38,24.059,60.595,20.474,-27.9,-71.183,-27.9,20.474,60.595,24.059,-21.38,-19.323,0,49.537,13.122,3.4716,-72.403,-9.8495,-72.403,3.4716,13.122,49.537,2.1988e-16,-49.537,-75.397,109.5,22.152,20.474,47.076,22.469,22.469,47.076,20.474,22.152,109.5,-75.397,-49.537,0,35.719,-26.707,-6.2832,56.635,56.635,-6.2832,-26.707,35.719,1.4121e-16,-35.719,-13.122,24.842,116.24,-16.291,-27.9,22.469,-0.14347,22.469,-27.9,-16.291,116.24,24.842,-13.122,-35.719,0,-4.3441,18.603,32.832,75.762,32.832,18.603,-4.3441,-2.404e-16,4.3441,26.707,-3.4716,17.616,-42.95,-3.7846,-71.183,22.469,22.469,-71.183,-3.7846,-42.95,17.616,-3.4716,26.707,4.3441,0,-43.419,-16.019,-66.586,-66.586,-16.019,-43.419,0,43.419,-18.603,6.2832,72.403,17.278,5.0783,-3.7846,-27.9,47.076,-27.9,-3.7846,5.0783,17.278,72.403,6.2832,-18.603,43.419,0,42.734,31.113,23.355,31.113,42.734,3.7969e-16,-42.734,16.019,-32.832,-56.635,9.8495,17.278,-42.95,-16.291,20.474,20.474,-16.291,-42.95,17.278,9.8495,-56.635,-32.832,16.019,-42.734,0,1.5921,74.121,74.121,1.5921,-2.1525e-15,-1.5921,-31.113,66.586,-75.762,-56.635,72.403,17.616,116.24,22.152,60.595,22.152,116.24,17.616,72.403,-56.635,-75.762,66.586,-31.113,-1.5921,0,122.51,67.891,122.51,-4.6856e-16,-122.51,-74.121,-23.355,66.586,-32.832,6.2832,-3.4716,24.842,109.5,24.059,24.059,109.5,24.842,-3.4716,6.2832,-32.832,66.586,-23.355,-74.121,-122.51,0,19.071,19.071,7.812e-17,-19.071,-67.891,-74.121,-31.113,16.019,-18.603,26.707,-13.122,-75.397,-21.38,41.288,-21.38,-75.397,-13.122,26.707,-18.603,16.019,-31.113,-74.121,-67.891,-19.071,0,2.0385,-1.4617e-16,-2.0385,-19.071,-122.51,-1.5921,-42.734,43.419,4.3441,-35.719,-49.537,-19.323,-75.877,-75.877,-19.323,-49.537,-35.719,4.3441,43.419,-42.734,-1.5921,-122.51,-19.071,-2.0385,0
