14.352,-4.1995,-1.0419,-0.53482,10.986,2.6558,-17.669,31.621,-3.4495,-46.265,2.4691,131.41,164.48,131.41,2.4691,-46.265,-3.4495,31.621,-17.669,2.6558,10.986,-0.53482,-1.0419,-4.1995,-4.1995,-4.1995,-15.426,25.127,-66.132,41.276,-53.695,-14.591,30.189,-165.12,-269.04,350.75,-104.68,-104.68,350.75,-269.04,-165.12,30.189,-14.591,-53.695,41.276,-66.132,25.127,-15.426,-1.0419,-15.426,-1.0419,25.127,-7.6551,28.895,2.4149,-10.623,3.0431,37.623,25.157,-43.911,90.361,-7.578,90.361,-43.911,25.157,37.623,3.0431,-10.623,2.4149,28.895,-7.6551,25.127,-0.53482,25.127,25.127,-0.53482,-66.132,28.895,-40.439,-28.632,-50.601,102.39,-167.05,-9.9246,-145.53,-42.563,-42.563,-145.53,-9.9246,-167.05,102.39,-50.601,-28.632,-40.439,28.895,-66.132,10.986,-66.132,-7.6551,-66.132,10.986,41.276,2.4149,-28.632,-27.831,-21.236,0.39278,-31.88,-29.815,-44.151,-5.216,-44.151,-29.815,-31.88,0.39278,-21.236,-27.831,-28.632,2.4149,41.276,2.6558,41.276,28.895,28.895,41.276,2.6558,-53.695,-10.623,-50.601,-21.236,303.23,-97.898,-238.73,133.69,-298.19,-298.19,133.69,-238.73,-97.898,303.23,-21.236,-50.601,-10.623,-53.695,-17.669,-53.695,2.4149,-40.439,2.4149,-53.695,-17.669,-14.591,3.0431,102.39,0.39278,-97.898,127.18,116.64,-125.92,-259.14,-125.92,116.64,127.18,-97.898,0.39278,102.39,3.0431,-14.591,31.621,-14.591,-10.623,-28.632,-28.632,-10.623,-14.591,31.621,30.189,37.623,-167.05,-31.88,-238.73,116.64,148.59,7.5377,7.5377,148.59,116.64,-238.73,-31.88,-167.05,37.623,30.189,-3.4495,30.189,3.0431,-50.601,-27.831,-50.601,3.0431,30.189,-3.4495,-165.12,25.157,-9.9246,-29.815,133.69,-125.92,7.5377,-40.278,7.5377,-125.92,133.69,-29.815,-9.9246,25.157,-165.12,-46.265,-165.12,37.623,102.39,-21.236,-21.236,102.39,37.623,-165.12,-46.265,-269.04,-43.911,-145.53,-44.151,-298.19,-259.14,7.5377,7.5377,-259.14,-298.19,-44.151,-145.53,-43.911,-269.04,2.4691,-269.04,25.157,-167.05,0.39278,303.23,0.39278,-167.05,25.157,-269.04,2.4691,350.75,90.361,-42.563,-5.216,-298.19,-125.92,148.59,-125.92,-298.19,-5.216,-42.563,90.361,350.75,131.41,350.75,-43.911,-9.9246,-31.88,-97.898,-97.898,-31.88,-9.9246,-43.911,350.75,131.41,-104.68,-7.578,-42.563,-44.151,133.69,116.64,116.64,133.69,-44.151,-42.563,-7.578,-104.68,164.48,-104.68,90.361,-145.53,-29.815,-238.73,127.18,-238.73,-29.815,-145.53,90.361,-104.68,164.48,-104.68,90.361,-145.53,-29.815,-238.73,127.18,-238.73,-29.815,-145.53,90.361,-104.68,131.41,-104.68,-7.578,-42.563,-44.151,133.69,116.64,116.64,133.69,-44.151,-42.563,-7.578,-104.68,131.41,350.75,-43.911,-9.9246,-31.88,-97.898,-97.898,-31.88,-9.9246,-43.911,350.75,2.4691,350.75,90.361,-42.563,-5.216,-298.19,-125.92,148.59,-125.92,-298.19,-5.216,-42.563,90.361,350.75,2.4691,-269.04,25.157,-167.05,0.39278,303.23,0.39278,-167.05,25.157,-269.04,-46.265,-269.04,-43.911,-145.53,-44.151,-298.19,-259.14,7.5377,7.5377,-259.14,-298.19,-44.151,-145.53,-43.911,-269.04,-46.265,-165.12,37.623,102.39,-21.236,-21.236,102.39,37.623,-165.12,-3.4495,-165.12,25.157,-9.9246,-29.815,133.69,-125.92,7.5377,-40.278,7.5377,-125.92,133.69,-29.815,-9.9246,25.157,-165.12,-3.4495,30.189,3.0431,-50.601,-27.831,-50.601,3.0431,30.189,31.621,30.189,37.623,-167.05,-31.88,-238.73,116.64,148.59,7.5377,7.5377,148.59,116.64,-238.73,-31.88,-167.05,37.623,30.189,31.621,-14.591,-10.623,-28.632,-28.632,-10.623,-14.591,-17.669,-14.591,3.0431,102.39,0.39278,-97.898,127.18,116.64,-125.92,-259.14,-125.92,116.64,127.18,-97.898,0.39278,102.39,3.0431,-14.591,-17.669,-53.695,2.4149,-40.439,2.4149,-53.695,2.6558,-53.695,-10.623,-50.601,-21.236,303.23,-97.898,-238.73,133.69,-298.19,-298.19,133.69,-238.73,-97.898,303.23,-21.236,-50.601,-10.623,-53.695,2.6558,41.276,28.895,28.895,41.276,10.986,41.276,2.4149,-28.632,-27.831,-21.236,0.39278,-31.88,-29.815,-44.151,-5.216,-44.151,-29.815,-31.88,0.39278,-21.236,-27.831,-28.632,2.4149,41.276,10.986,-66.132,-7.6551,-66.132,-0.53482,-66.132,28.895,-40.439,-28.632,-50.601,102.39,-167.05,-9.9246,-145.53,-42.563,-42.563,-145.53,-9.9246,-167.05,102.39,-50.601,-28.632,-40.439,28.895,-66.132,-0.53482,25.127,25.127,-1.0419,25.127,-7.6551,28.895,2.4149,-10.623,3.0431,37.623,25.157,-43.911,90.361,-7.578,90.361,-43.911,25.157,37.623,3.0431,-10.623,2.4149,28.895,-7.6551,25.127,-1.0419,-15.426,-4.1995,-15.426,25.127,-66.132,41.276,-53.695,-14.591,30.189,-165.12,-269.04,350.75,-104.68,-104.68,350.75,-269.04,-165.12,30.189,-14.591,-53.695,41.276,-66.132,25.127,-15.426,-4.1995
0,3.1145e-16,1.3754e-17,3.677e-16,3.6346e-16,-3.2134e-16,-7.4696e-17,2.2354e-16,2.16e-16,0,8.8104e-16,-1.9003e-15,0,1.9003e-15,-8.8104e-16,0,-2.16e-16,-2.2354e-16,7.4696e-17,3.2134e-16,-3.6346e-16,-3.677e-16,-1.3754e-17,-3.1145e-16,-3.1145e-16,0,52.278,31.575,-9.1515,-154.06,-156.31,127.22,-64.068,7.0539,-340.21,216.39,-76.27,-76.27,216.39,-340.21,7.0539,-64.068,127.22,-156.31,-154.06,-9.1515,31.575,52.278,-1.3754e-17,-52.278,0,31.575,3.3774,21.344,31.362,-36.348,-28.197,-4.1732,-40.781,8.4275,71.9,-10.276,71.9,8.4275,-40.781,-4.1732,-28.197,-36.348,31.362,21.344,3.3774,31.575,-3.677e-16,-31.575,-31.575,0,-9.1515,21.344,-51.198,55.785,56.564,104.84,20.935,-50.661,-94.184,65.513,65.513,-94.184,-50.661,20.935,104.84,56.564,55.785,-51.198,21.344,-9.1515,-3.6346e-16,9.1515,-3.3774,9.1515,0,-154.06,31.362,55.785,-15.229,159.99,176.43,52.588,-7.2345,90.698,-366.98,90.698,-7.2345,52.588,176.43,159.99,-15.229,55.785,31.362,-154.06,3.2134e-16,154.06,-21.344,-21.344,154.06,0,-156.31,-36.348,56.564,159.99,171.75,-27.93,57.959,27.51,-237.47,-237.47,27.51,57.959,-27.93,171.75,159.99,56.564,-36.348,-156.31,7.4696e-17,156.31,-31.362,51.198,-31.362,156.31,0,127.22,-28.197,104.84,176.43,-27.93,101.19,17.809,91.487,-116.75,91.487,17.809,101.19,-27.93,176.43,104.84,-28.197,127.22,-2.2354e-16,-127.22,36.348,-55.785,-55.785,36.348,-127.22,0,-64.068,-4.1732,20.935,52.588,57.959,17.809,-138.25,-82.652,-82.652,-138.25,17.809,57.959,52.588,20.935,-4.1732,-64.068,-2.16e-16,64.068,28.197,-56.564,15.229,-56.564,28.197,64.068,0,7.0539,-40.781,-50.661,-7.2345,27.51,91.487,-82.652,2.3711,-82.652,91.487,27.51,-7.2345,-50.661,-40.781,7.0539,0,-7.0539,4.1732,-104.84,-159.99,-159.99,-104.84,4.1732,-7.0539,0,-340.21,8.4275,-94.184,90.698,-237.47,-116.75,-82.652,-82.652,-116.75,-237.47,90.698,-94.184,8.4275,-340.21,-8.8104e-16,340.21,40.781,-20.935,-176.43,-171.75,-176.43,-20.935,40.781,340.21,0,216.39,71.9,65.513,-366.98,-237.47,91.487,-138.25,91.487,-237.47,-366.98,65.513,71.9,216.39,1.9003e-15,-216.39,-8.4275,50.661,-52.588,27.93,27.93,-52.588,50.661,-8.4275,-216.39,0,-76.27,-10.276,65.513,90.698,27.51,17.809,17.809,27.51,90.698,65.513,-10.276,-76.27,0,76.27,-71.9,94.184,7.2345,-57.959,-101.19,-57.959,7.2345,94.184,-71.9,76.27,0,-76.27,71.9,-94.184,-7.2345,57.959,101.19,57.959,-7.2345,-94.184,71.9,-76.27,-1.9003e-15,76.27,10.276,-65.513,-90.698,-27.51,-17.809,-17.809,-27.51,-90.698,-65.513,10.276,76.27,0,216.39,8.4275,-50.661,52.588,-27.93,-27.93,52.588,-50.661,8.4275,216.39,8.8104e-16,-216.39,-71.9,-65.513,366.98,237.47,-91.487,138.25,-91.487,237.47,366.98,-65.513,-71.9,-216.39,0,-340.21,-40.781,20.935,176.43,171.75,176.43,20.935,-40.781,-340.21,0,340.21,-8.4275,94.184,-90.698,237.47,116.75,82.652,82.652,116.75,237.47,-90.698,94.184,-8.4275,340.21,0,7.0539,-4.1732,104.84,159.99,159.99,104.84,-4.1732,7.0539,2.16e-16,-7.0539,40.781,50.661,7.2345,-27.51,-91.487,82.652,-2.3711,82.652,-91.487,-27.51,7.2345,50.661,40.781,-7.0539,0,-64.068,-28.197,56.564,-15.229,56.564,-28.197,-64.068,2.2354e-16,64.068,4.1732,-20.935,-52.588,-57.959,-17.809,138.25,82.652,82.652,138.25,-17.809,-57.959,-52.588,-20.935,4.1732,64.068,0,127.22,-36.348,55.785,55.785,-36.348,127.22,-7.4696e-17,-127.22,28.197,-104.84,-176.43,27.93,-101.19,-17.809,-91.487,116.75,-91.487,-17.809,-101.19,27.93,-176.43,-104.84,28.197,-127.22,0,-156.31,31.362,-51.198,31.362,-156.31,-3.2134e-16,156.31,36.348,-56.564,-159.99,-171.75,27.93,-57.959,-27.51,237.47,237.47,-27.51,-57.959,27.93,-171.75,-159.99,-56.564,36.348,156.31,0,-154.06,21.344,21.344,-154.06,3.6346e-16,154.06,-31.362,-55.785,15.229,-159.99,-176.43,-52.588,7.2345,-90.698,366.98,-90.698,7.2345,-52.588,-176.43,-159.99,15.229,-55.785,-31.362,154.06,0,-9.1515,3.3774,-9.1515,3.677e-16,9.1515,-21.344,51.198,-55.785,-56.564,-104.84,-20.935,50.661,94.184,-65.513,-65.513,94.184,50.661,-20.935,-104.84,-56.564,-55.785,51.198,-21.344,9.1515,0,31.575,31.575,1.3754e-17,-31.575,-3.3774,-21.344,-31.362,36.348,28.197,4.1732,40.781,-8.4275,-71.9,10.276,-71.9,-8.4275,40.781,4.1732,28.197,36.348,-31.362,-21.344,-3.3774,-31.575,0,52.278,3.1145e-16,-52.278,-31.575,9.1515,154.06,156.31,-127.22,64.068,-7.0539,340.21,-216.39,76.27,76.27,-216.39,340.21,-7.0539,64.068,-127.22,156.31,154.06,9.1515,-31.575,-52.278,0
