-0.94,-6.9823,-20.241,-5.5659,-1.7463,-24.293,-3.1929,-4.5179,-1.0662,-25.432,-2.6435,-3.7858,-83.469,-3.7858,-2.6435,-25.432,-1.0662,-4.5179,-3.1929,-24.293,-1.7463,-5.5659,-20.241,-6.9823,-6.9823,-6.9823,-73.656,-8.777,-20.95,71.27,36.736,33.686,26.327,37.098,32.817,-18.13,2.2357,2.2357,-18.13,32.817,37.098,26.327,33.686,36.736,71.27,-20.95,-8.777,-73.656,-20.241,-73.656,-20.241,-8.777,48.138,-32.172,-24.591,-87.127,0.31838,-5.5203,-17.267,-8.8333,-71.401,-10.145,-71.401,-8.8333,-17.267,-5.5203,0.31838,-87.127,-24.591,-32.172,48.138,-8.777,-5.5659,-8.777,-8.777,-5.5659,-20.95,-32.172,7.8963,-24.739,-2.3899,-15.694,-14.888,13.344,7.9729,15.53,15.53,7.9729,13.344,-14.888,-15.694,-2.3899,-24.739,7.8963,-32.172,-20.95,-1.7463,-20.95,48.138,-20.95,-1.7463,71.27,-24.591,-24.739,42.065,75.592,37.557,6.2764,-49.314,22.21,-36.487,22.21,-49.314,6.2764,37.557,75.592,42.065,-24.739,-24.591,71.27,-24.293,71.27,-32.172,-32.172,71.27,-24.293,36.736,-87.127,-2.3899,75.592,68.5,-43.124,-50.929,6.5298,-2.7655,-2.7655,6.5298,-50.929,-43.124,68.5,75.592,-2.3899,-87.127,36.736,-3.1929,36.736,-24.591,7.8963,-24.591,36.736,-3.1929,33.686,0.31838,-15.694,37.557,-43.124,47.759,4.2552,-6.0713,-45.896,-6.0713,4.2552,47.759,-43.124,37.557,-15.694,0.31838,33.686,-4.5179,33.686,-87.127,-24.739,-24.739,-87.127,33.686,-4.5179,26.327,-5.5203,-14.888,6.2764,-50.929,4.2552,-33.785,-35.052,-35.052,-33.785,4.2552,-50.929,6.2764,-14.888,-5.5203,26.327,-1.0662,26.327,0.31838,-2.3899,42.065,-2.3899,0.31838,26.327,-1.0662,37.098,-17.267,13.344,-49.314,6.5298,-6.0713,-35.052,-9.9169,-35.052,-6.0713,6.5298,-49.314,13.344,-17.267,37.098,-25.432,37.098,-5.5203,-15.694,75.592,75.592,-15.694,-5.5203,37.098,-25.432,32.817,-8.8333,7.9729,22.21,-2.7655,-45.896,-35.052,-35.052,-45.896,-2.7655,22.21,7.9729,-8.8333,32.817,-2.6435,32.817,-17.267,-14.888,37.557,68.5,37.557,-14.888,-17.267,32.817,-2.6435,-18.13,-71.401,15.53,-36.487,-2.7655,-6.0713,-33.785,-6.0713,-2.7655,-36.487,15.53,-71.401,-18.13,-3.7858,-18.13,-8.8333,13.344,6.2764,-43.124,-43.124,6.2764,13.344,-8.8333,-18.13,-3.7858,2.2357,-10.145,15.53,22.21,6.5298,4.2552,4.2552,6.5298,22.21,15.53,-10.145,2.2357,-83.469,2.2357,-71.401,7.9729,-49.314,-50.929,47.759,-50.929,-49.314,7.9729,-71.401,2.2357,-83.469,2.2357,-71.401,7.9729,-49.314,-50.929,47.759,-50.929,-49.314,7.9729,-71.401,2.2357,-3.7858,2.2357,-10.145,15.53,22.21,6.5298,4.2552,4.2552,6.5298,22.21,15.53,-10.145,2.2357,-3.7858,-18.13,-8.8333,13.344,6.2764,-43.124,-43.124,6.2764,13.344,-8.8333,-18.13,-2.6435,-18.13,-71.401,15.53,-36.487,-2.7655,-6.0713,-33.785,-6.0713,-2.7655,-36.487,15.53,-71.401,-18.13,-2.6435,32.817,-17.267,-14.888,37.557,68.5,37.557,-14.888,-17.267,32.817,-25.432,32.817,-8.8333,7.9729,22.21,-2.7655,-45.896,-35.052,-35.052,-45.896,-2.7655,22.21,7.9729,-8.8333,32.817,-25.432,37.098,-5.5203,-15.694,75.592,75.592,-15.694,-5.5203,37.098,-1.0662,37.098,-17.267,13.344,-49.314,6.5298,-6.0713,-35.052,-9.9169,-35.052,-6.0713,6.5298,-49.314,13.344,-17.267,37.098,-1.0662,26.327,0.31838,-2.3899,42.065,-2.3899,0.31838,26.327,-4.5179,26.327,-5.5203,-14.888,6.2764,-50.929,4.2552,-33.785,-35.052,-35.052,-33.785,4.2552,-50.929,6.2764,-14.888,-5.5203,26.327,-4.5179,33.686,-87.127,-24.739,-24.739,-87.127,33.686,-3.1929,33.686,0.31838,-15.694,37.557,-43.124,47.759,4.2552,-6.0713,-45.896,-6.0713,4.2552,47.759,-43.124,37.557,-15.694,0.31838,33.686,-3.1929,36.736,-24.591,7.8963,-24.591,36.736,-24.293,36.736,-87.127,-2.3899,75.592,68.5,-43.124,-50.929,6.5298,-2.7655,-2.7655,6.5298,-50.929,-43.124,68.5,75.592,-2.3899,-87.127,36.736,-24.293,71.27,-32.172,-32.172,71.27,-1.7463,71.27,-24.591,-24.739,42.065,75.592,37.557,6.2764,-49.314,22.21,-36.487,22.21,-49.314,6.2764,37.557,75.592,42.065,-24.739,-24.591,71.27,-1.7463,-20.95,48.138,-20.95,-5.5659,-20.95,-32.172,7.8963,-24.739,-2.3899,-15.694,-14.888,13.344,7.9729,15.53,15.53,7.9729,13.344,-14.888,-15.694,-2.3899,-24.739,7.8963,-32.172,-20.95,-5.5659,-8.777,-8.777,-20.241,-8.777,48.138,-32.172,-24.591,-87.127,0.31838,-5.5203,-17.267,-8.8333,-71.401,-10.145,-71.401,-8.8333,-17.267,-5.5203,0.31838,-87.127,-24.591,-32.172,48.138,-8.777,-20.241,-73.656,-6.9823,-73.656,-8.777,-20.95,71.27,36.736,33.686,26.327,37.098,32.817,-18.13,2.2357,2.2357,-18.13,32.817,37.098,26.327,33.686,36.736,71.27,-20.95,-8.777,-73.656,-6.9823
0,1.7944e-18,4.4045e-16,1.7304e-18,-1.8384e-17,1.8874e-20,-1.1549e-18,-4.6202e-18,-6.3899e-18,-1.5136e-16,1.9312e-18,-1.1512e-18,0,1.1512e-18,-1.9312e-18,1.5136e-16,6.3899e-18,4.6202e-18,1.1549e-18,-1.8874e-20,1.8384e-17,-1.7304e-18,-4.4045e-16,-1.7944e-18,-1.7944e-18,0,50.181,-36.447,-49.468,-109.41,-36.148,30.458,-16.482,-32.096,-34.845,26.496,24.157,24.157,26.496,-34.845,-32.096,-16.482,30.458,-36.148,-109.41,-49.468,-36.447,50.181,-4.4045e-16,-50.181,0,-36.447,88.166,49.1,55.302,-75.586,-17.826,3.7584,5.9538,7.3389,3.9348,29.916,3.9348,7.3389,5.9538,3.7584,-17.826,-75.586,55.302,49.1,88.166,-36.447,-1.7304e-18,36.447,36.447,0,-49.468,49.1,22.888,-33.872,-37.892,-28.441,-4.6095,-3.7083,-72.204,-4.2959,-4.2959,-72.204,-3.7083,-4.6095,-28.441,-37.892,-33.872,22.888,49.1,-49.468,1.8384e-17,49.468,-88.166,49.468,0,-109.41,55.302,-33.872,-42.669,-47.484,1.6954,37.215,-56.938,32.912,-8.3229,32.912,-56.938,37.215,1.6954,-47.484,-42.669,-33.872,55.302,-109.41,-1.8874e-20,109.41,-49.1,-49.1,109.41,0,-36.148,-75.586,-37.892,-47.484,28.621,1.857,-32.94,14.225,-32.585,-32.585,14.225,-32.94,1.857,28.621,-47.484,-37.892,-75.586,-36.148,1.1549e-18,36.148,-55.302,-22.888,-55.302,36.148,0,30.458,-17.826,-28.441,1.6954,1.857,38.021,19.998,-16.349,-44.346,-16.349,19.998,38.021,1.857,1.6954,-28.441,-17.826,30.458,4.6202e-18,-30.458,75.586,33.872,33.872,75.586,-30.458,0,-16.482,3.7584,-4.6095,37.215,-32.94,19.998,8.1985,8.9769,8.9769,8.1985,19.998,-32.94,37.215,-4.6095,3.7584,-16.482,6.3899e-18,16.482,17.826,37.892,42.669,37.892,17.826,16.482,0,-32.096,5.9538,-3.7083,-56.938,14.225,-16.349,8.9769,3.8722,8.9769,-16.349,14.225,-56.938,-3.7083,5.9538,-32.096,1.5136e-16,32.096,-3.7584,28.441,47.484,47.484,28.441,-3.7584,32.096,0,-34.845,7.3389,-72.204,32.912,-32.585,-44.346,8.9769,8.9769,-44.346,-32.585,32.912,-72.204,7.3389,-34.845,-1.9312e-18,34.845,-5.9538,4.6095,-1.6954,-28.621,-1.6954,4.6095,-5.9538,34.845,0,26.496,3.9348,-4.2959,-8.3229,-32.585,-16.349,8.1985,-16.349,-32.585,-8.3229,-4.2959,3.9348,26.496,1.1512e-18,-26.496,-7.3389,3.7083,-37.215,-1.857,-1.857,-37.215,3.7083,-7.3389,-26.496,0,24.157,29.916,-4.2959,32.912,14.225,19.998,19.998,14.225,32.912,-4.2959,29.916,24.157,0,-24.157,-3.9348,72.204,56.938,32.94,-38.021,32.94,56.938,72.204,-3.9348,-24.157,0,24.157,3.9348,-72.204,-56.938,-32.94,38.021,-32.94,-56.938,-72.204,3.9348,24.157,-1.1512e-18,-24.157,-29.916,4.2959,-32.912,-14.225,-19.998,-19.998,-14.225,-32.912,4.2959,-29.916,-24.157,0,26.496,7.3389,-3.7083,37.215,1.857,1.857,37.215,-3.7083,7.3389,26.496,1.9312e-18,-26.496,-3.9348,4.2959,8.3229,32.585,16.349,-8.1985,16.349,32.585,8.3229,4.2959,-3.9348,-26.496,0,-34.845,5.9538,-4.6095,1.6954,28.621,1.6954,-4.6095,5.9538,-34.845,-1.5136e-16,34.845,-7.3389,72.204,-32.912,32.585,44.346,-8.9769,-8.9769,44.346,32.585,-32.912,72.204,-7.3389,34.845,0,-32.096,3.7584,-28.441,-47.484,-47.484,-28.441,3.7584,-32.096,-6.3899e-18,32.096,-5.9538,3.7083,56.938,-14.225,16.349,-8.9769,-3.8722,-8.9769,16.349,-14.225,56.938,3.7083,-5.9538,32.096,0,-16.482,-17.826,-37.892,-42.669,-37.892,-17.826,-16.482,-4.6202e-18,16.482,-3.7584,4.6095,-37.215,32.94,-19.998,-8.1985,-8.9769,-8.9769,-8.1985,-19.998,32.94,-37.215,4.6095,-3.7584,16.482,0,30.458,-75.586,-33.872,-33.872,-75.586,30.458,-1.1549e-18,-30.458,17.826,28.441,-1.6954,-1.857,-38.021,-19.998,16.349,44.346,16.349,-19.998,-38.021,-1.857,-1.6954,28.441,17.826,-30.458,0,-36.148,55.302,22.888,55.302,-36.148,1.8874e-20,36.148,75.586,37.892,47.484,-28.621,-1.857,32.94,-14.225,32.585,32.585,-14.225,32.94,-1.857,-28.621,47.484,37.892,75.586,36.148,0,-109.41,49.1,49.1,-109.41,-1.8384e-17,109.41,-55.302,33.872,42.669,47.484,-1.6954,-37.215,56.938,-32.912,8.3229,-32.912,56.938,-37.215,-1.6954,47.484,42.669,33.872,-55.302,109.41,0,-49.468,88.166,-49.468,1.7304e-18,49.468,-49.1,-22.888,33.872,37.892,28.441,4.6095,3.7083,72.204,4.2959,4.2959,72.204,3.7083,4.6095,28.441,37.892,33.872,-22.888,-49.1,49.468,0,-36.447,-36.447,4.4045e-16,36.447,-88.166,-49.1,-55.302,75.586,17.826,-3.7584,-5.9538,-7.3389,-3.9348,-29.916,-3.9348,-7.3389,-5.9538,-3.7584,17.826,75.586,-55.302,-49.1,-88.166,36.447,0,50.181,1.7944e-18,-50.181,36.447,49.468,109.41,36.148,-30.458,16.482,32.096,34.845,-26.496,-24.157,-24.157,-26.496,34.845,32.096,16.482,-30.458,36.148,109.41,49.468,36.447,-50.181,0
