4.478,17.66,1.7406,9.8802,7.6454,1.5561,18.764,18.866,45.603,8.0834,7.8381,3.4304,0.2905,3.4304,7.8381,8.0834,45.603,18.866,18.764,1.5561,7.6454,9.8802,1.7406,17.66,17.66,17.66,-1.4791,-41.288,-7.2078,3.9004,42.919,23.753,-36.754,64.827,53.133,-9.3108,41.773,41.773,-9.3108,53.133,64.827,-36.754,23.753,42.919,3.9004,-7.2078,-41.288,-1.4791,1.7406,-1.4791,1.7406,-41.288,-29.688,1.6027,11.28,50.584,34.906,-66.504,-63.999,22.803,111.52,-5.4164,111.52,22.803,-63.999,-66.504,34.906,50.584,11.28,1.6027,-29.688,-41.288,9.8802,-41.288,-41.288,9.8802,-7.2078,1.6027,-6.984,-16.463,-7.235,6.2834,18.378,-10.947,-60.163,-6.2276,-6.2276,-60.163,-10.947,18.378,6.2834,-7.235,-16.463,-6.984,1.6027,-7.2078,7.6454,-7.2078,-29.688,-7.2078,7.6454,3.9004,11.28,-16.463,21.204,0.097409,12.577,15.349,35.521,-2.8914,-10.2,-2.8914,35.521,15.349,12.577,0.097409,21.204,-16.463,11.28,3.9004,1.5561,3.9004,1.6027,1.6027,3.9004,1.5561,42.919,50.584,-7.235,0.097409,-34.448,13.9,19.079,28.12,-48.716,-48.716,28.12,19.079,13.9,-34.448,0.097409,-7.235,50.584,42.919,18.764,42.919,11.28,-6.984,11.28,42.919,18.764,23.753,34.906,6.2834,12.577,13.9,66.021,-13.302,-0.0090381,-35.986,-0.0090381,-13.302,66.021,13.9,12.577,6.2834,34.906,23.753,18.866,23.753,50.584,-16.463,-16.463,50.584,23.753,18.866,-36.754,-66.504,18.378,15.349,19.079,-13.302,0.11656,7.7014,7.7014,0.11656,-13.302,19.079,15.349,18.378,-66.504,-36.754,45.603,-36.754,34.906,-7.235,21.204,-7.235,34.906,-36.754,45.603,64.827,-63.999,-10.947,35.521,28.12,-0.0090381,7.7014,127.2,7.7014,-0.0090381,28.12,35.521,-10.947,-63.999,64.827,8.0834,64.827,-66.504,6.2834,0.097409,0.097409,6.2834,-66.504,64.827,8.0834,53.133,22.803,-60.163,-2.8914,-48.716,-35.986,7.7014,7.7014,-35.986,-48.716,-2.8914,-60.163,22.803,53.133,7.8381,53.133,-63.999,18.378,12.577,-34.448,12.577,18.378,-63.999,53.133,7.8381,-9.3108,111.52,-6.2276,-10.2,-48.716,-0.0090381,0.11656,-0.0090381,-48.716,-10.2,-6.2276,111.52,-9.3108,3.4304,-9.3108,22.803,-10.947,15.349,13.9,13.9,15.349,-10.947,22.803,-9.3108,3.4304,41.773,-5.4164,-6.2276,-2.8914,28.12,-13.302,-13.302,28.12,-2.8914,-6.2276,-5.4164,41.773,0.2905,41.773,111.52,-60.163,35.521,19.079,66.021,19.079,35.521,-60.163,111.52,41.773,0.2905,41.773,111.52,-60.163,35.521,19.079,66.021,19.079,35.521,-60.163,111.52,41.773,3.4304,41.773,-5.4164,-6.2276,-2.8914,28.12,-13.302,-13.302,28.12,-2.8914,-6.2276,-5.4164,41.773,3.4304,-9.3108,22.803,-10.947,15.349,13.9,13.9,15.349,-10.947,22.803,-9.3108,7.8381,-9.3108,111.52,-6.2276,-10.2,-48.716,-0.0090381,0.11656,-0.0090381,-48.716,-10.2,-6.2276,111.52,-9.3108,7.8381,53.133,-63.999,18.378,12.577,-34.448,12.577,18.378,-63.999,53.133,8.0834,53.133,22.803,-60.163,-2.8914,-48.716,-35.986,7.7014,7.7014,-35.986,-48.716,-2.8914,-60.163,22.803,53.133,8.0834,64.827,-66.504,6.2834,0.097409,0.097409,6.2834,-66.504,64.827,45.603,64.827,-63.999,-10.947,35.521,28.12,-0.0090381,7.7014,127.2,7.7014,-0.0090381,28.12,35.521,-10.947,-63.999,64.827,45.603,-36.754,34.906,-7.235,21.204,-7.235,34.906,-36.754,18.866,-36.754,-66.504,18.378,15.349,19.079,-13.302,0.11656,7.7014,7.7014,0.11656,-13.302,19.079,15.349,18.378,-66.504,-36.754,18.866,23.753,50.584,-16.463,-16.463,50.584,23.753,18.764,23.753,34.906,6.2834,12.577,13.9,66.021,-13.302,-0.0090381,-35.986,-0.0090381,-13.302,66.021,13.9,12.577,6.2834,34.906,23.753,18.764,42.919,11.28,-6.984,11.28,42.919,1.5561,42.919,50.584,-7.235,0.097409,-34.448,13.9,19.079,28.12,-48.716,-48.716,28.12,19.079,13.9,-34.448,0.097409,-7.235,50.584,42.919,1.5561,3.9004,1.6027,1.6027,3.9004,7.6454,3.9004,11.28,-16.463,21.204,0.097409,12.577,15.349,35.521,-2.8914,-10.2,-2.8914,35.521,15.349,12.577,0.097409,21.204,-16.463,11.28,3.9004,7.6454,-7.2078,-29.688,-7.2078,9.8802,-7.2078,1.6027,-6.984,-16.463,-7.235,6.2834,18.378,-10.947,-60.163,-6.2276,-6.2276,-60.163,-10.947,18.378,6.2834,-7.235,-16.463,-6.984,1.6027,-7.2078,9.8802,-41.288,-41.288,1.7406,-41.288,-29.688,1.6027,11.28,50.584,34.906,-66.504,-63.999,22.803,111.52,-5.4164,111.52,22.803,-63.999,-66.504,34.906,50.584,11.28,1.6027,-29.688,-41.288,1.7406,-1.4791,17.66,-1.4791,-41.288,-7.2078,3.9004,42.919,23.753,-36.754,64.827,53.133,-9.3108,41.773,41.773,-9.3108,53.133,64.827,-36.754,23.753,42.919,3.9004,-7.2078,-41.288,-1.4791,17.66
0,-1.5069e-16,-1.3513e-17,2.2476e-16,4.0018e-17,-1.3914e-17,2.858e-19,-1.4998e-16,-7.2161e-19,-1.2244e-18,-2.0299e-16,3.8263e-17,0,-3.8263e-17,2.0299e-16,1.2244e-18,7.2161e-19,1.4998e-16,-2.858e-19,1.3914e-17,-4.0018e-17,-2.2476e-16,1.3513e-17,1.5069e-16,1.5069e-16,0,89.212,-20.778,-9.4852,11.315,5.3442,-7.3067,-48.392,-9.237,18.91,9.0997,-7.2805,-7.2805,9.0997,18.91,-9.237,-48.392,-7.3067,5.3442,11.315,-9.4852,-20.778,89.212,1.3513e-17,-89.212,0,-20.778,-55.51,54.64,-20.454,-15.373,-56.499,13.828,-59.281,43.771,145.26,-18.614,145.26,43.771,-59.281,13.828,-56.499,-15.373,-20.454,54.64,-55.51,-20.778,-2.2476e-16,20.778,20.778,0,-9.4852,54.64,5.7476,13.345,39.75,34.145,-27.94,18.255,-39.889,-7.7564,-7.7564,-39.889,18.255,-27.94,34.145,39.75,13.345,5.7476,54.64,-9.4852,-4.0018e-17,9.4852,55.51,9.4852,0,11.315,-20.454,13.345,20.295,-24.133,-26.806,0.4758,23.442,11.806,-2.7618,11.806,23.442,0.4758,-26.806,-24.133,20.295,13.345,-20.454,11.315,1.3914e-17,-11.315,-54.64,-54.64,-11.315,0,5.3442,-15.373,39.75,-24.133,-29.563,10.73,-53.25,-7.1005,1.798,1.798,-7.1005,-53.25,10.73,-29.563,-24.133,39.75,-15.373,5.3442,-2.858e-19,-5.3442,20.454,-5.7476,20.454,-5.3442,0,-7.3067,-56.499,34.145,-26.806,10.73,18.718,-7.9407,9.1982,-2.2552,9.1982,-7.9407,18.718,10.73,-26.806,34.145,-56.499,-7.3067,1.4998e-16,7.3067,15.373,-13.345,-13.345,15.373,7.3067,0,-48.392,13.828,-27.94,0.4758,-53.25,-7.9407,-19.006,66.74,66.74,-19.006,-7.9407,-53.25,0.4758,-27.94,13.828,-48.392,7.2161e-19,48.392,56.499,-39.75,-20.295,-39.75,56.499,48.392,0,-9.237,-59.281,18.255,23.442,-7.1005,9.1982,66.74,-43.297,66.74,9.1982,-7.1005,23.442,18.255,-59.281,-9.237,1.2244e-18,9.237,-13.828,-34.145,24.133,24.133,-34.145,-13.828,9.237,0,18.91,43.771,-39.889,11.806,1.798,-2.2552,66.74,66.74,-2.2552,1.798,11.806,-39.889,43.771,18.91,2.0299e-16,-18.91,59.281,27.94,26.806,29.563,26.806,27.94,59.281,-18.91,0,9.0997,145.26,-7.7564,-2.7618,1.798,9.1982,-19.006,9.1982,1.798,-2.7618,-7.7564,145.26,9.0997,-3.8263e-17,-9.0997,-43.771,-18.255,-0.4758,-10.73,-10.73,-0.4758,-18.255,-43.771,-9.0997,0,-7.2805,-18.614,-7.7564,11.806,-7.1005,-7.9407,-7.9407,-7.1005,11.806,-7.7564,-18.614,-7.2805,0,7.2805,-145.26,39.889,-23.442,53.25,-18.718,53.25,-23.442,39.889,-145.26,7.2805,0,-7.2805,145.26,-39.889,23.442,-53.25,18.718,-53.25,23.442,-39.889,145.26,-7.2805,3.8263e-17,7.2805,18.614,7.7564,-11.806,7.1005,7.9407,7.9407,7.1005,-11.806,7.7564,18.614,7.2805,0,9.0997,43.771,18.255,0.4758,10.73,10.73,0.4758,18.255,43.771,9.0997,-2.0299e-16,-9.0997,-145.26,7.7564,2.7618,-1.798,-9.1982,19.006,-9.1982,-1.798,2.7618,7.7564,-145.26,-9.0997,0,18.91,-59.281,-27.94,-26.806,-29.563,-26.806,-27.94,-59.281,18.91,-1.2244e-18,-18.91,-43.771,39.889,-11.806,-1.798,2.2552,-66.74,-66.74,2.2552,-1.798,-11.806,39.889,-43.771,-18.91,0,-9.237,13.828,34.145,-24.133,-24.133,34.145,13.828,-9.237,-7.2161e-19,9.237,59.281,-18.255,-23.442,7.1005,-9.1982,-66.74,43.297,-66.74,-9.1982,7.1005,-23.442,-18.255,59.281,9.237,0,-48.392,-56.499,39.75,20.295,39.75,-56.499,-48.392,-1.4998e-16,48.392,-13.828,27.94,-0.4758,53.25,7.9407,19.006,-66.74,-66.74,19.006,7.9407,53.25,-0.4758,27.94,-13.828,48.392,0,-7.3067,-15.373,13.345,13.345,-15.373,-7.3067,2.858e-19,7.3067,56.499,-34.145,26.806,-10.73,-18.718,7.9407,-9.1982,2.2552,-9.1982,7.9407,-18.718,-10.73,26.806,-34.145,56.499,7.3067,0,5.3442,-20.454,5.7476,-20.454,5.3442,-1.3914e-17,-5.3442,15.373,-39.75,24.133,29.563,-10.73,53.25,7.1005,-1.798,-1.798,7.1005,53.25,-10.73,29.563,24.133,-39.75,15.373,-5.3442,0,11.315,54.64,54.64,11.315,4.0018e-17,-11.315,20.454,-13.345,-20.295,24.133,26.806,-0.4758,-23.442,-11.806,2.7618,-11.806,-23.442,-0.4758,26.806,24.133,-20.295,-13.345,20.454,-11.315,0,-9.4852,-55.51,-9.4852,2.2476e-16,9.4852,-54.64,-5.7476,-13.345,-39.75,-34.145,27.94,-18.255,39.889,7.7564,7.7564,39.889,-18.255,27.94,-34.145,-39.75,-13.345,-5.7476,-54.64,9.4852,0,-20.778,-20.778,-1.3513e-17,20.778,55.51,-54.64,20.454,15.373,56.499,-13.828,59.281,-43.771,-145.26,18.614,-145.26,-43.771,59.281,-13.828,56.499,15.373,20.454,-54.64,55.51,20.778,0,89.212,-1.5069e-16,-89.212,20.778,9.4852,-11.315,-5.3442,7.3067,48.392,9.237,-18.91,-9.0997,7.2805,7.2805,-9.0997,-18.91,9.237,48.392,7.3067,-5.3442,-11.315,9.4852,20.778,-89.212,0
