755.71,112.37,139.88,91.545,187.82,210.81,438.2,61.818,44.663,572.37,174.19,501.16,245.58,501.16,174.19,572.37,44.663,61.818,438.2,210.81,187.82,91.545,139.88,112.37,112.37,112.37,13.491,4.5944,40.941,6.7024,22.602,22.017,8.0921,-54.698,-74.429,-34.988,-110.2,-110.2,-34.988,-74.429,-54.698,8.0921,22.017,22.602,6.7024,40.941,4.5944,13.491,139.88,13.491,139.88,4.5944,-87.991,43.947,74.867,28.241,22.659,53.864,13.974,-59.189,12.431,144.95,12.431,-59.189,13.974,53.864,22.659,28.241,74.867,43.947,-87.991,4.5944,91.545,4.5944,4.5944,91.545,40.941,43.947,-11.639,-29.538,35.545,-9.007,-21.166,38.575,47.042,68.484,68.484,47.042,38.575,-21.166,-9.007,35.545,-29.538,-11.639,43.947,40.941,187.82,40.941,-87.991,40.941,187.82,6.7024,74.867,-29.538,-30.291,-36.522,-92.512,67.106,-0.039323,-43.038,48.104,-43.038,-0.039323,67.106,-92.512,-36.522,-30.291,-29.538,74.867,6.7024,210.81,6.7024,43.947,43.947,6.7024,210.81,22.602,28.241,35.545,-36.522,80.471,137.95,-22.651,72.794,-72.523,-72.523,72.794,-22.651,137.95,80.471,-36.522,35.545,28.241,22.602,438.2,22.602,74.867,-11.639,74.867,22.602,438.2,22.017,22.659,-9.007,-92.512,137.95,-184.07,33.59,52.579,224.12,52.579,33.59,-184.07,137.95,-92.512,-9.007,22.659,22.017,61.818,22.017,28.241,-29.538,-29.538,28.241,22.017,61.818,8.0921,53.864,-21.166,67.106,-22.651,33.59,-11.968,18.964,18.964,-11.968,33.59,-22.651,67.106,-21.166,53.864,8.0921,44.663,8.0921,22.659,35.545,-30.291,35.545,22.659,8.0921,44.663,-54.698,13.974,38.575,-0.039323,72.794,52.579,18.964,8.1612,18.964,52.579,72.794,-0.039323,38.575,13.974,-54.698,572.37,-54.698,53.864,-9.007,-36.522,-36.522,-9.007,53.864,-54.698,572.37,-74.429,-59.189,47.042,-43.038,-72.523,224.12,18.964,18.964,224.12,-72.523,-43.038,47.042,-59.189,-74.429,174.19,-74.429,13.974,-21.166,-92.512,80.471,-92.512,-21.166,13.974,-74.429,174.19,-34.988,12.431,68.484,48.104,-72.523,52.579,-11.968,52.579,-72.523,48.104,68.484,12.431,-34.988,501.16,-34.988,-59.189,38.575,67.106,137.95,137.95,67.106,38.575,-59.189,-34.988,501.16,-110.2,144.95,68.484,-43.038,72.794,33.59,33.59,72.794,-43.038,68.484,144.95,-110.2,245.58,-110.2,12.431,47.042,-0.039323,-22.651,-184.07,-22.651,-0.039323,47.042,12.431,-110.2,245.58,-110.2,12.431,47.042,-0.039323,-22.651,-184.07,-22.651,-0.039323,47.042,12.431,-110.2,501.16,-110.2,144.95,68.484,-43.038,72.794,33.59,33.59,72.794,-43.038,68.484,144.95,-110.2,501.16,-34.988,-59.189,38.575,67.106,137.95,137.95,67.106,38.575,-59.189,-34.988,174.19,-34.988,12.431,68.484,48.104,-72.523,52.579,-11.968,52.579,-72.523,48.104,68.484,12.431,-34.988,174.19,-74.429,13.974,-21.166,-92.512,80.471,-92.512,-21.166,13.974,-74.429,572.37,-74.429,-59.189,47.042,-43.038,-72.523,224.12,18.964,18.964,224.12,-72.523,-43.038,47.042,-59.189,-74.429,572.37,-54.698,53.864,-9.007,-36.522,-36.522,-9.007,53.864,-54.698,44.663,-54.698,13.974,38.575,-0.039323,72.794,52.579,18.964,8.1612,18.964,52.579,72.794,-0.039323,38.575,13.974,-54.698,44.663,8.0921,22.659,35.545,-30.291,35.545,22.659,8.0921,61.818,8.0921,53.864,-21.166,67.106,-22.651,33.59,-11.968,18.964,18.964,-11.968,33.59,-22.651,67.106,-21.166,53.864,8.0921,61.818,22.017,28.241,-29.538,-29.538,28.241,22.017,438.2,22.017,22.659,-9.007,-92.512,137.95,-184.07,33.59,52.579,224.12,52.579,33.59,-184.07,137.95,-92.512,-9.007,22.659,22.017,438.2,22.602,74.867,-11.639,74.867,22.602,210.81,22.602,28.241,35.545,-36.522,80.471,137.95,-22.651,72.794,-72.523,-72.523,72.794,-22.651,137.95,80.471,-36.522,35.545,28.241,22.602,210.81,6.7024,43.947,43.947,6.7024,187.82,6.7024,74.867,-29.538,-30.291,-36.522,-92.512,67.106,-0.039323,-43.038,48.104,-43.038,-0.039323,67.106,-92.512,-36.522,-30.291,-29.538,74.867,6.7024,187.82,40.941,-87.991,40.941,91.545,40.941,43.947,-11.639,-29.538,35.545,-9.007,-21.166,38.575,47.042,68.484,68.484,47.042,38.575,-21.166,-9.007,35.545,-29.538,-11.639,43.947,40.941,91.545,4.5944,4.5944,139.88,4.5944,-87.991,43.947,74.867,28.241,22.659,53.864,13.974,-59.189,12.431,144.95,12.431,-59.189,13.974,53.864,22.659,28.241,74.867,43.947,-87.991,4.5944,139.88,13.491,112.37,13.491,4.5944,40.941,6.7024,22.602,22.017,8.0921,-54.698,-74.429,-34.988,-110.2,-110.2,-34.988,-74.429,-54.698,8.0921,22.017,22.602,6.7024,40.941,4.5944,13.491,112.37
0,-5.7604e-16,-1.6689e-15,-2.2474e-15,-2.0265e-15,-1.9502e-15,3.6584e-17,9.9275e-16,-1.6135e-16,-7.189e-15,1.1392e-15,2.1252e-16,0,-2.1252e-16,-1.1392e-15,7.189e-15,1.6135e-16,-9.9275e-16,-3.6584e-17,1.9502e-15,2.0265e-15,2.2474e-15,1.6689e-15,5.7604e-16,5.7604e-16,0,42.916,-22.636,-33.04,87.747,-85.502,-11.836,-22.112,-36.225,18.944,-59.189,-25.531,-25.531,-59.189,18.944,-36.225,-22.112,-11.836,-85.502,87.747,-33.04,-22.636,42.916,1.6689e-15,-42.916,0,-22.636,-4.3944,-10.785,-25.707,35.516,-25.879,103.42,-8.1129,220.08,57.988,-19.745,57.988,220.08,-8.1129,103.42,-25.879,35.516,-25.707,-10.785,-4.3944,-22.636,2.2474e-15,22.636,22.636,0,-33.04,-10.785,58.006,14.823,2.9556,-124.37,13.985,32.269,74.931,76.478,76.478,74.931,32.269,13.985,-124.37,2.9556,14.823,58.006,-10.785,-33.04,2.0265e-15,33.04,4.3944,33.04,0,87.747,-25.707,14.823,38.819,-169.49,78.936,12.859,-42.471,-205.13,-43.668,-205.13,-42.471,12.859,78.936,-169.49,38.819,14.823,-25.707,87.747,1.9502e-15,-87.747,10.785,10.785,-87.747,0,-85.502,35.516,2.9556,-169.49,-42.882,-121.46,16.268,21.83,33.551,33.551,21.83,16.268,-121.46,-42.882,-169.49,2.9556,35.516,-85.502,-3.6584e-17,85.502,25.707,-58.006,25.707,85.502,0,-11.836,-25.879,-124.37,78.936,-121.46,-185.36,57.14,-4.9811,158.46,-4.9811,57.14,-185.36,-121.46,78.936,-124.37,-25.879,-11.836,-9.9275e-16,11.836,-35.516,-14.823,-14.823,-35.516,11.836,0,-22.112,103.42,13.985,12.859,16.268,57.14,-20.279,30.623,30.623,-20.279,57.14,16.268,12.859,13.985,103.42,-22.112,1.6135e-16,22.112,25.879,-2.9556,-38.819,-2.9556,25.879,22.112,0,-36.225,-8.1129,32.269,-42.471,21.83,-4.9811,30.623,7.1887,30.623,-4.9811,21.83,-42.471,32.269,-8.1129,-36.225,7.189e-15,36.225,-103.42,124.37,169.49,169.49,124.37,-103.42,36.225,0,18.944,220.08,74.931,-205.13,33.551,158.46,30.623,30.623,158.46,33.551,-205.13,74.931,220.08,18.944,-1.1392e-15,-18.944,8.1129,-13.985,-78.936,42.882,-78.936,-13.985,8.1129,-18.944,0,-59.189,57.988,76.478,-43.668,33.551,-4.9811,-20.279,-4.9811,33.551,-43.668,76.478,57.988,-59.189,-2.1252e-16,59.189,-220.08,-32.269,-12.859,121.46,121.46,-12.859,-32.269,-220.08,59.189,0,-25.531,-19.745,76.478,-205.13,21.83,57.14,57.14,21.83,-205.13,76.478,-19.745,-25.531,0,25.531,-57.988,-74.931,42.471,-16.268,185.36,-16.268,42.471,-74.931,-57.988,25.531,0,-25.531,57.988,74.931,-42.471,16.268,-185.36,16.268,-42.471,74.931,57.988,-25.531,2.1252e-16,25.531,19.745,-76.478,205.13,-21.83,-57.14,-57.14,-21.83,205.13,-76.478,19.745,25.531,0,-59.189,220.08,32.269,12.859,-121.46,-121.46,12.859,32.269,220.08,-59.189,1.1392e-15,59.189,-57.988,-76.478,43.668,-33.551,4.9811,20.279,4.9811,-33.551,43.668,-76.478,-57.988,59.189,0,18.944,-8.1129,13.985,78.936,-42.882,78.936,13.985,-8.1129,18.944,-7.189e-15,-18.944,-220.08,-74.931,205.13,-33.551,-158.46,-30.623,-30.623,-158.46,-33.551,205.13,-74.931,-220.08,-18.944,0,-36.225,103.42,-124.37,-169.49,-169.49,-124.37,103.42,-36.225,-1.6135e-16,36.225,8.1129,-32.269,42.471,-21.83,4.9811,-30.623,-7.1887,-30.623,4.9811,-21.83,42.471,-32.269,8.1129,36.225,0,-22.112,-25.879,2.9556,38.819,2.9556,-25.879,-22.112,9.9275e-16,22.112,-103.42,-13.985,-12.859,-16.268,-57.14,20.279,-30.623,-30.623,20.279,-57.14,-16.268,-12.859,-13.985,-103.42,22.112,0,-11.836,35.516,14.823,14.823,35.516,-11.836,3.6584e-17,11.836,25.879,124.37,-78.936,121.46,185.36,-57.14,4.9811,-158.46,4.9811,-57.14,185.36,121.46,-78.936,124.37,25.879,11.836,0,-85.502,-25.707,58.006,-25.707,-85.502,-1.9502e-15,85.502,-35.516,-2.9556,169.49,42.882,121.46,-16.268,-21.83,-33.551,-33.551,-21.83,-16.268,121.46,42.882,169.49,-2.9556,-35.516,85.502,0,87.747,-10.785,-10.785,87.747,-2.0265e-15,-87.747,25.707,-14.823,-38.819,169.49,-78.936,-12.859,42.471,205.13,43.668,205.13,42.471,-12.859,-78.936,169.49,-38.819,-14.823,25.707,-87.747,0,-33.04,-4.3944,-33.04,-2.2474e-15,33.04,10.785,-58.006,-14.823,-2.9556,124.37,-13.985,-32.269,-74.931,-76.478,-76.478,-74.931,-32.269,-13.985,124.37,-2.9556,-14.823,-58.006,10.785,33.04,0,-22.636,-22.636,-1.6689e-15,22.636,4.3944,10.785,25.707,-35.516,25.879,-103.42,8.1129,-220.08,-57.988,19.745,-57.988,-220.08,8.1129,-103.42,25.879,-35.516,25.707,10.785,4.3944,22.636,0,42.916,-5.7604e-16,-42.916,22.636,33.04,-87.747,85.502,11.836,22.112,36.225,-18.944,59.189,25.531,25.531,59.189,-18.944,36.225,22.112,11.836,85.502,-87.747,33.04,22.636,-42.916,0
