-61.196,-19.118,-48.328,-16.552,-93.103,-12.552,-70.267,-73.266,-130.25,-124.56,-78.461,-12.064,-33.759,-12.064,-78.461,-124.56,-130.25,-73.266,-70.267,-12.552,-93.103,-16.552,-48.328,-19.118,-19.118,-19.118,8.8975,-21.879,-60.566,40.753,33.724,30.948,10.933,39.409,-0.22964,-4.5332,0.60972,0.60972,-4.5332,-0.22964,39.409,10.933,30.948,33.724,40.753,-60.566,-21.879,8.8975,-48.328,8.8975,-48.328,-21.879,34.164,-6.7511,8.1087,-0.56836,10.001,12.305,-0.91788,35.368,20.78,2.6539,20.78,35.368,-0.91788,12.305,10.001,-0.56836,8.1087,-6.7511,34.164,-21.879,-16.552,-21.879,-21.879,-16.552,-60.566,-6.7511,54.771,-67.962,-12.048,44.465,19.352,-11.206,0.039232,-7.1482,-7.1482,0.039232,-11.206,19.352,44.465,-12.048,-67.962,54.771,-6.7511,-60.566,-93.103,-60.566,34.164,-60.566,-93.103,40.753,8.1087,-67.962,27.508,86.898,33.899,-24.923,-33.917,-40.638,0.21956,-40.638,-33.917,-24.923,33.899,86.898,27.508,-67.962,8.1087,40.753,-12.552,40.753,-6.7511,-6.7511,40.753,-12.552,33.724,-0.56836,-12.048,86.898,-3.9613,38.718,0.20568,-3.1379,-1.653,-1.653,-3.1379,0.20568,38.718,-3.9613,86.898,-12.048,-0.56836,33.724,-70.267,33.724,8.1087,54.771,8.1087,33.724,-70.267,30.948,10.001,44.465,33.899,38.718,-5.0295,-38.693,72.016,-153.23,72.016,-38.693,-5.0295,38.718,33.899,44.465,10.001,30.948,-73.266,30.948,-0.56836,-67.962,-67.962,-0.56836,30.948,-73.266,10.933,12.305,19.352,-24.923,0.20568,-38.693,-36.075,44.672,44.672,-36.075,-38.693,0.20568,-24.923,19.352,12.305,10.933,-130.25,10.933,10.001,-12.048,27.508,-12.048,10.001,10.933,-130.25,39.409,-0.91788,-11.206,-33.917,-3.1379,72.016,44.672,-147.53,44.672,72.016,-3.1379,-33.917,-11.206,-0.91788,39.409,-124.56,39.409,12.305,44.465,86.898,86.898,44.465,12.305,39.409,-124.56,-0.22964,35.368,0.039232,-40.638,-1.653,-153.23,44.672,44.672,-153.23,-1.653,-40.638,0.039232,35.368,-0.22964,-78.461,-0.22964,-0.91788,19.352,33.899,-3.9613,33.899,19.352,-0.91788,-0.22964,-78.461,-4.5332,20.78,-7.1482,0.21956,-1.653,72.016,-36.075,72.016,-1.653,0.21956,-7.1482,20.78,-4.5332,-12.064,-4.5332,35.368,-11.206,-24.923,38.718,38.718,-24.923,-11.206,35.368,-4.5332,-12.064,0.60972,2.6539,-7.1482,-40.638,-3.1379,-38.693,-38.693,-3.1379,-40.638,-7.1482,2.6539,0.60972,-33.759,0.60972,20.78,0.039232,-33.917,0.20568,-5.0295,0.20568,-33.917,0.039232,20.78,0.60972,-33.759,0.60972,20.78,0.039232,-33.917,0.20568,-5.0295,0.20568,-33.917,0.039232,20.78,0.60972,-12.064,0.60972,2.6539,-7.1482,-40.638,-3.1379,-38.693,-38.693,-3.1379,-40.638,-7.1482,2.6539,0.60972,-12.064,-4.5332,35.368,-11.206,-24.923,38.718,38.718,-24.923,-11.206,35.368,-4.5332,-78.461,-4.5332,20.78,-7.1482,0.21956,-1.653,72.016,-36.075,72.016,-1.653,0.21956,-7.1482,20.78,-4.5332,-78.461,-0.22964,-0.91788,19.352,33.899,-3.9613,33.899,19.352,-0.91788,-0.22964,-124.56,-0.22964,35.368,0.039232,-40.638,-1.653,-153.23,44.672,44.672,-153.23,-1.653,-40.638,0.039232,35.368,-0.22964,-124.56,39.409,12.305,44.465,86.898,86.898,44.465,12.305,39.409,-130.25,39.409,-0.91788,-11.206,-33.917,-3.1379,72.016,44.672,-147.53,44.672,72.016,-3.1379,-33.917,-11.206,-0.91788,39.409,-130.25,10.933,10.001,-12.048,27.508,-12.048,10.001,10.933,-73.266,10.933,12.305,19.352,-24.923,0.20568,-38.693,-36.075,44.672,44.672,-36.075,-38.693,0.20568,-24.923,19.352,12.305,10.933,-73.266,30.948,-0.56836,-67.962,-67.962,-0.56836,30.948,-70.267,30.948,10.001,44.465,33.899,38.718,-5.0295,-38.693,72.016,-153.23,72.016,-38.693,-5.0295,38.718,33.899,44.465,10.001,30.948,-70.267,33.724,8.1087,54.771,8.1087,33.724,-12.552,33.724,-0.56836,-12.048,86.898,-3.9613,38.718,0.20568,-3.1379,-1.653,-1.653,-3.1379,0.20568,38.718,-3.9613,86.898,-12.048,-0.56836,33.724,-12.552,40.753,-6.7511,-6.7511,40.753,-93.103,40.753,8.1087,-67.962,27.508,86.898,33.899,-24.923,-33.917,-40.638,0.21956,-40.638,-33.917,-24.923,33.899,86.898,27.508,-67.962,8.1087,40.753,-93.103,-60.566,34.164,-60.566,-16.552,-60.566,-6.7511,54.771,-67.962,-12.048,44.465,19.352,-11.206,0.039232,-7.1482,-7.1482,0.039232,-11.206,19.352,44.465,-12.048,-67.962,54.771,-6.7511,-60.566,-16.552,-21.879,-21.879,-48.328,-21.879,34.164,-6.7511,8.1087,-0.56836,10.001,12.305,-0.91788,35.368,20.78,2.6539,20.78,35.368,-0.91788,12.305,10.001,-0.56836,8.1087,-6.7511,34.164,-21.879,-48.328,8.8975,-19.118,8.8975,-21.879,-60.566,40.753,33.724,30.948,10.933,39.409,-0.22964,-4.5332,0.60972,0.60972,-4.5332,-0.22964,39.409,10.933,30.948,33.724,40.753,-60.566,-21.879,8.8975,-19.118
0,3.0032e-16,-2.5656e-16,8.8818e-20,1.1699e-15,1.286e-16,-5.1781e-16,-2.0306e-15,-7.4378e-17,2.963e-16,1.1799e-15,1.6726e-16,0,-1.6726e-16,-1.1799e-15,-2.963e-16,7.4378e-17,2.0306e-15,5.1781e-16,-1.286e-16,-1.1699e-15,-8.8818e-20,2.5656e-16,-3.0032e-16,-3.0032e-16,0,28.851,4.6763,30.2,40.861,58.457,-79.18,8.9254,-0.24171,-17.459,-5.431,4.0948,4.0948,-5.431,-17.459,-0.24171,8.9254,-79.18,58.457,40.861,30.2,4.6763,28.851,2.5656e-16,-28.851,0,4.6763,-41.298,16.116,40.861,-3.1352,40.135,12.233,-86.583,34.53,-39.372,7.3907,-39.372,34.53,-86.583,12.233,40.135,-3.1352,40.861,16.116,-41.298,4.6763,-8.8818e-20,-4.6763,-4.6763,0,30.2,16.116,12.333,21.977,1.9433,140.85,18.603,-0.86872,-20.517,7.5392,7.5392,-20.517,-0.86872,18.603,140.85,1.9433,21.977,12.333,16.116,30.2,-1.1699e-15,-30.2,41.298,-30.2,0,40.861,40.861,21.977,-81.211,-64.21,20.36,43.071,-59.317,-78.907,-82.293,-78.907,-59.317,43.071,20.36,-64.21,-81.211,21.977,40.861,40.861,-1.286e-16,-40.861,-16.116,-16.116,-40.861,0,58.457,-3.1352,1.9433,-64.21,4.9511,-7.9406,-8.2577,-2.4908,25.986,25.986,-2.4908,-8.2577,-7.9406,4.9511,-64.21,1.9433,-3.1352,58.457,5.1781e-16,-58.457,-40.861,-12.333,-40.861,-58.457,0,-79.18,40.135,140.85,20.36,-7.9406,10.379,17.878,25.607,-362.06,25.607,17.878,10.379,-7.9406,20.36,140.85,40.135,-79.18,2.0306e-15,79.18,3.1352,-21.977,-21.977,3.1352,79.18,0,8.9254,12.233,18.603,43.071,-8.2577,17.878,64.12,-114.43,-114.43,64.12,17.878,-8.2577,43.071,18.603,12.233,8.9254,7.4378e-17,-8.9254,-40.135,-1.9433,81.211,-1.9433,-40.135,-8.9254,0,-0.24171,-86.583,-0.86872,-59.317,-2.4908,25.607,-114.43,-118.37,-114.43,25.607,-2.4908,-59.317,-0.86872,-86.583,-0.24171,-2.963e-16,0.24171,-12.233,-140.85,64.21,64.21,-140.85,-12.233,0.24171,0,-17.459,34.53,-20.517,-78.907,25.986,-362.06,-114.43,-114.43,-362.06,25.986,-78.907,-20.517,34.53,-17.459,-1.1799e-15,17.459,86.583,-18.603,-20.36,-4.9511,-20.36,-18.603,86.583,17.459,0,-5.431,-39.372,7.5392,-82.293,25.986,25.607,64.12,25.607,25.986,-82.293,7.5392,-39.372,-5.431,-1.6726e-16,5.431,-34.53,0.86872,-43.071,7.9406,7.9406,-43.071,0.86872,-34.53,5.431,0,4.0948,7.3907,7.5392,-78.907,-2.4908,17.878,17.878,-2.4908,-78.907,7.5392,7.3907,4.0948,0,-4.0948,39.372,20.517,59.317,8.2577,-10.379,8.2577,59.317,20.517,39.372,-4.0948,0,4.0948,-39.372,-20.517,-59.317,-8.2577,10.379,-8.2577,-59.317,-20.517,-39.372,4.0948,1.6726e-16,-4.0948,-7.3907,-7.5392,78.907,2.4908,-17.878,-17.878,2.4908,78.907,-7.5392,-7.3907,-4.0948,0,-5.431,34.53,-0.86872,43.071,-7.9406,-7.9406,43.071,-0.86872,34.53,-5.431,1.1799e-15,5.431,39.372,-7.5392,82.293,-25.986,-25.607,-64.12,-25.607,-25.986,82.293,-7.5392,39.372,5.431,0,-17.459,-86.583,18.603,20.36,4.9511,20.36,18.603,-86.583,-17.459,2.963e-16,17.459,-34.53,20.517,78.907,-25.986,362.06,114.43,114.43,362.06,-25.986,78.907,20.517,-34.53,17.459,0,-0.24171,12.233,140.85,-64.21,-64.21,140.85,12.233,-0.24171,-7.4378e-17,0.24171,86.583,0.86872,59.317,2.4908,-25.607,114.43,118.37,114.43,-25.607,2.4908,59.317,0.86872,86.583,0.24171,0,8.9254,40.135,1.9433,-81.211,1.9433,40.135,8.9254,-2.0306e-15,-8.9254,-12.233,-18.603,-43.071,8.2577,-17.878,-64.12,114.43,114.43,-64.12,-17.878,8.2577,-43.071,-18.603,-12.233,-8.9254,0,-79.18,-3.1352,21.977,21.977,-3.1352,-79.18,-5.1781e-16,79.18,-40.135,-140.85,-20.36,7.9406,-10.379,-17.878,-25.607,362.06,-25.607,-17.878,-10.379,7.9406,-20.36,-140.85,-40.135,79.18,0,58.457,40.861,12.333,40.861,58.457,1.286e-16,-58.457,3.1352,-1.9433,64.21,-4.9511,7.9406,8.2577,2.4908,-25.986,-25.986,2.4908,8.2577,7.9406,-4.9511,64.21,-1.9433,3.1352,-58.457,0,40.861,16.116,16.116,40.861,1.1699e-15,-40.861,-40.861,-21.977,81.211,64.21,-20.36,-43.071,59.317,78.907,82.293,78.907,59.317,-43.071,-20.36,64.21,81.211,-21.977,-40.861,-40.861,0,30.2,-41.298,30.2,8.8818e-20,-30.2,-16.116,-12.333,-21.977,-1.9433,-140.85,-18.603,0.86872,20.517,-7.5392,-7.5392,20.517,0.86872,-18.603,-140.85,-1.9433,-21.977,-12.333,-16.116,-30.2,0,4.6763,4.6763,-2.5656e-16,-4.6763,41.298,-16.116,-40.861,3.1352,-40.135,-12.233,86.583,-34.53,39.372,-7.3907,39.372,-34.53,86.583,-12.233,-40.135,3.1352,-40.861,-16.116,41.298,-4.6763,0,28.851,3.0032e-16,-28.851,-4.6763,-30.2,-40.861,-58.457,79.18,-8.9254,0.24171,17.459,5.431,-4.0948,-4.0948,5.431,17.459,0.24171,-8.9254,79.18,-58.457,-40.861,-30.2,-4.6763,-28.851,0
