-418.77,-97.161,61.999,147.41,89.974,115.77,-615.76,-38.811,-5.4828,-11.205,-44.069,156.75,344.01,156.75,-44.069,-11.205,-5.4828,-38.811,-615.76,115.77,89.974,147.41,61.999,-97.161,-97.161,-97.161,13.474,10.416,23.422,-7.5272,-51.838,-87.648,-18.057,-13.635,-8.6311,-15.373,13.213,13.213,-15.373,-8.6311,-13.635,-18.057,-87.648,-51.838,-7.5272,23.422,10.416,13.474,61.999,13.474,61.999,10.416,-25.91,77.656,24.119,-41.185,23.626,44.402,-5.8923,67.418,98.388,-67.055,98.388,67.418,-5.8923,44.402,23.626,-41.185,24.119,77.656,-25.91,10.416,147.41,10.416,10.416,147.41,23.422,77.656,-21.526,46.927,35.201,39.743,51.73,36.121,151.64,90.487,90.487,151.64,36.121,51.73,39.743,35.201,46.927,-21.526,77.656,23.422,89.974,23.422,-25.91,23.422,89.974,-7.5272,24.119,46.927,-9.8751,34.705,27.373,-54.056,-36.605,-30.037,-1.7535,-30.037,-36.605,-54.056,27.373,34.705,-9.8751,46.927,24.119,-7.5272,115.77,-7.5272,77.656,77.656,-7.5272,115.77,-51.838,-41.185,35.201,34.705,-33.861,-23.344,96.121,21.339,63.749,63.749,21.339,96.121,-23.344,-33.861,34.705,35.201,-41.185,-51.838,-615.76,-51.838,24.119,-21.526,24.119,-51.838,-615.76,-87.648,23.626,39.743,27.373,-23.344,-125.42,-38.267,35.059,39.562,35.059,-38.267,-125.42,-23.344,27.373,39.743,23.626,-87.648,-38.811,-87.648,-41.185,46.927,46.927,-41.185,-87.648,-38.811,-18.057,44.402,51.73,-54.056,96.121,-38.267,-24.706,-3.2285,-3.2285,-24.706,-38.267,96.121,-54.056,51.73,44.402,-18.057,-5.4828,-18.057,23.626,35.201,-9.8751,35.201,23.626,-18.057,-5.4828,-13.635,-5.8923,36.121,-36.605,21.339,35.059,-3.2285,2.6354,-3.2285,35.059,21.339,-36.605,36.121,-5.8923,-13.635,-11.205,-13.635,44.402,39.743,34.705,34.705,39.743,44.402,-13.635,-11.205,-8.6311,67.418,151.64,-30.037,63.749,39.562,-3.2285,-3.2285,39.562,63.749,-30.037,151.64,67.418,-8.6311,-44.069,-8.6311,-5.8923,51.73,27.373,-33.861,27.373,51.73,-5.8923,-8.6311,-44.069,-15.373,98.388,90.487,-1.7535,63.749,35.059,-24.706,35.059,63.749,-1.7535,90.487,98.388,-15.373,156.75,-15.373,67.418,36.121,-54.056,-23.344,-23.344,-54.056,36.121,67.418,-15.373,156.75,13.213,-67.055,90.487,-30.037,21.339,-38.267,-38.267,21.339,-30.037,90.487,-67.055,13.213,344.01,13.213,98.388,151.64,-36.605,96.121,-125.42,96.121,-36.605,151.64,98.388,13.213,344.01,13.213,98.388,151.64,-36.605,96.121,-125.42,96.121,-36.605,151.64,98.388,13.213,156.75,13.213,-67.055,90.487,-30.037,21.339,-38.267,-38.267,21.339,-30.037,90.487,-67.055,13.213,156.75,-15.373,67.418,36.121,-54.056,-23.344,-23.344,-54.056,36.121,67.418,-15.373,-44.069,-15.373,98.388,90.487,-1.7535,63.749,35.059,-24.706,35.059,63.749,-1.7535,90.487,98.388,-15.373,-44.069,-8.6311,-5.8923,51.73,27.373,-33.861,27.373,51.73,-5.8923,-8.6311,-11.205,-8.6311,67.418,151.64,-30.037,63.749,39.562,-3.2285,-3.2285,39.562,63.749,-30.037,151.64,67.418,-8.6311,-11.205,-13.635,44.402,39.743,34.705,34.705,39.743,44.402,-13.635,-5.4828,-13.635,-5.8923,36.121,-36.605,21.339,35.059,-3.2285,2.6354,-3.2285,35.059,21.339,-36.605,36.121,-5.8923,-13.635,-5.4828,-18.057,23.626,35.201,-9.8751,35.201,23.626,-18.057,-38.811,-18.057,44.402,51.73,-54.056,96.121,-38.267,-24.706,-3.2285,-3.2285,-24.706,-38.267,96.121,-54.056,51.73,44.402,-18.057,-38.811,-87.648,-41.185,46.927,46.927,-41.185,-87.648,-615.76,-87.648,23.626,39.743,27.373,-23.344,-125.42,-38.267,35.059,39.562,35.059,-38.267,-125.42,-23.344,27.373,39.743,23.626,-87.648,-615.76,-51.838,24.119,-21.526,24.119,-51.838,115.77,-51.838,-41.185,35.201,34.705,-33.861,-23.344,96.121,21.339,63.749,63.749,21.339,96.121,-23.344,-33.861,34.705,35.201,-41.185,-51.838,115.77,-7.5272,77.656,77.656,-7.5272,89.974,-7.5272,24.119,46.927,-9.8751,34.705,27.373,-54.056,-36.605,-30.037,-1.7535,-30.037,-36.605,-54.056,27.373,34.705,-9.8751,46.927,24.119,-7.5272,89.974,23.422,-25.91,23.422,147.41,23.422,77.656,-21.526,46.927,35.201,39.743,51.73,36.121,151.64,90.487,90.487,151.64,36.121,51.73,39.743,35.201,46.927,-21.526,77.656,23.422,147.41,10.416,10.416,61.999,10.416,-25.91,77.656,24.119,-41.185,23.626,44.402,-5.8923,67.418,98.388,-67.055,98.388,67.418,-5.8923,44.402,23.626,-41.185,24.119,77.656,-25.91,10.416,61.999,13.474,-97.161,13.474,10.416,23.422,-7.5272,-51.838,-87.648,-18.057,-13.635,-8.6311,-15.373,13.213,13.213,-15.373,-8.6311,-13.635,-18.057,-87.648,-51.838,-7.5272,23.422,10.416,13.474,-97.161
0,1.9353e-15,-2.2679e-15,-1.1607e-15,-3.5754e-15,5.9593e-16,0,5.9842e-16,5.9451e-16,-5.9551e-16,3.4055e-15,4.4363e-16,0,-4.4363e-16,-3.4055e-15,5.9551e-16,-5.9451e-16,-5.9842e-16,0,-5.9593e-16,3.5754e-15,1.1607e-15,2.2679e-15,-1.9353e-15,-1.9353e-15,0,0.69373,21.643,-20.712,-56.573,-80.34,63.82,-8.5009,0.39328,-21.063,-1.0178,56.804,56.804,-1.0178,-21.063,0.39328,-8.5009,63.82,-80.34,-56.573,-20.712,21.643,0.69373,2.2679e-15,-0.69373,0,21.643,54.048,-83.692,6.7425,-41.171,-3.0069,-4.9005,-9.7676,-6.6829,5.283,-83.093,5.283,-6.6829,-9.7676,-4.9005,-3.0069,-41.171,6.7425,-83.692,54.048,21.643,1.1607e-15,-21.643,-21.643,0,-20.712,-83.692,-47.306,54.137,-32.333,16.366,-11.402,15.944,10.234,26.221,26.221,10.234,15.944,-11.402,16.366,-32.333,54.137,-47.306,-83.692,-20.712,3.5754e-15,20.712,-54.048,20.712,0,-56.573,6.7425,54.137,-22.611,87.024,19.011,-52.173,35.838,72.696,-31.803,72.696,35.838,-52.173,19.011,87.024,-22.611,54.137,6.7425,-56.573,-5.9593e-16,56.573,83.692,83.692,56.573,0,-80.34,-41.171,-32.333,87.024,-144.68,88.402,80.845,-39.747,83.399,83.399,-39.747,80.845,88.402,-144.68,87.024,-32.333,-41.171,-80.34,0,80.34,-6.7425,47.306,-6.7425,80.34,0,63.82,-3.0069,16.366,19.011,88.402,220.55,33.513,11.435,78.52,11.435,33.513,220.55,88.402,19.011,16.366,-3.0069,63.82,-5.9842e-16,-63.82,41.171,-54.137,-54.137,41.171,-63.82,0,-8.5009,-4.9005,-11.402,-52.173,80.845,33.513,32.57,27.164,27.164,32.57,33.513,80.845,-52.173,-11.402,-4.9005,-8.5009,-5.9451e-16,8.5009,3.0069,32.333,22.611,32.333,3.0069,8.5009,0,0.39328,-9.7676,15.944,35.838,-39.747,11.435,27.164,3.4685,27.164,11.435,-39.747,35.838,15.944,-9.7676,0.39328,5.9551e-16,-0.39328,4.9005,-16.366,-87.024,-87.024,-16.366,4.9005,-0.39328,0,-21.063,-6.6829,10.234,72.696,83.399,78.52,27.164,27.164,78.52,83.399,72.696,10.234,-6.6829,-21.063,-3.4055e-15,21.063,9.7676,11.402,-19.011,144.68,-19.011,11.402,9.7676,21.063,0,-1.0178,5.283,26.221,-31.803,83.399,11.435,32.57,11.435,83.399,-31.803,26.221,5.283,-1.0178,-4.4363e-16,1.0178,6.6829,-15.944,52.173,-88.402,-88.402,52.173,-15.944,6.6829,1.0178,0,56.804,-83.093,26.221,72.696,-39.747,33.513,33.513,-39.747,72.696,26.221,-83.093,56.804,0,-56.804,-5.283,-10.234,-35.838,-80.845,-220.55,-80.845,-35.838,-10.234,-5.283,-56.804,0,56.804,5.283,10.234,35.838,80.845,220.55,80.845,35.838,10.234,5.283,56.804,4.4363e-16,-56.804,83.093,-26.221,-72.696,39.747,-33.513,-33.513,39.747,-72.696,-26.221,83.093,-56.804,0,-1.0178,-6.6829,15.944,-52.173,88.402,88.402,-52.173,15.944,-6.6829,-1.0178,3.4055e-15,1.0178,-5.283,-26.221,31.803,-83.399,-11.435,-32.57,-11.435,-83.399,31.803,-26.221,-5.283,1.0178,0,-21.063,-9.7676,-11.402,19.011,-144.68,19.011,-11.402,-9.7676,-21.063,-5.9551e-16,21.063,6.6829,-10.234,-72.696,-83.399,-78.52,-27.164,-27.164,-78.52,-83.399,-72.696,-10.234,6.6829,21.063,0,0.39328,-4.9005,16.366,87.024,87.024,16.366,-4.9005,0.39328,5.9451e-16,-0.39328,9.7676,-15.944,-35.838,39.747,-11.435,-27.164,-3.4685,-27.164,-11.435,39.747,-35.838,-15.944,9.7676,-0.39328,0,-8.5009,-3.0069,-32.333,-22.611,-32.333,-3.0069,-8.5009,5.9842e-16,8.5009,4.9005,11.402,52.173,-80.845,-33.513,-32.57,-27.164,-27.164,-32.57,-33.513,-80.845,52.173,11.402,4.9005,8.5009,0,63.82,-41.171,54.137,54.137,-41.171,63.82,0,-63.82,3.0069,-16.366,-19.011,-88.402,-220.55,-33.513,-11.435,-78.52,-11.435,-33.513,-220.55,-88.402,-19.011,-16.366,3.0069,-63.82,0,-80.34,6.7425,-47.306,6.7425,-80.34,5.9593e-16,80.34,41.171,32.333,-87.024,144.68,-88.402,-80.845,39.747,-83.399,-83.399,39.747,-80.845,-88.402,144.68,-87.024,32.333,41.171,80.34,0,-56.573,-83.692,-83.692,-56.573,-3.5754e-15,56.573,-6.7425,-54.137,22.611,-87.024,-19.011,52.173,-35.838,-72.696,31.803,-72.696,-35.838,52.173,-19.011,-87.024,22.611,-54.137,-6.7425,56.573,0,-20.712,54.048,-20.712,-1.1607e-15,20.712,83.692,47.306,-54.137,32.333,-16.366,11.402,-15.944,-10.234,-26.221,-26.221,-10.234,-15.944,11.402,-16.366,32.333,-54.137,47.306,83.692,20.712,0,21.643,21.643,-2.2679e-15,-21.643,-54.048,83.692,-6.7425,41.171,3.0069,4.9005,9.7676,6.6829,-5.283,83.093,-5.283,6.6829,9.7676,4.9005,3.0069,41.171,-6.7425,83.692,-54.048,-21.643,0,0.69373,1.9353e-15,-0.69373,-21.643,20.712,56.573,80.34,-63.82,8.5009,-0.39328,21.063,1.0178,-56.804,-56.804,1.0178,21.063,-0.39328,8.5009,-63.82,80.34,56.573,20.712,-21.643,-0.69373,0
