27.155,65.922,98.677,9.9406,20.95,37.235,67.235,145.51,27.44,103.78,17.754,22.571,3.8391,22.571,17.754,103.78,27.44,145.51,67.235,37.235,20.95,9.9406,98.677,65.922,65.922,65.922,170.23,37.855,29.019,79.433,8.3933,6.132,-20.674,-30.92,53.073,63.328,3.0004,3.0004,63.328,53.073,-30.92,-20.674,6.132,8.3933,79.433,29.019,37.855,170.23,98.677,170.23,98.677,37.855,-4.038,34.97,5.5982,86.389,-74.43,-57.374,-19.199,6.5664,9.371,-47.28,9.371,6.5664,-19.199,-57.374,-74.43,86.389,5.5982,34.97,-4.038,37.855,9.9406,37.855,37.855,9.9406,29.019,34.97,12.81,4.0187,-3.5047,38.567,21.774,4.8499,-4.7568,9.3058,9.3058,-4.7568,4.8499,21.774,38.567,-3.5047,4.0187,12.81,34.97,29.019,20.95,29.019,-4.038,29.019,20.95,79.433,5.5982,4.0187,-7.9126,11.07,-19.872,7.167,3.3314,18.841,22.098,18.841,3.3314,7.167,-19.872,11.07,-7.9126,4.0187,5.5982,79.433,37.235,79.433,34.97,34.97,79.433,37.235,8.3933,86.389,-3.5047,11.07,48.454,-7.5564,19.168,-13.386,29.72,29.72,-13.386,19.168,-7.5564,48.454,11.07,-3.5047,86.389,8.3933,67.235,8.3933,5.5982,12.81,5.5982,8.3933,67.235,6.132,-74.43,38.567,-19.872,-7.5564,-21.637,27.307,17.426,84.529,17.426,27.307,-21.637,-7.5564,-19.872,38.567,-74.43,6.132,145.51,6.132,86.389,4.0187,4.0187,86.389,6.132,145.51,-20.674,-57.374,21.774,7.167,19.168,27.307,54.376,110.97,110.97,54.376,27.307,19.168,7.167,21.774,-57.374,-20.674,27.44,-20.674,-74.43,-3.5047,-7.9126,-3.5047,-74.43,-20.674,27.44,-30.92,-19.199,4.8499,3.3314,-13.386,17.426,110.97,28.1,110.97,17.426,-13.386,3.3314,4.8499,-19.199,-30.92,103.78,-30.92,-57.374,38.567,11.07,11.07,38.567,-57.374,-30.92,103.78,53.073,6.5664,-4.7568,18.841,29.72,84.529,110.97,110.97,84.529,29.72,18.841,-4.7568,6.5664,53.073,17.754,53.073,-19.199,21.774,-19.872,48.454,-19.872,21.774,-19.199,53.073,17.754,63.328,9.371,9.3058,22.098,29.72,17.426,54.376,17.426,29.72,22.098,9.3058,9.371,63.328,22.571,63.328,6.5664,4.8499,7.167,-7.5564,-7.5564,7.167,4.8499,6.5664,63.328,22.571,3.0004,-47.28,9.3058,18.841,-13.386,27.307,27.307,-13.386,18.841,9.3058,-47.28,3.0004,3.8391,3.0004,9.371,-4.7568,3.3314,19.168,-21.637,19.168,3.3314,-4.7568,9.371,3.0004,3.8391,3.0004,9.371,-4.7568,3.3314,19.168,-21.637,19.168,3.3314,-4.7568,9.371,3.0004,22.571,3.0004,-47.28,9.3058,18.841,-13.386,27.307,27.307,-13.386,18.841,9.3058,-47.28,3.0004,22.571,63.328,6.5664,4.8499,7.167,-7.5564,-7.5564,7.167,4.8499,6.5664,63.328,17.754,63.328,9.371,9.3058,22.098,29.72,17.426,54.376,17.426,29.72,22.098,9.3058,9.371,63.328,17.754,53.073,-19.199,21.774,-19.872,48.454,-19.872,21.774,-19.199,53.073,103.78,53.073,6.5664,-4.7568,18.841,29.72,84.529,110.97,110.97,84.529,29.72,18.841,-4.7568,6.5664,53.073,103.78,-30.92,-57.374,38.567,11.07,11.07,38.567,-57.374,-30.92,27.44,-30.92,-19.199,4.8499,3.3314,-13.386,17.426,110.97,28.1,110.97,17.426,-13.386,3.3314,4.8499,-19.199,-30.92,27.44,-20.674,-74.43,-3.5047,-7.9126,-3.5047,-74.43,-20.674,145.51,-20.674,-57.374,21.774,7.167,19.168,27.307,54.376,110.97,110.97,54.376,27.307,19.168,7.167,21.774,-57.374,-20.674,145.51,6.132,86.389,4.0187,4.0187,86.389,6.132,67.235,6.132,-74.43,38.567,-19.872,-7.5564,-21.637,27.307,17.426,84.529,17.426,27.307,-21.637,-7.5564,-19.872,38.567,-74.43,6.132,67.235,8.3933,5.5982,12.81,5.5982,8.3933,37.235,8.3933,86.389,-3.5047,11.07,48.454,-7.5564,19.168,-13.386,29.72,29.72,-13.386,19.168,-7.5564,48.454,11.07,-3.5047,86.389,8.3933,37.235,79.433,34.97,34.97,79.433,20.95,79.433,5.5982,4.0187,-7.9126,11.07,-19.872,7.167,3.3314,18.841,22.098,18.841,3.3314,7.167,-19.872,11.07,-7.9126,4.0187,5.5982,79.433,20.95,29.019,-4.038,29.019,9.9406,29.019,34.97,12.81,4.0187,-3.5047,38.567,21.774,4.8499,-4.7568,9.3058,9.3058,-4.7568,4.8499,21.774,38.567,-3.5047,4.0187,12.81,34.97,29.019,9.9406,37.855,37.855,98.677,37.855,-4.038,34.97,5.5982,86.389,-74.43,-57.374,-19.199,6.5664,9.371,-47.28,9.371,6.5664,-19.199,-57.374,-74.43,86.389,5.5982,34.97,-4.038,37.855,98.677,170.23,65.922,170.23,37.855,29.019,79.433,8.3933,6.132,-20.674,-30.92,53.073,63.328,3.0004,3.0004,63.328,53.073,-30.92,-20.674,6.132,8.3933,79.433,29.019,37.855,170.23,65.922
0,-8.1248e-17,2.9383e-16,9.2344e-17,1.4687e-16,1.4531e-16,-1.384e-17,1.3131e-15,-5.8037e-19,0,-7.4163e-17,-2.7808e-16,0,2.7808e-16,7.4163e-17,0,5.8037e-19,-1.3131e-15,1.384e-17,-1.4531e-16,-1.4687e-16,-9.2344e-17,-2.9383e-16,8.1248e-17,8.1248e-17,0,-68.89,-44.514,-11.188,30.772,-19.562,83.748,42.516,12.077,25.641,19.257,-25.43,-25.43,19.257,25.641,12.077,42.516,83.748,-19.562,30.772,-11.188,-44.514,-68.89,-2.9383e-16,68.89,0,-44.514,-16.435,2.8466,31.946,36.894,-14.993,-170.64,12.519,18.861,3.0913,-45.763,3.0913,18.861,12.519,-170.64,-14.993,36.894,31.946,2.8466,-16.435,-44.514,-9.2344e-17,44.514,44.514,0,-11.188,2.8466,0.75499,3.7523,-5.4226,15.144,3.8239,3.1146,5.4904,-15.341,-15.341,5.4904,3.1146,3.8239,15.144,-5.4226,3.7523,0.75499,2.8466,-11.188,-1.4687e-16,11.188,16.435,11.188,0,30.772,31.946,3.7523,12.197,8.361,8.3563,50.524,3.1269,-11.631,-10.8,-11.631,3.1269,50.524,8.3563,8.361,12.197,3.7523,31.946,30.772,-1.4531e-16,-30.772,-2.8466,-2.8466,-30.772,0,-19.562,36.894,-5.4226,8.361,10.826,7.9219,10.081,-3.5284,-33.408,-33.408,-3.5284,10.081,7.9219,10.826,8.361,-5.4226,36.894,-19.562,1.384e-17,19.562,-31.946,-0.75499,-31.946,19.562,0,83.748,-14.993,15.144,8.3563,7.9219,6.8642,-11.572,19.315,-125.69,19.315,-11.572,6.8642,7.9219,8.3563,15.144,-14.993,83.748,-1.3131e-15,-83.748,-36.894,-3.7523,-3.7523,-36.894,-83.748,0,42.516,-170.64,3.8239,50.524,10.081,-11.572,52.97,-27.7,-27.7,52.97,-11.572,10.081,50.524,3.8239,-170.64,42.516,5.8037e-19,-42.516,14.993,5.4226,-12.197,5.4226,14.993,-42.516,0,12.077,12.519,3.1146,3.1269,-3.5284,19.315,-27.7,-0.25318,-27.7,19.315,-3.5284,3.1269,3.1146,12.519,12.077,0,-12.077,170.64,-15.144,-8.361,-8.361,-15.144,170.64,-12.077,0,25.641,18.861,5.4904,-11.631,-33.408,-125.69,-27.7,-27.7,-125.69,-33.408,-11.631,5.4904,18.861,25.641,7.4163e-17,-25.641,-12.519,-3.8239,-8.3563,-10.826,-8.3563,-3.8239,-12.519,-25.641,0,19.257,3.0913,-15.341,-10.8,-33.408,19.315,52.97,19.315,-33.408,-10.8,-15.341,3.0913,19.257,2.7808e-16,-19.257,-18.861,-3.1146,-50.524,-7.9219,-7.9219,-50.524,-3.1146,-18.861,-19.257,0,-25.43,-45.763,-15.341,-11.631,-3.5284,-11.572,-11.572,-3.5284,-11.631,-15.341,-45.763,-25.43,0,25.43,-3.0913,-5.4904,-3.1269,-10.081,-6.8642,-10.081,-3.1269,-5.4904,-3.0913,25.43,0,-25.43,3.0913,5.4904,3.1269,10.081,6.8642,10.081,3.1269,5.4904,3.0913,-25.43,-2.7808e-16,25.43,45.763,15.341,11.631,3.5284,11.572,11.572,3.5284,11.631,15.341,45.763,25.43,0,19.257,18.861,3.1146,50.524,7.9219,7.9219,50.524,3.1146,18.861,19.257,-7.4163e-17,-19.257,-3.0913,15.341,10.8,33.408,-19.315,-52.97,-19.315,33.408,10.8,15.341,-3.0913,-19.257,0,25.641,12.519,3.8239,8.3563,10.826,8.3563,3.8239,12.519,25.641,0,-25.641,-18.861,-5.4904,11.631,33.408,125.69,27.7,27.7,125.69,33.408,11.631,-5.4904,-18.861,-25.641,0,12.077,-170.64,15.144,8.361,8.361,15.144,-170.64,12.077,-5.8037e-19,-12.077,-12.519,-3.1146,-3.1269,3.5284,-19.315,27.7,0.25318,27.7,-19.315,3.5284,-3.1269,-3.1146,-12.519,-12.077,0,42.516,-14.993,-5.4226,12.197,-5.4226,-14.993,42.516,1.3131e-15,-42.516,170.64,-3.8239,-50.524,-10.081,11.572,-52.97,27.7,27.7,-52.97,11.572,-10.081,-50.524,-3.8239,170.64,-42.516,0,83.748,36.894,3.7523,3.7523,36.894,83.748,-1.384e-17,-83.748,14.993,-15.144,-8.3563,-7.9219,-6.8642,11.572,-19.315,125.69,-19.315,11.572,-6.8642,-7.9219,-8.3563,-15.144,14.993,-83.748,0,-19.562,31.946,0.75499,31.946,-19.562,1.4531e-16,19.562,-36.894,5.4226,-8.361,-10.826,-7.9219,-10.081,3.5284,33.408,33.408,3.5284,-10.081,-7.9219,-10.826,-8.361,5.4226,-36.894,19.562,0,30.772,2.8466,2.8466,30.772,1.4687e-16,-30.772,-31.946,-3.7523,-12.197,-8.361,-8.3563,-50.524,-3.1269,11.631,10.8,11.631,-3.1269,-50.524,-8.3563,-8.361,-12.197,-3.7523,-31.946,-30.772,0,-11.188,-16.435,-11.188,9.2344e-17,11.188,-2.8466,-0.75499,-3.7523,5.4226,-15.144,-3.8239,-3.1146,-5.4904,15.341,15.341,-5.4904,-3.1146,-3.8239,-15.144,5.4226,-3.7523,-0.75499,-2.8466,11.188,0,-44.514,-44.514,2.9383e-16,44.514,16.435,-2.8466,-31.946,-36.894,14.993,170.64,-12.519,-18.861,-3.0913,45.763,-3.0913,-18.861,-12.519,170.64,14.993,-36.894,-31.946,-2.8466,16.435,44.514,0,-68.89,-8.1248e-17,68.89,44.514,11.188,-30.772,19.562,-83.748,-42.516,-12.077,-25.641,-19.257,25.43,25.43,-19.257,-25.641,-12.077,-42.516,-83.748,19.562,-30.772,11.188,44.514,68.89,0
