1.1261,18.538,4.8266,5.0963,0.66337,37.777,13.689,2.972,0.78555,9.0575,2.441,12.863,-1.482,12.863,2.441,9.0575,0.78555,2.972,13.689,37.777,0.66337,5.0963,4.8266,18.538,18.538,18.538,16.442,12.914,11.958,89.619,96.354,-24.409,-18.665,-28.739,-46.401,-23.54,-57.682,-57.682,-23.54,-46.401,-28.739,-18.665,-24.409,96.354,89.619,11.958,12.914,16.442,4.8266,16.442,4.8266,12.914,-15.345,-127.34,127.87,-71.837,1.4873,-15.539,-32.613,41.446,26.555,27.068,26.555,41.446,-32.613,-15.539,1.4873,-71.837,127.87,-127.34,-15.345,12.914,5.0963,12.914,12.914,5.0963,11.958,-127.34,-285.5,-76.97,-76.887,135.85,-20,166.9,89.633,-50.049,-50.049,89.633,166.9,-20,135.85,-76.887,-76.97,-285.5,-127.34,11.958,0.66337,11.958,-15.345,11.958,0.66337,89.619,127.87,-76.97,275.7,-29.652,-103.49,-82.652,-26.566,113.46,-11.604,113.46,-26.566,-82.652,-103.49,-29.652,275.7,-76.97,127.87,89.619,37.777,89.619,-127.34,-127.34,89.619,37.777,96.354,-71.837,-76.887,-29.652,-137.36,211.17,57.869,51.541,-53.717,-53.717,51.541,57.869,211.17,-137.36,-29.652,-76.887,-71.837,96.354,13.689,96.354,127.87,-285.5,127.87,96.354,13.689,-24.409,1.4873,135.85,-103.49,211.17,-110.83,-113.27,0.68823,-92.921,0.68823,-113.27,-110.83,211.17,-103.49,135.85,1.4873,-24.409,2.972,-24.409,-71.837,-76.97,-76.97,-71.837,-24.409,2.972,-18.665,-15.539,-20,-82.652,57.869,-113.27,-5.3401,-54.238,-54.238,-5.3401,-113.27,57.869,-82.652,-20,-15.539,-18.665,0.78555,-18.665,1.4873,-76.887,275.7,-76.887,1.4873,-18.665,0.78555,-28.739,-32.613,166.9,-26.566,51.541,0.68823,-54.238,-44.911,-54.238,0.68823,51.541,-26.566,166.9,-32.613,-28.739,9.0575,-28.739,-15.539,135.85,-29.652,-29.652,135.85,-15.539,-28.739,9.0575,-46.401,41.446,89.633,113.46,-53.717,-92.921,-54.238,-54.238,-92.921,-53.717,113.46,89.633,41.446,-46.401,2.441,-46.401,-32.613,-20,-103.49,-137.36,-103.49,-20,-32.613,-46.401,2.441,-23.54,26.555,-50.049,-11.604,-53.717,0.68823,-5.3401,0.68823,-53.717,-11.604,-50.049,26.555,-23.54,12.863,-23.54,41.446,166.9,-82.652,211.17,211.17,-82.652,166.9,41.446,-23.54,12.863,-57.682,27.068,-50.049,113.46,51.541,-113.27,-113.27,51.541,113.46,-50.049,27.068,-57.682,-1.482,-57.682,26.555,89.633,-26.566,57.869,-110.83,57.869,-26.566,89.633,26.555,-57.682,-1.482,-57.682,26.555,89.633,-26.566,57.869,-110.83,57.869,-26.566,89.633,26.555,-57.682,12.863,-57.682,27.068,-50.049,113.46,51.541,-113.27,-113.27,51.541,113.46,-50.049,27.068,-57.682,12.863,-23.54,41.446,166.9,-82.652,211.17,211.17,-82.652,166.9,41.446,-23.54,2.441,-23.54,26.555,-50.049,-11.604,-53.717,0.68823,-5.3401,0.68823,-53.717,-11.604,-50.049,26.555,-23.54,2.441,-46.401,-32.613,-20,-103.49,-137.36,-103.49,-20,-32.613,-46.401,9.0575,-46.401,41.446,89.633,113.46,-53.717,-92.921,-54.238,-54.238,-92.921,-53.717,113.46,89.633,41.446,-46.401,9.0575,-28.739,-15.539,135.85,-29.652,-29.652,135.85,-15.539,-28.739,0.78555,-28.739,-32.613,166.9,-26.566,51.541,0.68823,-54.238,-44.911,-54.238,0.68823,51.541,-26.566,166.9,-32.613,-28.739,0.78555,-18.665,1.4873,-76.887,275.7,-76.887,1.4873,-18.665,2.972,-18.665,-15.539,-20,-82.652,57.869,-113.27,-5.3401,-54.238,-54.238,-5.3401,-113.27,57.869,-82.652,-20,-15.539,-18.665,2.972,-24.409,-71.837,-76.97,-76.97,-71.837,-24.409,13.689,-24.409,1.4873,135.85,-103.49,211.17,-110.83,-113.27,0.68823,-92.921,0.68823,-113.27,-110.83,211.17,-103.49,135.85,1.4873,-24.409,13.689,96.354,127.87,-285.5,127.87,96.354,37.777,96.354,-71.837,-76.887,-29.652,-137.36,211.17,57.869,51.541,-53.717,-53.717,51.541,57.869,211.17,-137.36,-29.652,-76.887,-71.837,96.354,37.777,89.619,-127.34,-127.34,89.619,0.66337,89.619,127.87,-76.97,275.7,-29.652,-103.49,-82.652,-26.566,113.46,-11.604,113.46,-26.566,-82.652,-103.49,-29.652,275.7,-76.97,127.87,89.619,0.66337,11.958,-15.345,11.958,5.0963,11.958,-127.34,-285.5,-76.97,-76.887,135.85,-20,166.9,89.633,-50.049,-50.049,89.633,166.9,-20,135.85,-76.887,-76.97,-285.5,-127.34,11.958,5.0963,12.914,12.914,4.8266,12.914,-15.345,-127.34,127.87,-71.837,1.4873,-15.539,-32.613,41.446,26.555,27.068,26.555,41.446,-32.613,-15.539,1.4873,-71.837,127.87,-127.34,-15.345,12.914,4.8266,16.442,18.538,16.442,12.914,11.958,89.619,96.354,-24.409,-18.665,-28.739,-46.401,-23.54,-57.682,-57.682,-23.54,-46.401,-28.739,-18.665,-24.409,96.354,89.619,11.958,12.914,16.442,18.538
0,-3.1197e-16,-1.8615e-17,2.9558e-16,-1.1324e-16,3.6414e-16,-3.0519e-16,7.4398e-17,-1.0101e-16,2.2274e-16,-6.2297e-19,-3.3982e-17,0,3.3982e-17,6.2297e-19,-2.2274e-16,1.0101e-16,-7.4398e-17,3.0519e-16,-3.6414e-16,1.1324e-16,-2.9558e-16,1.8615e-17,3.1197e-16,3.1197e-16,0,-40.364,-10.567,120.11,-166.5,20.536,64.298,34.626,-38.289,-9.1391,34.816,27.205,27.205,34.816,-9.1391,-38.289,34.626,64.298,20.536,-166.5,120.11,-10.567,-40.364,1.8615e-17,40.364,0,-10.567,32.618,74.187,29.717,-24.98,42.456,40.527,-6.9682,85.033,6.2743,124.5,6.2743,85.033,-6.9682,40.527,42.456,-24.98,29.717,74.187,32.618,-10.567,-2.9558e-16,10.567,10.567,0,120.11,74.187,44.705,-135.66,137.13,93.223,50.62,43.764,-69.6,-107.57,-107.57,-69.6,43.764,50.62,93.223,137.13,-135.66,44.705,74.187,120.11,1.1324e-16,-120.11,-32.618,-120.11,0,-166.5,29.717,-135.66,-145.22,-196,41.786,137.48,134.83,114.49,-53.285,114.49,134.83,137.48,41.786,-196,-145.22,-135.66,29.717,-166.5,-3.6414e-16,166.5,-74.187,-74.187,166.5,0,20.536,-24.98,137.13,-196,-11.225,-169.23,-28.544,-127.58,28.519,28.519,-127.58,-28.544,-169.23,-11.225,-196,137.13,-24.98,20.536,3.0519e-16,-20.536,-29.717,-44.705,-29.717,-20.536,0,64.298,42.456,93.223,41.786,-169.23,31.148,-26.586,44.331,55.507,44.331,-26.586,31.148,-169.23,41.786,93.223,42.456,64.298,-7.4398e-17,-64.298,24.98,135.66,135.66,24.98,-64.298,0,34.626,40.527,50.62,137.48,-28.544,-26.586,15.5,6.8301,6.8301,15.5,-26.586,-28.544,137.48,50.62,40.527,34.626,1.0101e-16,-34.626,-42.456,-137.13,145.22,-137.13,-42.456,-34.626,0,-38.289,-6.9682,43.764,134.83,-127.58,44.331,6.8301,-76.624,6.8301,44.331,-127.58,134.83,43.764,-6.9682,-38.289,-2.2274e-16,38.289,-40.527,-93.223,196,196,-93.223,-40.527,38.289,0,-9.1391,85.033,-69.6,114.49,28.519,55.507,6.8301,6.8301,55.507,28.519,114.49,-69.6,85.033,-9.1391,6.2297e-19,9.1391,6.9682,-50.62,-41.786,11.225,-41.786,-50.62,6.9682,9.1391,0,34.816,6.2743,-107.57,-53.285,28.519,44.331,15.5,44.331,28.519,-53.285,-107.57,6.2743,34.816,3.3982e-17,-34.816,-85.033,-43.764,-137.48,169.23,169.23,-137.48,-43.764,-85.033,-34.816,0,27.205,124.5,-107.57,114.49,-127.58,-26.586,-26.586,-127.58,114.49,-107.57,124.5,27.205,0,-27.205,-6.2743,69.6,-134.83,28.544,-31.148,28.544,-134.83,69.6,-6.2743,-27.205,0,27.205,6.2743,-69.6,134.83,-28.544,31.148,-28.544,134.83,-69.6,6.2743,27.205,-3.3982e-17,-27.205,-124.5,107.57,-114.49,127.58,26.586,26.586,127.58,-114.49,107.57,-124.5,-27.205,0,34.816,85.033,43.764,137.48,-169.23,-169.23,137.48,43.764,85.033,34.816,-6.2297e-19,-34.816,-6.2743,107.57,53.285,-28.519,-44.331,-15.5,-44.331,-28.519,53.285,107.57,-6.2743,-34.816,0,-9.1391,-6.9682,50.62,41.786,-11.225,41.786,50.62,-6.9682,-9.1391,2.2274e-16,9.1391,-85.033,69.6,-114.49,-28.519,-55.507,-6.8301,-6.8301,-55.507,-28.519,-114.49,69.6,-85.033,9.1391,0,-38.289,40.527,93.223,-196,-196,93.223,40.527,-38.289,-1.0101e-16,38.289,6.9682,-43.764,-134.83,127.58,-44.331,-6.8301,76.624,-6.8301,-44.331,127.58,-134.83,-43.764,6.9682,38.289,0,34.626,42.456,137.13,-145.22,137.13,42.456,34.626,7.4398e-17,-34.626,-40.527,-50.62,-137.48,28.544,26.586,-15.5,-6.8301,-6.8301,-15.5,26.586,28.544,-137.48,-50.62,-40.527,-34.626,0,64.298,-24.98,-135.66,-135.66,-24.98,64.298,-3.0519e-16,-64.298,-42.456,-93.223,-41.786,169.23,-31.148,26.586,-44.331,-55.507,-44.331,26.586,-31.148,169.23,-41.786,-93.223,-42.456,-64.298,0,20.536,29.717,44.705,29.717,20.536,3.6414e-16,-20.536,24.98,-137.13,196,11.225,169.23,28.544,127.58,-28.519,-28.519,127.58,28.544,169.23,11.225,196,-137.13,24.98,-20.536,0,-166.5,74.187,74.187,-166.5,-1.1324e-16,166.5,-29.717,135.66,145.22,196,-41.786,-137.48,-134.83,-114.49,53.285,-114.49,-134.83,-137.48,-41.786,196,145.22,135.66,-29.717,166.5,0,120.11,32.618,120.11,2.9558e-16,-120.11,-74.187,-44.705,135.66,-137.13,-93.223,-50.62,-43.764,69.6,107.57,107.57,69.6,-43.764,-50.62,-93.223,-137.13,135.66,-44.705,-74.187,-120.11,0,-10.567,-10.567,-1.8615e-17,10.567,-32.618,-74.187,-29.717,24.98,-42.456,-40.527,6.9682,-85.033,-6.2743,-124.5,-6.2743,-85.033,6.9682,-40.527,-42.456,24.98,-29.717,-74.187,-32.618,10.567,0,-40.364,-3.1197e-16,40.364,10.567,-120.11,166.5,-20.536,-64.298,-34.626,38.289,9.1391,-34.816,-27.205,-27.205,-34.816,9.1391,38.289,-34.626,-64.298,-20.536,166.5,-120.11,10.567,40.364,0
