3.4483,18.659,0.93746,15.951,24.078,16.655,46.265,64.784,37.76,27.447,36.572,10.588,45.232,10.588,36.572,27.447,37.76,64.784,46.265,16.655,24.078,15.951,0.93746,18.659,18.659,18.659,-14.974,-10.958,23.941,-6.6876,37.948,3.8522,-12.798,-32.836,92.055,-13.68,1.4489,1.4489,-13.68,92.055,-32.836,-12.798,3.8522,37.948,-6.6876,23.941,-10.958,-14.974,0.93746,-14.974,0.93746,-10.958,2.3691,10.366,27.468,-7.2059,-21.283,8.426,18.877,-0.17867,1.5195,0.31515,1.5195,-0.17867,18.877,8.426,-21.283,-7.2059,27.468,10.366,2.3691,-10.958,15.951,-10.958,-10.958,15.951,23.941,10.366,-8.5659,-12.239,-49.416,-93.236,40.194,29.477,5.7736,1.3833,1.3833,5.7736,29.477,40.194,-93.236,-49.416,-12.239,-8.5659,10.366,23.941,24.078,23.941,2.3691,23.941,24.078,-6.6876,27.468,-12.239,-120.61,-77.308,-91.51,-20.199,-26.866,-31.163,67.114,-31.163,-26.866,-20.199,-91.51,-77.308,-120.61,-12.239,27.468,-6.6876,16.655,-6.6876,10.366,10.366,-6.6876,16.655,37.948,-7.2059,-49.416,-77.308,-14.41,-3.2488,68.707,-12.659,59.838,59.838,-12.659,68.707,-3.2488,-14.41,-77.308,-49.416,-7.2059,37.948,46.265,37.948,27.468,-8.5659,27.468,37.948,46.265,3.8522,-21.283,-93.236,-91.51,-3.2488,56.79,-43.764,157.74,5.9289,157.74,-43.764,56.79,-3.2488,-91.51,-93.236,-21.283,3.8522,64.784,3.8522,-7.2059,-12.239,-12.239,-7.2059,3.8522,64.784,-12.798,8.426,40.194,-20.199,68.707,-43.764,-39.351,-16.023,-16.023,-39.351,-43.764,68.707,-20.199,40.194,8.426,-12.798,37.76,-12.798,-21.283,-49.416,-120.61,-49.416,-21.283,-12.798,37.76,-32.836,18.877,29.477,-26.866,-12.659,157.74,-16.023,-11.524,-16.023,157.74,-12.659,-26.866,29.477,18.877,-32.836,27.447,-32.836,8.426,-93.236,-77.308,-77.308,-93.236,8.426,-32.836,27.447,92.055,-0.17867,5.7736,-31.163,59.838,5.9289,-16.023,-16.023,5.9289,59.838,-31.163,5.7736,-0.17867,92.055,36.572,92.055,18.877,40.194,-91.51,-14.41,-91.51,40.194,18.877,92.055,36.572,-13.68,1.5195,1.3833,67.114,59.838,157.74,-39.351,157.74,59.838,67.114,1.3833,1.5195,-13.68,10.588,-13.68,-0.17867,29.477,-20.199,-3.2488,-3.2488,-20.199,29.477,-0.17867,-13.68,10.588,1.4489,0.31515,1.3833,-31.163,-12.659,-43.764,-43.764,-12.659,-31.163,1.3833,0.31515,1.4489,45.232,1.4489,1.5195,5.7736,-26.866,68.707,56.79,68.707,-26.866,5.7736,1.5195,1.4489,45.232,1.4489,1.5195,5.7736,-26.866,68.707,56.79,68.707,-26.866,5.7736,1.5195,1.4489,10.588,1.4489,0.31515,1.3833,-31.163,-12.659,-43.764,-43.764,-12.659,-31.163,1.3833,0.31515,1.4489,10.588,-13.68,-0.17867,29.477,-20.199,-3.2488,-3.2488,-20.199,29.477,-0.17867,-13.68,36.572,-13.68,1.5195,1.3833,67.114,59.838,157.74,-39.351,157.74,59.838,67.114,1.3833,1.5195,-13.68,36.572,92.055,18.877,40.194,-91.51,-14.41,-91.51,40.194,18.877,92.055,27.447,92.055,-0.17867,5.7736,-31.163,59.838,5.9289,-16.023,-16.023,5.9289,59.838,-31.163,5.7736,-0.17867,92.055,27.447,-32.836,8.426,-93.236,-77.308,-77.308,-93.236,8.426,-32.836,37.76,-32.836,18.877,29.477,-26.866,-12.659,157.74,-16.023,-11.524,-16.023,157.74,-12.659,-26.866,29.477,18.877,-32.836,37.76,-12.798,-21.283,-49.416,-120.61,-49.416,-21.283,-12.798,64.784,-12.798,8.426,40.194,-20.199,68.707,-43.764,-39.351,-16.023,-16.023,-39.351,-43.764,68.707,-20.199,40.194,8.426,-12.798,64.784,3.8522,-7.2059,-12.239,-12.239,-7.2059,3.8522,46.265,3.8522,-21.283,-93.236,-91.51,-3.2488,56.79,-43.764,157.74,5.9289,157.74,-43.764,56.79,-3.2488,-91.51,-93.236,-21.283,3.8522,46.265,37.948,27.468,-8.5659,27.468,37.948,16.655,37.948,-7.2059,-49.416,-77.308,-14.41,-3.2488,68.707,-12.659,59.838,59.838,-12.659,68.707,-3.2488,-14.41,-77.308,-49.416,-7.2059,37.948,16.655,-6.6876,10.366,10.366,-6.6876,24.078,-6.6876,27.468,-12.239,-120.61,-77.308,-91.51,-20.199,-26.866,-31.163,67.114,-31.163,-26.866,-20.199,-91.51,-77.308,-120.61,-12.239,27.468,-6.6876,24.078,23.941,2.3691,23.941,15.951,23.941,10.366,-8.5659,-12.239,-49.416,-93.236,40.194,29.477,5.7736,1.3833,1.3833,5.7736,29.477,40.194,-93.236,-49.416,-12.239,-8.5659,10.366,23.941,15.951,-10.958,-10.958,0.93746,-10.958,2.3691,10.366,27.468,-7.2059,-21.283,8.426,18.877,-0.17867,1.5195,0.31515,1.5195,-0.17867,18.877,8.426,-21.283,-7.2059,27.468,10.366,2.3691,-10.958,0.93746,-14.974,18.659,-14.974,-10.958,23.941,-6.6876,37.948,3.8522,-12.798,-32.836,92.055,-13.68,1.4489,1.4489,-13.68,92.055,-32.836,-12.798,3.8522,37.948,-6.6876,23.941,-10.958,-14.974,18.659
0,-1.0678e-16,1.0653e-18,-5.3995e-17,5.5396e-17,-7.2662e-17,-3.8921e-16,1.8671e-16,1.9109e-16,8.793e-18,4.3944e-16,-9.2615e-18,0,9.2615e-18,-4.3944e-16,-8.793e-18,-1.9109e-16,-1.8671e-16,3.8921e-16,7.2662e-17,-5.5396e-17,5.3995e-17,-1.0653e-18,1.0678e-16,1.0678e-16,0,-3.6718,-4.476,-54.226,-65.764,-75.062,55.054,-41.034,-110.53,-23.319,31.986,16.294,16.294,31.986,-23.319,-110.53,-41.034,55.054,-75.062,-65.764,-54.226,-4.476,-3.6718,-1.0653e-18,3.6718,0,-4.476,-3.2608,1.2305,4.1577,-3.0345,25.904,-11.416,18.154,-5.8167,5.0357,-0.48455,5.0357,-5.8167,18.154,-11.416,25.904,-3.0345,4.1577,1.2305,-3.2608,-4.476,5.3995e-17,4.476,4.476,0,-54.226,1.2305,68.108,-15.807,-43.721,7.2017,12.927,-15.331,-0.51885,2.3779,2.3779,-0.51885,-15.331,12.927,7.2017,-43.721,-15.807,68.108,1.2305,-54.226,-5.5396e-17,54.226,3.2608,54.226,0,-65.764,4.1577,-15.807,-26.126,-0.41028,-105.26,-20.728,-20.41,-5.669,-69.555,-5.669,-20.41,-20.728,-105.26,-0.41028,-26.126,-15.807,4.1577,-65.764,7.2662e-17,65.764,-1.2305,-1.2305,65.764,0,-75.062,-3.0345,-43.721,-0.41028,-62.788,36.979,-25.604,1.4479,60.854,60.854,1.4479,-25.604,36.979,-62.788,-0.41028,-43.721,-3.0345,-75.062,3.8921e-16,75.062,-4.1577,-68.108,-4.1577,75.062,0,55.054,25.904,7.2017,-105.26,36.979,-8.4696,-2.5754,-30.363,166.25,-30.363,-2.5754,-8.4696,36.979,-105.26,7.2017,25.904,55.054,-1.8671e-16,-55.054,3.0345,15.807,15.807,3.0345,-55.054,0,-41.034,-11.416,12.927,-20.728,-25.604,-2.5754,143.58,-82.285,-82.285,143.58,-2.5754,-25.604,-20.728,12.927,-11.416,-41.034,-1.9109e-16,41.034,-25.904,43.721,26.126,43.721,-25.904,41.034,0,-110.53,18.154,-15.331,-20.41,1.4479,-30.363,-82.285,-168.31,-82.285,-30.363,1.4479,-20.41,-15.331,18.154,-110.53,-8.793e-18,110.53,11.416,-7.2017,0.41028,0.41028,-7.2017,11.416,110.53,0,-23.319,-5.8167,-0.51885,-5.669,60.854,166.25,-82.285,-82.285,166.25,60.854,-5.669,-0.51885,-5.8167,-23.319,-4.3944e-16,23.319,-18.154,-12.927,105.26,62.788,105.26,-12.927,-18.154,23.319,0,31.986,5.0357,2.3779,-69.555,60.854,-30.363,143.58,-30.363,60.854,-69.555,2.3779,5.0357,31.986,9.2615e-18,-31.986,5.8167,15.331,20.728,-36.979,-36.979,20.728,15.331,5.8167,-31.986,0,16.294,-0.48455,2.3779,-5.669,1.4479,-2.5754,-2.5754,1.4479,-5.669,2.3779,-0.48455,16.294,0,-16.294,-5.0357,0.51885,20.41,25.604,8.4696,25.604,20.41,0.51885,-5.0357,-16.294,0,16.294,5.0357,-0.51885,-20.41,-25.604,-8.4696,-25.604,-20.41,-0.51885,5.0357,16.294,-9.2615e-18,-16.294,0.48455,-2.3779,5.669,-1.4479,2.5754,2.5754,-1.4479,5.669,-2.3779,0.48455,-16.294,0,31.986,-5.8167,-15.331,-20.728,36.979,36.979,-20.728,-15.331,-5.8167,31.986,4.3944e-16,-31.986,-5.0357,-2.3779,69.555,-60.854,30.363,-143.58,30.363,-60.854,69.555,-2.3779,-5.0357,-31.986,0,-23.319,18.154,12.927,-105.26,-62.788,-105.26,12.927,18.154,-23.319,8.793e-18,23.319,5.8167,0.51885,5.669,-60.854,-166.25,82.285,82.285,-166.25,-60.854,5.669,0.51885,5.8167,23.319,0,-110.53,-11.416,7.2017,-0.41028,-0.41028,7.2017,-11.416,-110.53,1.9109e-16,110.53,-18.154,15.331,20.41,-1.4479,30.363,82.285,168.31,82.285,30.363,-1.4479,20.41,15.331,-18.154,110.53,0,-41.034,25.904,-43.721,-26.126,-43.721,25.904,-41.034,1.8671e-16,41.034,11.416,-12.927,20.728,25.604,2.5754,-143.58,82.285,82.285,-143.58,2.5754,25.604,20.728,-12.927,11.416,41.034,0,55.054,-3.0345,-15.807,-15.807,-3.0345,55.054,-3.8921e-16,-55.054,-25.904,-7.2017,105.26,-36.979,8.4696,2.5754,30.363,-166.25,30.363,2.5754,8.4696,-36.979,105.26,-7.2017,-25.904,-55.054,0,-75.062,4.1577,68.108,4.1577,-75.062,-7.2662e-17,75.062,3.0345,43.721,0.41028,62.788,-36.979,25.604,-1.4479,-60.854,-60.854,-1.4479,25.604,-36.979,62.788,0.41028,43.721,3.0345,75.062,0,-65.764,1.2305,1.2305,-65.764,5.5396e-17,65.764,-4.1577,15.807,26.126,0.41028,105.26,20.728,20.41,5.669,69.555,5.669,20.41,20.728,105.26,0.41028,26.126,15.807,-4.1577,65.764,0,-54.226,-3.2608,-54.226,-5.3995e-17,54.226,-1.2305,-68.108,15.807,43.721,-7.2017,-12.927,15.331,0.51885,-2.3779,-2.3779,0.51885,15.331,-12.927,-7.2017,43.721,15.807,-68.108,-1.2305,54.226,0,-4.476,-4.476,1.0653e-18,4.476,3.2608,-1.2305,-4.1577,3.0345,-25.904,11.416,-18.154,5.8167,-5.0357,0.48455,-5.0357,5.8167,-18.154,11.416,-25.904,3.0345,-4.1577,-1.2305,3.2608,4.476,0,-3.6718,-1.0678e-16,3.6718,4.476,54.226,65.764,75.062,-55.054,41.034,110.53,23.319,-31.986,-16.294,-16.294,-31.986,23.319,110.53,41.034,-55.054,75.062,65.764,54.226,4.476,3.6718,0
