-120.96,-181.36,-79.05,-56.91,-398.05,-50.938,-65.707,-134.46,-224.12,-130.48,-41.145,-58.665,-94.438,-58.665,-41.145,-130.48,-224.12,-134.46,-65.707,-50.938,-398.05,-56.91,-79.05,-181.36,-181.36,-181.36,-54.948,-25.643,100.1,30.383,-1.3878,46.146,31.51,147.56,22.764,-44.442,0.67974,0.67974,-44.442,22.764,147.56,31.51,46.146,-1.3878,30.383,100.1,-25.643,-54.948,-79.05,-54.948,-79.05,-25.643,-45.254,-0.89479,114.31,19.381,-85.314,-77.891,36.581,27.481,6.3389,29.72,6.3389,27.481,36.581,-77.891,-85.314,19.381,114.31,-0.89479,-45.254,-25.643,-56.91,-25.643,-25.643,-56.91,100.1,-0.89479,-36.452,-56.722,-20.283,-25.702,33.882,50.502,25.576,12.511,12.511,25.576,50.502,33.882,-25.702,-20.283,-56.722,-36.452,-0.89479,100.1,-398.05,100.1,-45.254,100.1,-398.05,30.383,114.31,-56.722,419.49,-64.717,94.245,-43.392,-36.718,-30.534,1.0639,-30.534,-36.718,-43.392,94.245,-64.717,419.49,-56.722,114.31,30.383,-50.938,30.383,-0.89479,-0.89479,30.383,-50.938,-1.3878,19.381,-20.283,-64.717,-27.428,-16.704,-12.548,74.501,-1.211,-1.211,74.501,-12.548,-16.704,-27.428,-64.717,-20.283,19.381,-1.3878,-65.707,-1.3878,114.31,-36.452,114.31,-1.3878,-65.707,46.146,-85.314,-25.702,94.245,-16.704,-12.634,11.258,28.503,-0.31956,28.503,11.258,-12.634,-16.704,94.245,-25.702,-85.314,46.146,-134.46,46.146,19.381,-56.722,-56.722,19.381,46.146,-134.46,31.51,-77.891,33.882,-43.392,-12.548,11.258,-25.016,43.867,43.867,-25.016,11.258,-12.548,-43.392,33.882,-77.891,31.51,-224.12,31.51,-85.314,-20.283,419.49,-20.283,-85.314,31.51,-224.12,147.56,36.581,50.502,-36.718,74.501,28.503,43.867,-155.6,43.867,28.503,74.501,-36.718,50.502,36.581,147.56,-130.48,147.56,-77.891,-25.702,-64.717,-64.717,-25.702,-77.891,147.56,-130.48,22.764,27.481,25.576,-30.534,-1.211,-0.31956,43.867,43.867,-0.31956,-1.211,-30.534,25.576,27.481,22.764,-41.145,22.764,36.581,33.882,94.245,-27.428,94.245,33.882,36.581,22.764,-41.145,-44.442,6.3389,12.511,1.0639,-1.211,28.503,-25.016,28.503,-1.211,1.0639,12.511,6.3389,-44.442,-58.665,-44.442,27.481,50.502,-43.392,-16.704,-16.704,-43.392,50.502,27.481,-44.442,-58.665,0.67974,29.72,12.511,-30.534,74.501,11.258,11.258,74.501,-30.534,12.511,29.72,0.67974,-94.438,0.67974,6.3389,25.576,-36.718,-12.548,-12.634,-12.548,-36.718,25.576,6.3389,0.67974,-94.438,0.67974,6.3389,25.576,-36.718,-12.548,-12.634,-12.548,-36.718,25.576,6.3389,0.67974,-58.665,0.67974,29.72,12.511,-30.534,74.501,11.258,11.258,74.501,-30.534,12.511,29.72,0.67974,-58.665,-44.442,27.481,50.502,-43.392,-16.704,-16.704,-43.392,50.502,27.481,-44.442,-41.145,-44.442,6.3389,12.511,1.0639,-1.211,28.503,-25.016,28.503,-1.211,1.0639,12.511,6.3389,-44.442,-41.145,22.764,36.581,33.882,94.245,-27.428,94.245,33.882,36.581,22.764,-130.48,22.764,27.481,25.576,-30.534,-1.211,-0.31956,43.867,43.867,-0.31956,-1.211,-30.534,25.576,27.481,22.764,-130.48,147.56,-77.891,-25.702,-64.717,-64.717,-25.702,-77.891,147.56,-224.12,147.56,36.581,50.502,-36.718,74.501,28.503,43.867,-155.6,43.867,28.503,74.501,-36.718,50.502,36.581,147.56,-224.12,31.51,-85.314,-20.283,419.49,-20.283,-85.314,31.51,-134.46,31.51,-77.891,33.882,-43.392,-12.548,11.258,-25.016,43.867,43.867,-25.016,11.258,-12.548,-43.392,33.882,-77.891,31.51,-134.46,46.146,19.381,-56.722,-56.722,19.381,46.146,-65.707,46.146,-85.314,-25.702,94.245,-16.704,-12.634,11.258,28.503,-0.31956,28.503,11.258,-12.634,-16.704,94.245,-25.702,-85.314,46.146,-65.707,-1.3878,114.31,-36.452,114.31,-1.3878,-50.938,-1.3878,19.381,-20.283,-64.717,-27.428,-16.704,-12.548,74.501,-1.211,-1.211,74.501,-12.548,-16.704,-27.428,-64.717,-20.283,19.381,-1.3878,-50.938,30.383,-0.89479,-0.89479,30.383,-398.05,30.383,114.31,-56.722,419.49,-64.717,94.245,-43.392,-36.718,-30.534,1.0639,-30.534,-36.718,-43.392,94.245,-64.717,419.49,-56.722,114.31,30.383,-398.05,100.1,-45.254,100.1,-56.91,100.1,-0.89479,-36.452,-56.722,-20.283,-25.702,33.882,50.502,25.576,12.511,12.511,25.576,50.502,33.882,-25.702,-20.283,-56.722,-36.452,-0.89479,100.1,-56.91,-25.643,-25.643,-79.05,-25.643,-45.254,-0.89479,114.31,19.381,-85.314,-77.891,36.581,27.481,6.3389,29.72,6.3389,27.481,36.581,-77.891,-85.314,19.381,114.31,-0.89479,-45.254,-25.643,-79.05,-54.948,-181.36,-54.948,-25.643,100.1,30.383,-1.3878,46.146,31.51,147.56,22.764,-44.442,0.67974,0.67974,-44.442,22.764,147.56,31.51,46.146,-1.3878,30.383,100.1,-25.643,-54.948,-181.36
0,-4.132e-15,-7.9054e-16,-1.8383e-17,-2.4029e-15,2.9541e-16,2.2946e-18,8.9887e-16,2.023e-15,-1.2007e-15,-7.4933e-16,5.8446e-16,0,-5.8446e-16,7.4933e-16,1.2007e-15,-2.023e-15,-8.9887e-16,-2.2946e-18,-2.9541e-16,2.4029e-15,1.8383e-17,7.9054e-16,4.132e-15,4.132e-15,0,-48.132,-28.96,-33.074,132.11,-46.493,-52.958,0.24347,-3.5428,47.91,-26.999,-102.57,-102.57,-26.999,47.91,-3.5428,0.24347,-52.958,-46.493,132.11,-33.074,-28.96,-48.132,7.9054e-16,48.132,0,-28.96,-107.54,40.961,41.623,-41.652,-4.4748,10.94,33.561,50.973,-26.201,19.226,-26.201,50.973,33.561,10.94,-4.4748,-41.652,41.623,40.961,-107.54,-28.96,1.8383e-17,28.96,28.96,0,-33.074,40.961,23.56,125.12,-49.792,-7.0227,9.505,38.728,-8.5083,20.146,20.146,-8.5083,38.728,9.505,-7.0227,-49.792,125.12,23.56,40.961,-33.074,2.4029e-15,33.074,107.54,33.074,0,132.11,41.623,125.12,-310.26,21.847,-18.658,-121.18,55.084,30.729,-75.715,30.729,55.084,-121.18,-18.658,21.847,-310.26,125.12,41.623,132.11,-2.9541e-16,-132.11,-40.961,-40.961,-132.11,0,-46.493,-41.652,-49.792,21.847,-1.7397,26.918,55.939,-3.7717,-11.652,-11.652,-3.7717,55.939,26.918,-1.7397,21.847,-49.792,-41.652,-46.493,-2.2946e-18,46.493,-41.623,-23.56,-41.623,46.493,0,-52.958,-4.4748,-7.0227,-18.658,26.918,-11.639,-36.068,-59.071,-5.1469,-59.071,-36.068,-11.639,26.918,-18.658,-7.0227,-4.4748,-52.958,-8.9887e-16,52.958,41.652,-125.12,-125.12,41.652,52.958,0,0.24347,10.94,9.505,-121.18,55.939,-36.068,15.692,158.17,158.17,15.692,-36.068,55.939,-121.18,9.505,10.94,0.24347,-2.023e-15,-0.24347,4.4748,49.792,310.26,49.792,4.4748,-0.24347,0,-3.5428,33.561,38.728,55.084,-3.7717,-59.071,158.17,177.19,158.17,-59.071,-3.7717,55.084,38.728,33.561,-3.5428,1.2007e-15,3.5428,-10.94,7.0227,-21.847,-21.847,7.0227,-10.94,3.5428,0,47.91,50.973,-8.5083,30.729,-11.652,-5.1469,158.17,158.17,-5.1469,-11.652,30.729,-8.5083,50.973,47.91,7.4933e-16,-47.91,-33.561,-9.505,18.658,1.7397,18.658,-9.505,-33.561,-47.91,0,-26.999,-26.201,20.146,-75.715,-11.652,-59.071,15.692,-59.071,-11.652,-75.715,20.146,-26.201,-26.999,-5.8446e-16,26.999,-50.973,-38.728,121.18,-26.918,-26.918,121.18,-38.728,-50.973,26.999,0,-102.57,19.226,20.146,30.729,-3.7717,-36.068,-36.068,-3.7717,30.729,20.146,19.226,-102.57,0,102.57,26.201,8.5083,-55.084,-55.939,11.639,-55.939,-55.084,8.5083,26.201,102.57,0,-102.57,-26.201,-8.5083,55.084,55.939,-11.639,55.939,55.084,-8.5083,-26.201,-102.57,5.8446e-16,102.57,-19.226,-20.146,-30.729,3.7717,36.068,36.068,3.7717,-30.729,-20.146,-19.226,102.57,0,-26.999,50.973,38.728,-121.18,26.918,26.918,-121.18,38.728,50.973,-26.999,-7.4933e-16,26.999,26.201,-20.146,75.715,11.652,59.071,-15.692,59.071,11.652,75.715,-20.146,26.201,26.999,0,47.91,33.561,9.505,-18.658,-1.7397,-18.658,9.505,33.561,47.91,-1.2007e-15,-47.91,-50.973,8.5083,-30.729,11.652,5.1469,-158.17,-158.17,5.1469,11.652,-30.729,8.5083,-50.973,-47.91,0,-3.5428,10.94,-7.0227,21.847,21.847,-7.0227,10.94,-3.5428,2.023e-15,3.5428,-33.561,-38.728,-55.084,3.7717,59.071,-158.17,-177.19,-158.17,59.071,3.7717,-55.084,-38.728,-33.561,3.5428,0,0.24347,-4.4748,-49.792,-310.26,-49.792,-4.4748,0.24347,8.9887e-16,-0.24347,-10.94,-9.505,121.18,-55.939,36.068,-15.692,-158.17,-158.17,-15.692,36.068,-55.939,121.18,-9.505,-10.94,-0.24347,0,-52.958,-41.652,125.12,125.12,-41.652,-52.958,2.2946e-18,52.958,4.4748,7.0227,18.658,-26.918,11.639,36.068,59.071,5.1469,59.071,36.068,11.639,-26.918,18.658,7.0227,4.4748,52.958,0,-46.493,41.623,23.56,41.623,-46.493,2.9541e-16,46.493,41.652,49.792,-21.847,1.7397,-26.918,-55.939,3.7717,11.652,11.652,3.7717,-55.939,-26.918,1.7397,-21.847,49.792,41.652,46.493,0,132.11,40.961,40.961,132.11,-2.4029e-15,-132.11,-41.623,-125.12,310.26,-21.847,18.658,121.18,-55.084,-30.729,75.715,-30.729,-55.084,121.18,18.658,-21.847,310.26,-125.12,-41.623,-132.11,0,-33.074,-107.54,-33.074,-1.8383e-17,33.074,-40.961,-23.56,-125.12,49.792,7.0227,-9.505,-38.728,8.5083,-20.146,-20.146,8.5083,-38.728,-9.505,7.0227,49.792,-125.12,-23.56,-40.961,33.074,0,-28.96,-28.96,-7.9054e-16,28.96,107.54,-40.961,-41.623,41.652,4.4748,-10.94,-33.561,-50.973,26.201,-19.226,26.201,-50.973,-33.561,-10.94,4.4748,41.652,-41.623,-40.961,107.54,28.96,0,-48.132,-4.132e-15,48.132,28.96,33.074,-132.11,46.493,52.958,-0.24347,3.5428,-47.91,26.999,102.57,102.57,26.999,-47.91,3.5428,-0.24347,52.958,46.493,-132.11,33.074,28.96,48.132,0
