-442.63,-70.987,-16.089,-143.71,-19.28,-39.995,-245.92,-56.3,-3.4437,-61.54,-106.46,-39.481,-222.54,-39.481,-106.46,-61.54,-3.4437,-56.3,-245.92,-39.995,-19.28,-143.71,-16.089,-70.987,-70.987,-70.987,13.448,13.158,13.069,4.0816,-11.999,-44.985,-6.7567,-6.708,-30.013,-38.795,-50.205,-50.205,-38.795,-30.013,-6.708,-6.7567,-44.985,-11.999,4.0816,13.069,13.158,13.448,-16.089,13.448,-16.089,13.158,0.10869,12.816,11.044,-0.75469,3.1811,5.0629,3.2253,0.89927,-7.1036,-2.7454,-7.1036,0.89927,3.2253,5.0629,3.1811,-0.75469,11.044,12.816,0.10869,13.158,-143.71,13.158,13.158,-143.71,13.069,12.816,86.919,-12.753,-4.4693,-30.994,-71.216,-12.951,-90.25,-17.716,-17.716,-90.25,-12.951,-71.216,-30.994,-4.4693,-12.753,86.919,12.816,13.069,-19.28,13.069,0.10869,13.069,-19.28,4.0816,11.044,-12.753,1.9694,3.1125,27.899,-12.838,4.0533,3.6798,-14.184,3.6798,4.0533,-12.838,27.899,3.1125,1.9694,-12.753,11.044,4.0816,-39.995,4.0816,12.816,12.816,4.0816,-39.995,-11.999,-0.75469,-4.4693,3.1125,-11.719,-6.81,57.011,6.6531,23.372,23.372,6.6531,57.011,-6.81,-11.719,3.1125,-4.4693,-0.75469,-11.999,-245.92,-11.999,11.044,86.919,11.044,-11.999,-245.92,-44.985,3.1811,-30.994,27.899,-6.81,153.52,-16.356,3.0958,45.506,3.0958,-16.356,153.52,-6.81,27.899,-30.994,3.1811,-44.985,-56.3,-44.985,-0.75469,-12.753,-12.753,-0.75469,-44.985,-56.3,-6.7567,5.0629,-71.216,-12.838,57.011,-16.356,59.313,21.688,21.688,59.313,-16.356,57.011,-12.838,-71.216,5.0629,-6.7567,-3.4437,-6.7567,3.1811,-4.4693,1.9694,-4.4693,3.1811,-6.7567,-3.4437,-6.708,3.2253,-12.951,4.0533,6.6531,3.0958,21.688,0.57658,21.688,3.0958,6.6531,4.0533,-12.951,3.2253,-6.708,-61.54,-6.708,5.0629,-30.994,3.1125,3.1125,-30.994,5.0629,-6.708,-61.54,-30.013,0.89927,-90.25,3.6798,23.372,45.506,21.688,21.688,45.506,23.372,3.6798,-90.25,0.89927,-30.013,-106.46,-30.013,3.2253,-71.216,27.899,-11.719,27.899,-71.216,3.2253,-30.013,-106.46,-38.795,-7.1036,-17.716,-14.184,23.372,3.0958,59.313,3.0958,23.372,-14.184,-17.716,-7.1036,-38.795,-39.481,-38.795,0.89927,-12.951,-12.838,-6.81,-6.81,-12.838,-12.951,0.89927,-38.795,-39.481,-50.205,-2.7454,-17.716,3.6798,6.6531,-16.356,-16.356,6.6531,3.6798,-17.716,-2.7454,-50.205,-222.54,-50.205,-7.1036,-90.25,4.0533,57.011,153.52,57.011,4.0533,-90.25,-7.1036,-50.205,-222.54,-50.205,-7.1036,-90.25,4.0533,57.011,153.52,57.011,4.0533,-90.25,-7.1036,-50.205,-39.481,-50.205,-2.7454,-17.716,3.6798,6.6531,-16.356,-16.356,6.6531,3.6798,-17.716,-2.7454,-50.205,-39.481,-38.795,0.89927,-12.951,-12.838,-6.81,-6.81,-12.838,-12.951,0.89927,-38.795,-106.46,-38.795,-7.1036,-17.716,-14.184,23.372,3.0958,59.313,3.0958,23.372,-14.184,-17.716,-7.1036,-38.795,-106.46,-30.013,3.2253,-71.216,27.899,-11.719,27.899,-71.216,3.2253,-30.013,-61.54,-30.013,0.89927,-90.25,3.6798,23.372,45.506,21.688,21.688,45.506,23.372,3.6798,-90.25,0.89927,-30.013,-61.54,-6.708,5.0629,-30.994,3.1125,3.1125,-30.994,5.0629,-6.708,-3.4437,-6.708,3.2253,-12.951,4.0533,6.6531,3.0958,21.688,0.57658,21.688,3.0958,6.6531,4.0533,-12.951,3.2253,-6.708,-3.4437,-6.7567,3.1811,-4.4693,1.9694,-4.4693,3.1811,-6.7567,-56.3,-6.7567,5.0629,-71.216,-12.838,57.011,-16.356,59.313,21.688,21.688,59.313,-16.356,57.011,-12.838,-71.216,5.0629,-6.7567,-56.3,-44.985,-0.75469,-12.753,-12.753,-0.75469,-44.985,-245.92,-44.985,3.1811,-30.994,27.899,-6.81,153.52,-16.356,3.0958,45.506,3.0958,-16.356,153.52,-6.81,27.899,-30.994,3.1811,-44.985,-245.92,-11.999,11.044,86.919,11.044,-11.999,-39.995,-11.999,-0.75469,-4.4693,3.1125,-11.719,-6.81,57.011,6.6531,23.372,23.372,6.6531,57.011,-6.81,-11.719,3.1125,-4.4693,-0.75469,-11.999,-39.995,4.0816,12.816,12.816,4.0816,-19.28,4.0816,11.044,-12.753,1.9694,3.1125,27.899,-12.838,4.0533,3.6798,-14.184,3.6798,4.0533,-12.838,27.899,3.1125,1.9694,-12.753,11.044,4.0816,-19.28,13.069,0.10869,13.069,-143.71,13.069,12.816,86.919,-12.753,-4.4693,-30.994,-71.216,-12.951,-90.25,-17.716,-17.716,-90.25,-12.951,-71.216,-30.994,-4.4693,-12.753,86.919,12.816,13.069,-143.71,13.158,13.158,-16.089,13.158,0.10869,12.816,11.044,-0.75469,3.1811,5.0629,3.2253,0.89927,-7.1036,-2.7454,-7.1036,0.89927,3.2253,5.0629,3.1811,-0.75469,11.044,12.816,0.10869,13.158,-16.089,13.448,-70.987,13.448,13.158,13.069,4.0816,-11.999,-44.985,-6.7567,-6.708,-30.013,-38.795,-50.205,-50.205,-38.795,-30.013,-6.708,-6.7567,-44.985,-11.999,4.0816,13.069,13.158,13.448,-70.987
0,-3.0043e-16,4.4174e-16,1.1962e-15,-5.9431e-16,2.9374e-16,-3.5701e-15,1.8016e-15,4.3979e-19,1.1752e-15,-2.666e-15,1.206e-15,0,-1.206e-15,2.666e-15,-1.1752e-15,-4.3979e-19,-1.8016e-15,3.5701e-15,-2.9374e-16,5.9431e-16,-1.1962e-15,-4.4174e-16,3.0043e-16,3.0043e-16,0,1.3265,13.15,15.182,-10.916,37.685,2.5706,-8.6012,-6.9193,41.764,-11.888,-33.278,-33.278,-11.888,41.764,-6.9193,-8.6012,2.5706,37.685,-10.916,15.182,13.15,1.3265,-4.4174e-16,-1.3265,0,13.15,3.3274,-6.2988,6.9285,-10.563,4.7195,6.1276,-0.99666,-1.7858,24.159,-2.794,24.159,-1.7858,-0.99666,6.1276,4.7195,-10.563,6.9285,-6.2988,3.3274,13.15,-1.1962e-15,-13.15,-13.15,0,15.182,-6.2988,60.407,1.8808,5.4883,-59.293,-39.311,1.7919,22.91,-43.124,-43.124,22.91,1.7919,-39.311,-59.293,5.4883,1.8808,60.407,-6.2988,15.182,5.9431e-16,-15.182,-3.3274,-15.182,0,-10.916,6.9285,1.8808,-0.14943,-10.567,-21.077,1.4884,1.6408,15.812,24.5,15.812,1.6408,1.4884,-21.077,-10.567,-0.14943,1.8808,6.9285,-10.916,-2.9374e-16,10.916,6.2988,6.2988,10.916,0,37.685,-10.563,5.4883,-10.567,11.464,-28.813,-5.0717,-3.0805,-34.535,-34.535,-3.0805,-5.0717,-28.813,11.464,-10.567,5.4883,-10.563,37.685,3.5701e-15,-37.685,-6.9285,-60.407,-6.9285,-37.685,0,2.5706,4.7195,-59.293,-21.077,-28.813,85.225,26.779,14.275,-14.813,14.275,26.779,85.225,-28.813,-21.077,-59.293,4.7195,2.5706,-1.8016e-15,-2.5706,10.563,-1.8808,-1.8808,10.563,-2.5706,0,-8.6012,6.1276,-39.311,1.4884,-5.0717,26.779,147.16,-10.949,-10.949,147.16,26.779,-5.0717,1.4884,-39.311,6.1276,-8.6012,-4.3979e-19,8.6012,-4.7195,-5.4883,0.14943,-5.4883,-4.7195,8.6012,0,-6.9193,-0.99666,1.7919,1.6408,-3.0805,14.275,-10.949,-0.15535,-10.949,14.275,-3.0805,1.6408,1.7919,-0.99666,-6.9193,-1.1752e-15,6.9193,-6.1276,59.293,10.567,10.567,59.293,-6.1276,6.9193,0,41.764,-1.7858,22.91,15.812,-34.535,-14.813,-10.949,-10.949,-14.813,-34.535,15.812,22.91,-1.7858,41.764,2.666e-15,-41.764,0.99666,39.311,21.077,-11.464,21.077,39.311,0.99666,-41.764,0,-11.888,24.159,-43.124,24.5,-34.535,14.275,147.16,14.275,-34.535,24.5,-43.124,24.159,-11.888,-1.206e-15,11.888,1.7858,-1.7919,-1.4884,28.813,28.813,-1.4884,-1.7919,1.7858,11.888,0,-33.278,-2.794,-43.124,15.812,-3.0805,26.779,26.779,-3.0805,15.812,-43.124,-2.794,-33.278,0,33.278,-24.159,-22.91,-1.6408,5.0717,-85.225,5.0717,-1.6408,-22.91,-24.159,33.278,0,-33.278,24.159,22.91,1.6408,-5.0717,85.225,-5.0717,1.6408,22.91,24.159,-33.278,1.206e-15,33.278,2.794,43.124,-15.812,3.0805,-26.779,-26.779,3.0805,-15.812,43.124,2.794,33.278,0,-11.888,-1.7858,1.7919,1.4884,-28.813,-28.813,1.4884,1.7919,-1.7858,-11.888,-2.666e-15,11.888,-24.159,43.124,-24.5,34.535,-14.275,-147.16,-14.275,34.535,-24.5,43.124,-24.159,11.888,0,41.764,-0.99666,-39.311,-21.077,11.464,-21.077,-39.311,-0.99666,41.764,1.1752e-15,-41.764,1.7858,-22.91,-15.812,34.535,14.813,10.949,10.949,14.813,34.535,-15.812,-22.91,1.7858,-41.764,0,-6.9193,6.1276,-59.293,-10.567,-10.567,-59.293,6.1276,-6.9193,4.3979e-19,6.9193,0.99666,-1.7919,-1.6408,3.0805,-14.275,10.949,0.15535,10.949,-14.275,3.0805,-1.6408,-1.7919,0.99666,6.9193,0,-8.6012,4.7195,5.4883,-0.14943,5.4883,4.7195,-8.6012,1.8016e-15,8.6012,-6.1276,39.311,-1.4884,5.0717,-26.779,-147.16,10.949,10.949,-147.16,-26.779,5.0717,-1.4884,39.311,-6.1276,8.6012,0,2.5706,-10.563,1.8808,1.8808,-10.563,2.5706,-3.5701e-15,-2.5706,-4.7195,59.293,21.077,28.813,-85.225,-26.779,-14.275,14.813,-14.275,-26.779,-85.225,28.813,21.077,59.293,-4.7195,-2.5706,0,37.685,6.9285,60.407,6.9285,37.685,2.9374e-16,-37.685,10.563,-5.4883,10.567,-11.464,28.813,5.0717,3.0805,34.535,34.535,3.0805,5.0717,28.813,-11.464,10.567,-5.4883,10.563,-37.685,0,-10.916,-6.2988,-6.2988,-10.916,-5.9431e-16,10.916,-6.9285,-1.8808,0.14943,10.567,21.077,-1.4884,-1.6408,-15.812,-24.5,-15.812,-1.6408,-1.4884,21.077,10.567,0.14943,-1.8808,-6.9285,10.916,0,15.182,3.3274,15.182,1.1962e-15,-15.182,6.2988,-60.407,-1.8808,-5.4883,59.293,39.311,-1.7919,-22.91,43.124,43.124,-22.91,-1.7919,39.311,59.293,-5.4883,-1.8808,-60.407,6.2988,-15.182,0,13.15,13.15,4.4174e-16,-13.15,-3.3274,6.2988,-6.9285,10.563,-4.7195,-6.1276,0.99666,1.7858,-24.159,2.794,-24.159,1.7858,0.99666,-6.1276,-4.7195,10.563,-6.9285,6.2988,-3.3274,-13.15,0,1.3265,-3.0043e-16,-1.3265,-13.15,-15.182,10.916,-37.685,-2.5706,8.6012,6.9193,-41.764,11.888,33.278,33.278,11.888,-41.764,6.9193,8.6012,-2.5706,-37.685,10.916,-15.182,-13.15,-1.3265,0
