3.3822,-13.573,16.845,-19.862,1.0836,-3.0032,0.46882,27.656,-20.277,49.462,-47.203,5.2046,10.294,5.2046,-47.203,49.462,-20.277,27.656,0.46882,-3.0032,1.0836,-19.862,16.845,-13.573,-13.573,-13.573,-1.595,135.52,-16.558,-79.77,3.0245,28.625,-58.617,-42.702,-56.512,-75.648,-33.59,-33.59,-75.648,-56.512,-42.702,-58.617,28.625,3.0245,-79.77,-16.558,135.52,-1.595,16.845,-1.595,16.845,135.52,-33.893,50.258,9.2623,-74.978,-36.596,72.699,21.769,45.299,-21.603,-35.979,-21.603,45.299,21.769,72.699,-36.596,-74.978,9.2623,50.258,-33.893,135.52,-19.862,135.52,135.52,-19.862,-16.558,50.258,115.4,35.388,31.416,37.003,-51.367,31.238,-33.579,-9.858,-9.858,-33.579,31.238,-51.367,37.003,31.416,35.388,115.4,50.258,-16.558,1.0836,-16.558,-33.893,-16.558,1.0836,-79.77,9.2623,35.388,13.563,56.215,12.909,-39.532,23.348,26.224,13.848,26.224,23.348,-39.532,12.909,56.215,13.563,35.388,9.2623,-79.77,-3.0032,-79.77,50.258,50.258,-79.77,-3.0032,3.0245,-74.978,31.416,56.215,98.202,27.326,-40.062,71.424,32.936,32.936,71.424,-40.062,27.326,98.202,56.215,31.416,-74.978,3.0245,0.46882,3.0245,9.2623,115.4,9.2623,3.0245,0.46882,28.625,-36.596,37.003,12.909,27.326,7.0642,42.982,26.747,42.037,26.747,42.982,7.0642,27.326,12.909,37.003,-36.596,28.625,27.656,28.625,-74.978,35.388,35.388,-74.978,28.625,27.656,-58.617,72.699,-51.367,-39.532,-40.062,42.982,20.588,-59.312,-59.312,20.588,42.982,-40.062,-39.532,-51.367,72.699,-58.617,-20.277,-58.617,-36.596,31.416,13.563,31.416,-36.596,-58.617,-20.277,-42.702,21.769,31.238,23.348,71.424,26.747,-59.312,-21.669,-59.312,26.747,71.424,23.348,31.238,21.769,-42.702,49.462,-42.702,72.699,37.003,56.215,56.215,37.003,72.699,-42.702,49.462,-56.512,45.299,-33.579,26.224,32.936,42.037,-59.312,-59.312,42.037,32.936,26.224,-33.579,45.299,-56.512,-47.203,-56.512,21.769,-51.367,12.909,98.202,12.909,-51.367,21.769,-56.512,-47.203,-75.648,-21.603,-9.858,13.848,32.936,26.747,20.588,26.747,32.936,13.848,-9.858,-21.603,-75.648,5.2046,-75.648,45.299,31.238,-39.532,27.326,27.326,-39.532,31.238,45.299,-75.648,5.2046,-33.59,-35.979,-9.858,26.224,71.424,42.982,42.982,71.424,26.224,-9.858,-35.979,-33.59,10.294,-33.59,-21.603,-33.579,23.348,-40.062,7.0642,-40.062,23.348,-33.579,-21.603,-33.59,10.294,-33.59,-21.603,-33.579,23.348,-40.062,7.0642,-40.062,23.348,-33.579,-21.603,-33.59,5.2046,-33.59,-35.979,-9.858,26.224,71.424,42.982,42.982,71.424,26.224,-9.858,-35.979,-33.59,5.2046,-75.648,45.299,31.238,-39.532,27.326,27.326,-39.532,31.238,45.299,-75.648,-47.203,-75.648,-21.603,-9.858,13.848,32.936,26.747,20.588,26.747,32.936,13.848,-9.858,-21.603,-75.648,-47.203,-56.512,21.769,-51.367,12.909,98.202,12.909,-51.367,21.769,-56.512,49.462,-56.512,45.299,-33.579,26.224,32.936,42.037,-59.312,-59.312,42.037,32.936,26.224,-33.579,45.299,-56.512,49.462,-42.702,72.699,37.003,56.215,56.215,37.003,72.699,-42.702,-20.277,-42.702,21.769,31.238,23.348,71.424,26.747,-59.312,-21.669,-59.312,26.747,71.424,23.348,31.238,21.769,-42.702,-20.277,-58.617,-36.596,31.416,13.563,31.416,-36.596,-58.617,27.656,-58.617,72.699,-51.367,-39.532,-40.062,42.982,20.588,-59.312,-59.312,20.588,42.982,-40.062,-39.532,-51.367,72.699,-58.617,27.656,28.625,-74.978,35.388,35.388,-74.978,28.625,0.46882,28.625,-36.596,37.003,12.909,27.326,7.0642,42.982,26.747,42.037,26.747,42.982,7.0642,27.326,12.909,37.003,-36.596,28.625,0.46882,3.0245,9.2623,115.4,9.2623,3.0245,-3.0032,3.0245,-74.978,31.416,56.215,98.202,27.326,-40.062,71.424,32.936,32.936,71.424,-40.062,27.326,98.202,56.215,31.416,-74.978,3.0245,-3.0032,-79.77,50.258,50.258,-79.77,1.0836,-79.77,9.2623,35.388,13.563,56.215,12.909,-39.532,23.348,26.224,13.848,26.224,23.348,-39.532,12.909,56.215,13.563,35.388,9.2623,-79.77,1.0836,-16.558,-33.893,-16.558,-19.862,-16.558,50.258,115.4,35.388,31.416,37.003,-51.367,31.238,-33.579,-9.858,-9.858,-33.579,31.238,-51.367,37.003,31.416,35.388,115.4,50.258,-16.558,-19.862,135.52,135.52,16.845,135.52,-33.893,50.258,9.2623,-74.978,-36.596,72.699,21.769,45.299,-21.603,-35.979,-21.603,45.299,21.769,72.699,-36.596,-74.978,9.2623,50.258,-33.893,135.52,16.845,-1.595,-13.573,-1.595,135.52,-16.558,-79.77,3.0245,28.625,-58.617,-42.702,-56.512,-75.648,-33.59,-33.59,-75.648,-56.512,-42.702,-58.617,28.625,3.0245,-79.77,-16.558,135.52,-1.595,-13.573
0,3.1675e-16,-1.4817e-16,-3.6278e-15,4.4595e-16,6.6152e-17,-9.9919e-16,3.5447e-17,-5.9013e-16,-1.7099e-15,-1.4561e-16,-1.4955e-16,0,1.4955e-16,1.4561e-16,1.7099e-15,5.9013e-16,-3.5447e-17,9.9919e-16,-6.6152e-17,-4.4595e-16,3.6278e-15,1.4817e-16,-3.1675e-16,-3.1675e-16,0,37.024,46.652,7.4371,21.594,51.752,-19.852,42.715,66.207,-62.53,25.151,14.487,14.487,25.151,-62.53,66.207,42.715,-19.852,51.752,21.594,7.4371,46.652,37.024,1.4817e-16,-37.024,0,46.652,21.271,-90.23,1.1165,59.841,-18.91,25.788,-28.525,-37.505,-36.149,-21.581,-36.149,-37.505,-28.525,25.788,-18.91,59.841,1.1165,-90.23,21.271,46.652,3.6278e-15,-46.652,-46.652,0,7.4371,-90.23,-6.6569,-67.474,-78.433,-50.113,13.607,87.576,26.674,-40.641,-40.641,26.674,87.576,13.607,-50.113,-78.433,-67.474,-6.6569,-90.23,7.4371,-4.4595e-16,-7.4371,-21.271,-7.4371,0,21.594,1.1165,-67.474,3.6414,2.6642,4.8925,2.2204,-1.4349,18.577,-47.997,18.577,-1.4349,2.2204,4.8925,2.6642,3.6414,-67.474,1.1165,21.594,-6.6152e-17,-21.594,90.23,90.23,-21.594,0,51.752,59.841,-78.433,2.6642,107.92,-11.538,3.1699,-34.911,28.651,28.651,-34.911,3.1699,-11.538,107.92,2.6642,-78.433,59.841,51.752,9.9919e-16,-51.752,-1.1165,6.6569,-1.1165,-51.752,0,-19.852,-18.91,-50.113,4.8925,-11.538,11.372,25.623,-12.844,-26.127,-12.844,25.623,11.372,-11.538,4.8925,-50.113,-18.91,-19.852,-3.5447e-17,19.852,-59.841,67.474,67.474,-59.841,19.852,0,42.715,25.788,13.607,2.2204,3.1699,25.623,29.111,35.566,35.566,29.111,25.623,3.1699,2.2204,13.607,25.788,42.715,5.9013e-16,-42.715,18.91,78.433,-3.6414,78.433,18.91,-42.715,0,66.207,-28.525,87.576,-1.4349,-34.911,-12.844,35.566,57.449,35.566,-12.844,-34.911,-1.4349,87.576,-28.525,66.207,1.7099e-15,-66.207,-25.788,50.113,-2.6642,-2.6642,50.113,-25.788,-66.207,0,-62.53,-37.505,26.674,18.577,28.651,-26.127,35.566,35.566,-26.127,28.651,18.577,26.674,-37.505,-62.53,1.4561e-16,62.53,28.525,-13.607,-4.8925,-107.92,-4.8925,-13.607,28.525,62.53,0,25.151,-36.149,-40.641,-47.997,28.651,-12.844,29.111,-12.844,28.651,-47.997,-40.641,-36.149,25.151,1.4955e-16,-25.151,37.505,-87.576,-2.2204,11.538,11.538,-2.2204,-87.576,37.505,-25.151,0,14.487,-21.581,-40.641,18.577,-34.911,25.623,25.623,-34.911,18.577,-40.641,-21.581,14.487,0,-14.487,36.149,-26.674,1.4349,-3.1699,-11.372,-3.1699,1.4349,-26.674,36.149,-14.487,0,14.487,-36.149,26.674,-1.4349,3.1699,11.372,3.1699,-1.4349,26.674,-36.149,14.487,-1.4955e-16,-14.487,21.581,40.641,-18.577,34.911,-25.623,-25.623,34.911,-18.577,40.641,21.581,-14.487,0,25.151,-37.505,87.576,2.2204,-11.538,-11.538,2.2204,87.576,-37.505,25.151,-1.4561e-16,-25.151,36.149,40.641,47.997,-28.651,12.844,-29.111,12.844,-28.651,47.997,40.641,36.149,-25.151,0,-62.53,-28.525,13.607,4.8925,107.92,4.8925,13.607,-28.525,-62.53,-1.7099e-15,62.53,37.505,-26.674,-18.577,-28.651,26.127,-35.566,-35.566,26.127,-28.651,-18.577,-26.674,37.505,62.53,0,66.207,25.788,-50.113,2.6642,2.6642,-50.113,25.788,66.207,-5.9013e-16,-66.207,28.525,-87.576,1.4349,34.911,12.844,-35.566,-57.449,-35.566,12.844,34.911,1.4349,-87.576,28.525,-66.207,0,42.715,-18.91,-78.433,3.6414,-78.433,-18.91,42.715,3.5447e-17,-42.715,-25.788,-13.607,-2.2204,-3.1699,-25.623,-29.111,-35.566,-35.566,-29.111,-25.623,-3.1699,-2.2204,-13.607,-25.788,-42.715,0,-19.852,59.841,-67.474,-67.474,59.841,-19.852,-9.9919e-16,19.852,18.91,50.113,-4.8925,11.538,-11.372,-25.623,12.844,26.127,12.844,-25.623,-11.372,11.538,-4.8925,50.113,18.91,19.852,0,51.752,1.1165,-6.6569,1.1165,51.752,6.6152e-17,-51.752,-59.841,78.433,-2.6642,-107.92,11.538,-3.1699,34.911,-28.651,-28.651,34.911,-3.1699,11.538,-107.92,-2.6642,78.433,-59.841,-51.752,0,21.594,-90.23,-90.23,21.594,4.4595e-16,-21.594,-1.1165,67.474,-3.6414,-2.6642,-4.8925,-2.2204,1.4349,-18.577,47.997,-18.577,1.4349,-2.2204,-4.8925,-2.6642,-3.6414,67.474,-1.1165,-21.594,0,7.4371,21.271,7.4371,-3.6278e-15,-7.4371,90.23,6.6569,67.474,78.433,50.113,-13.607,-87.576,-26.674,40.641,40.641,-26.674,-87.576,-13.607,50.113,78.433,67.474,6.6569,90.23,-7.4371,0,46.652,46.652,-1.4817e-16,-46.652,-21.271,90.23,-1.1165,-59.841,18.91,-25.788,28.525,37.505,36.149,21.581,36.149,37.505,28.525,-25.788,18.91,-59.841,-1.1165,90.23,-21.271,-46.652,0,37.024,3.1675e-16,-37.024,-46.652,-7.4371,-21.594,-51.752,19.852,-42.715,-66.207,62.53,-25.151,-14.487,-14.487,-25.151,62.53,-66.207,-42.715,19.852,-51.752,-21.594,-7.4371,-46.652,-37.024,0
