5.5085,18.609,95.507,6.4306,36.073,3.7931,20.995,54.576,75.223,6.7114,17.72,4.733,11.316,4.733,17.72,6.7114,75.223,54.576,20.995,3.7931,36.073,6.4306,95.507,18.609,18.609,18.609,69.588,-11.328,18.487,19.82,-11.463,9.1311,-81.716,-27.47,-2.7845,-5.4147,-9.6459,-9.6459,-5.4147,-2.7845,-27.47,-81.716,9.1311,-11.463,19.82,18.487,-11.328,69.588,95.507,69.588,95.507,-11.328,212.11,12.44,-138.88,-30.807,-7.0534,6.5837,-26.258,32.658,-17.563,29.705,-17.563,32.658,-26.258,6.5837,-7.0534,-30.807,-138.88,12.44,212.11,-11.328,6.4306,-11.328,-11.328,6.4306,18.487,12.44,10.937,18.804,-3.4902,6.9442,-27.764,-4.9464,-5.341,0.20571,0.20571,-5.341,-4.9464,-27.764,6.9442,-3.4902,18.804,10.937,12.44,18.487,36.073,18.487,212.11,18.487,36.073,19.82,-138.88,18.804,35.669,-8.7932,-10.255,22.355,-43.958,-3.3149,-42.392,-3.3149,-43.958,22.355,-10.255,-8.7932,35.669,18.804,-138.88,19.82,3.7931,19.82,12.44,12.44,19.82,3.7931,-11.463,-30.807,-3.4902,-8.7932,5.0889,3.9495,14.581,-5.7913,1.9961,1.9961,-5.7913,14.581,3.9495,5.0889,-8.7932,-3.4902,-30.807,-11.463,20.995,-11.463,-138.88,10.937,-138.88,-11.463,20.995,9.1311,-7.0534,6.9442,-10.255,3.9495,23.106,-12.72,-53.626,-6.425,-53.626,-12.72,23.106,3.9495,-10.255,6.9442,-7.0534,9.1311,54.576,9.1311,-30.807,18.804,18.804,-30.807,9.1311,54.576,-81.716,6.5837,-27.764,22.355,14.581,-12.72,36.497,53.565,53.565,36.497,-12.72,14.581,22.355,-27.764,6.5837,-81.716,75.223,-81.716,-7.0534,-3.4902,35.669,-3.4902,-7.0534,-81.716,75.223,-27.47,-26.258,-4.9464,-43.958,-5.7913,-53.626,53.565,235.86,53.565,-53.626,-5.7913,-43.958,-4.9464,-26.258,-27.47,6.7114,-27.47,6.5837,6.9442,-8.7932,-8.7932,6.9442,6.5837,-27.47,6.7114,-2.7845,32.658,-5.341,-3.3149,1.9961,-6.425,53.565,53.565,-6.425,1.9961,-3.3149,-5.341,32.658,-2.7845,17.72,-2.7845,-26.258,-27.764,-10.255,5.0889,-10.255,-27.764,-26.258,-2.7845,17.72,-5.4147,-17.563,0.20571,-42.392,1.9961,-53.626,36.497,-53.626,1.9961,-42.392,0.20571,-17.563,-5.4147,4.733,-5.4147,32.658,-4.9464,22.355,3.9495,3.9495,22.355,-4.9464,32.658,-5.4147,4.733,-9.6459,29.705,0.20571,-3.3149,-5.7913,-12.72,-12.72,-5.7913,-3.3149,0.20571,29.705,-9.6459,11.316,-9.6459,-17.563,-5.341,-43.958,14.581,23.106,14.581,-43.958,-5.341,-17.563,-9.6459,11.316,-9.6459,-17.563,-5.341,-43.958,14.581,23.106,14.581,-43.958,-5.341,-17.563,-9.6459,4.733,-9.6459,29.705,0.20571,-3.3149,-5.7913,-12.72,-12.72,-5.7913,-3.3149,0.20571,29.705,-9.6459,4.733,-5.4147,32.658,-4.9464,22.355,3.9495,3.9495,22.355,-4.9464,32.658,-5.4147,17.72,-5.4147,-17.563,0.20571,-42.392,1.9961,-53.626,36.497,-53.626,1.9961,-42.392,0.20571,-17.563,-5.4147,17.72,-2.7845,-26.258,-27.764,-10.255,5.0889,-10.255,-27.764,-26.258,-2.7845,6.7114,-2.7845,32.658,-5.341,-3.3149,1.9961,-6.425,53.565,53.565,-6.425,1.9961,-3.3149,-5.341,32.658,-2.7845,6.7114,-27.47,6.5837,6.9442,-8.7932,-8.7932,6.9442,6.5837,-27.47,75.223,-27.47,-26.258,-4.9464,-43.958,-5.7913,-53.626,53.565,235.86,53.565,-53.626,-5.7913,-43.958,-4.9464,-26.258,-27.47,75.223,-81.716,-7.0534,-3.4902,35.669,-3.4902,-7.0534,-81.716,54.576,-81.716,6.5837,-27.764,22.355,14.581,-12.72,36.497,53.565,53.565,36.497,-12.72,14.581,22.355,-27.764,6.5837,-81.716,54.576,9.1311,-30.807,18.804,18.804,-30.807,9.1311,20.995,9.1311,-7.0534,6.9442,-10.255,3.9495,23.106,-12.72,-53.626,-6.425,-53.626,-12.72,23.106,3.9495,-10.255,6.9442,-7.0534,9.1311,20.995,-11.463,-138.88,10.937,-138.88,-11.463,3.7931,-11.463,-30.807,-3.4902,-8.7932,5.0889,3.9495,14.581,-5.7913,1.9961,1.9961,-5.7913,14.581,3.9495,5.0889,-8.7932,-3.4902,-30.807,-11.463,3.7931,19.82,12.44,12.44,19.82,36.073,19.82,-138.88,18.804,35.669,-8.7932,-10.255,22.355,-43.958,-3.3149,-42.392,-3.3149,-43.958,22.355,-10.255,-8.7932,35.669,18.804,-138.88,19.82,36.073,18.487,212.11,18.487,6.4306,18.487,12.44,10.937,18.804,-3.4902,6.9442,-27.764,-4.9464,-5.341,0.20571,0.20571,-5.341,-4.9464,-27.764,6.9442,-3.4902,18.804,10.937,12.44,18.487,6.4306,-11.328,-11.328,95.507,-11.328,212.11,12.44,-138.88,-30.807,-7.0534,6.5837,-26.258,32.658,-17.563,29.705,-17.563,32.658,-26.258,6.5837,-7.0534,-30.807,-138.88,12.44,212.11,-11.328,95.507,69.588,18.609,69.588,-11.328,18.487,19.82,-11.463,9.1311,-81.716,-27.47,-2.7845,-5.4147,-9.6459,-9.6459,-5.4147,-2.7845,-27.47,-81.716,9.1311,-11.463,19.82,18.487,-11.328,69.588,18.609
0,-1.4872e-16,1.6883e-15,9.2248e-18,-3.8792e-16,-4.2386e-19,-2.9484e-16,-4.5909e-17,1.108e-15,4.6521e-17,-5.1945e-16,1.444e-17,0,-1.444e-17,5.1945e-16,-4.6521e-17,-1.108e-15,4.5909e-17,2.9484e-16,4.2386e-19,3.8792e-16,-9.2248e-18,-1.6883e-15,1.4872e-16,1.4872e-16,0,-20.627,18.898,-3.6766,-0.55838,-6.6924,-46.461,75.138,30.26,18.403,-6.0166,-8.396,-8.396,-6.0166,18.403,30.26,75.138,-46.461,-6.6924,-0.55838,-3.6766,18.898,-20.627,-1.6883e-15,20.627,0,18.898,-293.09,-0.43907,-15.787,25.652,162.96,-67.006,-69.053,12.749,8.1353,67.899,8.1353,12.749,-69.053,-67.006,162.96,25.652,-15.787,-0.43907,-293.09,18.898,-9.2248e-18,-18.898,-18.898,0,-3.6766,-0.43907,5.8096,-23.303,16.716,-1.3472,-7.938,1.2138,7.2128,-3.469,-3.469,7.2128,1.2138,-7.938,-1.3472,16.716,-23.303,5.8096,-0.43907,-3.6766,3.8792e-16,3.6766,293.09,3.6766,0,-0.55838,-15.787,-23.303,86.31,-5.8422,41.545,2.5272,-9.5311,9.5565,-1.291,9.5565,-9.5311,2.5272,41.545,-5.8422,86.31,-23.303,-15.787,-0.55838,4.2386e-19,0.55838,0.43907,0.43907,0.55838,0,-6.6924,25.652,16.716,-5.8422,-4.4844,-2.5312,5.261,-1.2373,-8.5741,-8.5741,-1.2373,5.261,-2.5312,-4.4844,-5.8422,16.716,25.652,-6.6924,2.9484e-16,6.6924,15.787,-5.8096,15.787,6.6924,0,-46.461,162.96,-1.3472,41.545,-2.5312,33.963,-3.6895,-14.024,2.7769,-14.024,-3.6895,33.963,-2.5312,41.545,-1.3472,162.96,-46.461,4.5909e-17,46.461,-25.652,23.303,23.303,-25.652,46.461,0,75.138,-67.006,-7.938,2.5272,5.261,-3.6895,89.174,26.903,26.903,89.174,-3.6895,5.261,2.5272,-7.938,-67.006,75.138,-1.108e-15,-75.138,-162.96,-16.716,-86.31,-16.716,-162.96,-75.138,0,30.26,-69.053,1.2138,-9.5311,-1.2373,-14.024,26.903,-15.686,26.903,-14.024,-1.2373,-9.5311,1.2138,-69.053,30.26,-4.6521e-17,-30.26,67.006,1.3472,5.8422,5.8422,1.3472,67.006,-30.26,0,18.403,12.749,7.2128,9.5565,-8.5741,2.7769,26.903,26.903,2.7769,-8.5741,9.5565,7.2128,12.749,18.403,5.1945e-16,-18.403,69.053,7.938,-41.545,4.4844,-41.545,7.938,69.053,-18.403,0,-6.0166,8.1353,-3.469,-1.291,-8.5741,-14.024,89.174,-14.024,-8.5741,-1.291,-3.469,8.1353,-6.0166,-1.444e-17,6.0166,-12.749,-1.2138,-2.5272,2.5312,2.5312,-2.5272,-1.2138,-12.749,6.0166,0,-8.396,67.899,-3.469,9.5565,-1.2373,-3.6895,-3.6895,-1.2373,9.5565,-3.469,67.899,-8.396,0,8.396,-8.1353,-7.2128,9.5311,-5.261,-33.963,-5.261,9.5311,-7.2128,-8.1353,8.396,0,-8.396,8.1353,7.2128,-9.5311,5.261,33.963,5.261,-9.5311,7.2128,8.1353,-8.396,1.444e-17,8.396,-67.899,3.469,-9.5565,1.2373,3.6895,3.6895,1.2373,-9.5565,3.469,-67.899,8.396,0,-6.0166,12.749,1.2138,2.5272,-2.5312,-2.5312,2.5272,1.2138,12.749,-6.0166,-5.1945e-16,6.0166,-8.1353,3.469,1.291,8.5741,14.024,-89.174,14.024,8.5741,1.291,3.469,-8.1353,6.0166,0,18.403,-69.053,-7.938,41.545,-4.4844,41.545,-7.938,-69.053,18.403,4.6521e-17,-18.403,-12.749,-7.2128,-9.5565,8.5741,-2.7769,-26.903,-26.903,-2.7769,8.5741,-9.5565,-7.2128,-12.749,-18.403,0,30.26,-67.006,-1.3472,-5.8422,-5.8422,-1.3472,-67.006,30.26,1.108e-15,-30.26,69.053,-1.2138,9.5311,1.2373,14.024,-26.903,15.686,-26.903,14.024,1.2373,9.5311,-1.2138,69.053,-30.26,0,75.138,162.96,16.716,86.31,16.716,162.96,75.138,-4.5909e-17,-75.138,67.006,7.938,-2.5272,-5.261,3.6895,-89.174,-26.903,-26.903,-89.174,3.6895,-5.261,-2.5272,7.938,67.006,-75.138,0,-46.461,25.652,-23.303,-23.303,25.652,-46.461,-2.9484e-16,46.461,-162.96,1.3472,-41.545,2.5312,-33.963,3.6895,14.024,-2.7769,14.024,3.6895,-33.963,2.5312,-41.545,1.3472,-162.96,46.461,0,-6.6924,-15.787,5.8096,-15.787,-6.6924,-4.2386e-19,6.6924,-25.652,-16.716,5.8422,4.4844,2.5312,-5.261,1.2373,8.5741,8.5741,1.2373,-5.261,2.5312,4.4844,5.8422,-16.716,-25.652,6.6924,0,-0.55838,-0.43907,-0.43907,-0.55838,-3.8792e-16,0.55838,15.787,23.303,-86.31,5.8422,-41.545,-2.5272,9.5311,-9.5565,1.291,-9.5565,9.5311,-2.5272,-41.545,5.8422,-86.31,23.303,15.787,0.55838,0,-3.6766,-293.09,-3.6766,9.2248e-18,3.6766,0.43907,-5.8096,23.303,-16.716,1.3472,7.938,-1.2138,-7.2128,3.469,3.469,-7.2128,-1.2138,7.938,1.3472,-16.716,23.303,-5.8096,0.43907,3.6766,0,18.898,18.898,1.6883e-15,-18.898,293.09,0.43907,15.787,-25.652,-162.96,67.006,69.053,-12.749,-8.1353,-67.899,-8.1353,-12.749,69.053,67.006,-162.96,-25.652,15.787,0.43907,293.09,-18.898,0,-20.627,-1.4872e-16,20.627,-18.898,3.6766,0.55838,6.6924,46.461,-75.138,-30.26,-18.403,6.0166,8.396,8.396,6.0166,-18.403,-30.26,-75.138,46.461,6.6924,0.55838,3.6766,-18.898,20.627,0
