43.493,-5.8989,-95.023,-134.78,82.208,41.722,95.889,35.863,87.871,21.939,-43,67.26,82.812,67.26,-43,21.939,87.871,35.863,95.889,41.722,82.208,-134.78,-95.023,-5.8989,-5.8989,-5.8989,19.097,96.272,-137.21,-16.484,0.61027,85.823,-96.645,76.583,-23.942,15.747,-121.49,-121.49,15.747,-23.942,76.583,-96.645,85.823,0.61027,-16.484,-137.21,96.272,19.097,-95.023,19.097,-95.023,96.272,11.893,25.648,-38.138,-15.573,-19.181,-24.869,-5.6287,11.562,42.093,83.215,42.093,11.562,-5.6287,-24.869,-19.181,-15.573,-38.138,25.648,11.893,96.272,-134.78,96.272,96.272,-134.78,-137.21,25.648,100.63,76.11,-3.4863,47.858,55.176,-12.146,-34.284,20.999,20.999,-34.284,-12.146,55.176,47.858,-3.4863,76.11,100.63,25.648,-137.21,82.208,-137.21,11.893,-137.21,82.208,-16.484,-38.138,76.11,203.05,10.719,-0.96142,120.03,109.53,-102.35,50.404,-102.35,109.53,120.03,-0.96142,10.719,203.05,76.11,-38.138,-16.484,41.722,-16.484,25.648,25.648,-16.484,41.722,0.61027,-15.573,-3.4863,10.719,-8.4398,15.061,-4.7616,-20.322,4.9676,4.9676,-20.322,-4.7616,15.061,-8.4398,10.719,-3.4863,-15.573,0.61027,95.889,0.61027,-38.138,100.63,-38.138,0.61027,95.889,85.823,-19.181,47.858,-0.96142,15.061,134.73,-97.766,4.6537,-63.097,4.6537,-97.766,134.73,15.061,-0.96142,47.858,-19.181,85.823,35.863,85.823,-15.573,76.11,76.11,-15.573,85.823,35.863,-96.645,-24.869,55.176,120.03,-4.7616,-97.766,4.677,-51.687,-51.687,4.677,-97.766,-4.7616,120.03,55.176,-24.869,-96.645,87.871,-96.645,-19.181,-3.4863,203.05,-3.4863,-19.181,-96.645,87.871,76.583,-5.6287,-12.146,109.53,-20.322,4.6537,-51.687,-56.457,-51.687,4.6537,-20.322,109.53,-12.146,-5.6287,76.583,21.939,76.583,-24.869,47.858,10.719,10.719,47.858,-24.869,76.583,21.939,-23.942,11.562,-34.284,-102.35,4.9676,-63.097,-51.687,-51.687,-63.097,4.9676,-102.35,-34.284,11.562,-23.942,-43,-23.942,-5.6287,55.176,-0.96142,-8.4398,-0.96142,55.176,-5.6287,-23.942,-43,15.747,42.093,20.999,50.404,4.9676,4.6537,4.677,4.6537,4.9676,50.404,20.999,42.093,15.747,67.26,15.747,11.562,-12.146,120.03,15.061,15.061,120.03,-12.146,11.562,15.747,67.26,-121.49,83.215,20.999,-102.35,-20.322,-97.766,-97.766,-20.322,-102.35,20.999,83.215,-121.49,82.812,-121.49,42.093,-34.284,109.53,-4.7616,134.73,-4.7616,109.53,-34.284,42.093,-121.49,82.812,-121.49,42.093,-34.284,109.53,-4.7616,134.73,-4.7616,109.53,-34.284,42.093,-121.49,67.26,-121.49,83.215,20.999,-102.35,-20.322,-97.766,-97.766,-20.322,-102.35,20.999,83.215,-121.49,67.26,15.747,11.562,-12.146,120.03,15.061,15.061,120.03,-12.146,11.562,15.747,-43,15.747,42.093,20.999,50.404,4.9676,4.6537,4.677,4.6537,4.9676,50.404,20.999,42.093,15.747,-43,-23.942,-5.6287,55.176,-0.96142,-8.4398,-0.96142,55.176,-5.6287,-23.942,21.939,-23.942,11.562,-34.284,-102.35,4.9676,-63.097,-51.687,-51.687,-63.097,4.9676,-102.35,-34.284,11.562,-23.942,21.939,76.583,-24.869,47.858,10.719,10.719,47.858,-24.869,76.583,87.871,76.583,-5.6287,-12.146,109.53,-20.322,4.6537,-51.687,-56.457,-51.687,4.6537,-20.322,109.53,-12.146,-5.6287,76.583,87.871,-96.645,-19.181,-3.4863,203.05,-3.4863,-19.181,-96.645,35.863,-96.645,-24.869,55.176,120.03,-4.7616,-97.766,4.677,-51.687,-51.687,4.677,-97.766,-4.7616,120.03,55.176,-24.869,-96.645,35.863,85.823,-15.573,76.11,76.11,-15.573,85.823,95.889,85.823,-19.181,47.858,-0.96142,15.061,134.73,-97.766,4.6537,-63.097,4.6537,-97.766,134.73,15.061,-0.96142,47.858,-19.181,85.823,95.889,0.61027,-38.138,100.63,-38.138,0.61027,41.722,0.61027,-15.573,-3.4863,10.719,-8.4398,15.061,-4.7616,-20.322,4.9676,4.9676,-20.322,-4.7616,15.061,-8.4398,10.719,-3.4863,-15.573,0.61027,41.722,-16.484,25.648,25.648,-16.484,82.208,-16.484,-38.138,76.11,203.05,10.719,-0.96142,120.03,109.53,-102.35,50.404,-102.35,109.53,120.03,-0.96142,10.719,203.05,76.11,-38.138,-16.484,82.208,-137.21,11.893,-137.21,-134.78,-137.21,25.648,100.63,76.11,-3.4863,47.858,55.176,-12.146,-34.284,20.999,20.999,-34.284,-12.146,55.176,47.858,-3.4863,76.11,100.63,25.648,-137.21,-134.78,96.272,96.272,-95.023,96.272,11.893,25.648,-38.138,-15.573,-19.181,-24.869,-5.6287,11.562,42.093,83.215,42.093,11.562,-5.6287,-24.869,-19.181,-15.573,-38.138,25.648,11.893,96.272,-95.023,19.097,-5.8989,19.097,96.272,-137.21,-16.484,0.61027,85.823,-96.645,76.583,-23.942,15.747,-121.49,-121.49,15.747,-23.942,76.583,-96.645,85.823,0.61027,-16.484,-137.21,96.272,19.097,-5.8989
0,-1.1763e-15,0,-2.341e-15,-1.8232e-15,-3.0871e-16,-2.2858e-16,-5.9128e-16,-5.9288e-16,5.9636e-16,-3.698e-16,-5.9341e-16,0,5.9341e-16,3.698e-16,-5.9636e-16,5.9288e-16,5.9128e-16,2.2858e-16,3.0871e-16,1.8232e-15,2.341e-15,0,1.1763e-15,1.1763e-15,0,-69.389,62.988,95.488,-59.978,-52.58,46.066,-43.546,-38.372,7.8042,46.026,-29.026,-29.026,46.026,7.8042,-38.372,-43.546,46.066,-52.58,-59.978,95.488,62.988,-69.389,0,69.389,0,62.988,-133.4,22.403,-9.1461,-17.647,-41.174,-27.159,-61.203,-9.6307,-46.954,81.376,-46.954,-9.6307,-61.203,-27.159,-41.174,-17.647,-9.1461,22.403,-133.4,62.988,2.341e-15,-62.988,-62.988,0,95.488,22.403,84.685,-131.29,-54.243,-69,43.072,-144.01,81.985,71.69,71.69,81.985,-144.01,43.072,-69,-54.243,-131.29,84.685,22.403,95.488,1.8232e-15,-95.488,133.4,-95.488,0,-59.978,-9.1461,-131.29,13.904,54.61,-24.889,-107.48,-142.81,14.6,-8.1046,14.6,-142.81,-107.48,-24.889,54.61,13.904,-131.29,-9.1461,-59.978,3.0871e-16,59.978,-22.403,-22.403,59.978,0,-52.58,-17.647,-54.243,54.61,-0.19158,70.841,-62.952,-78.108,6.6938,6.6938,-78.108,-62.952,70.841,-0.19158,54.61,-54.243,-17.647,-52.58,2.2858e-16,52.58,9.1461,-84.685,9.1461,52.58,0,46.066,-41.174,-69,-24.889,70.841,32.17,-15.591,5.1947,-5.7905,5.1947,-15.591,32.17,70.841,-24.889,-69,-41.174,46.066,5.9128e-16,-46.066,17.647,131.29,131.29,17.647,-46.066,0,-43.546,-27.159,43.072,-107.48,-62.952,-15.591,27.462,67.234,67.234,27.462,-15.591,-62.952,-107.48,43.072,-27.159,-43.546,5.9288e-16,43.546,41.174,54.243,-13.904,54.243,41.174,43.546,0,-38.372,-61.203,-144.01,-142.81,-78.108,5.1947,67.234,-146.9,67.234,5.1947,-78.108,-142.81,-144.01,-61.203,-38.372,-5.9636e-16,38.372,27.159,69,-54.61,-54.61,69,27.159,38.372,0,7.8042,-9.6307,81.985,14.6,6.6938,-5.7905,67.234,67.234,-5.7905,6.6938,14.6,81.985,-9.6307,7.8042,3.698e-16,-7.8042,61.203,-43.072,24.889,0.19158,24.889,-43.072,61.203,-7.8042,0,46.026,-46.954,71.69,-8.1046,6.6938,5.1947,27.462,5.1947,6.6938,-8.1046,71.69,-46.954,46.026,5.9341e-16,-46.026,9.6307,144.01,107.48,-70.841,-70.841,107.48,144.01,9.6307,-46.026,0,-29.026,81.376,71.69,14.6,-78.108,-15.591,-15.591,-78.108,14.6,71.69,81.376,-29.026,0,29.026,46.954,-81.985,142.81,62.952,-32.17,62.952,142.81,-81.985,46.954,29.026,0,-29.026,-46.954,81.985,-142.81,-62.952,32.17,-62.952,-142.81,81.985,-46.954,-29.026,-5.9341e-16,29.026,-81.376,-71.69,-14.6,78.108,15.591,15.591,78.108,-14.6,-71.69,-81.376,29.026,0,46.026,-9.6307,-144.01,-107.48,70.841,70.841,-107.48,-144.01,-9.6307,46.026,-3.698e-16,-46.026,46.954,-71.69,8.1046,-6.6938,-5.1947,-27.462,-5.1947,-6.6938,8.1046,-71.69,46.954,-46.026,0,7.8042,-61.203,43.072,-24.889,-0.19158,-24.889,43.072,-61.203,7.8042,5.9636e-16,-7.8042,9.6307,-81.985,-14.6,-6.6938,5.7905,-67.234,-67.234,5.7905,-6.6938,-14.6,-81.985,9.6307,-7.8042,0,-38.372,-27.159,-69,54.61,54.61,-69,-27.159,-38.372,-5.9288e-16,38.372,61.203,144.01,142.81,78.108,-5.1947,-67.234,146.9,-67.234,-5.1947,78.108,142.81,144.01,61.203,38.372,0,-43.546,-41.174,-54.243,13.904,-54.243,-41.174,-43.546,-5.9128e-16,43.546,27.159,-43.072,107.48,62.952,15.591,-27.462,-67.234,-67.234,-27.462,15.591,62.952,107.48,-43.072,27.159,43.546,0,46.066,-17.647,-131.29,-131.29,-17.647,46.066,-2.2858e-16,-46.066,41.174,69,24.889,-70.841,-32.17,15.591,-5.1947,5.7905,-5.1947,15.591,-32.17,-70.841,24.889,69,41.174,-46.066,0,-52.58,-9.1461,84.685,-9.1461,-52.58,-3.0871e-16,52.58,17.647,54.243,-54.61,0.19158,-70.841,62.952,78.108,-6.6938,-6.6938,78.108,62.952,-70.841,0.19158,-54.61,54.243,17.647,52.58,0,-59.978,22.403,22.403,-59.978,-1.8232e-15,59.978,9.1461,131.29,-13.904,-54.61,24.889,107.48,142.81,-14.6,8.1046,-14.6,142.81,107.48,24.889,-54.61,-13.904,131.29,9.1461,59.978,0,95.488,-133.4,95.488,-2.341e-15,-95.488,-22.403,-84.685,131.29,54.243,69,-43.072,144.01,-81.985,-71.69,-71.69,-81.985,144.01,-43.072,69,54.243,131.29,-84.685,-22.403,-95.488,0,62.988,62.988,0,-62.988,133.4,-22.403,9.1461,17.647,41.174,27.159,61.203,9.6307,46.954,-81.376,46.954,9.6307,61.203,27.159,41.174,17.647,9.1461,-22.403,133.4,-62.988,0,-69.389,-1.1763e-15,69.389,-62.988,-95.488,59.978,52.58,-46.066,43.546,38.372,-7.8042,-46.026,29.026,29.026,-46.026,-7.8042,38.372,43.546,-46.066,52.58,59.978,-95.488,-62.988,69.389,0
