-133.18,-92.529,-120.28,-139.78,-35.685,-3.2849,-138.31,-189.18,-62.115,-224.06,-116.51,-276.98,-29.447,-276.98,-116.51,-224.06,-62.115,-189.18,-138.31,-3.2849,-35.685,-139.78,-120.28,-92.529,-92.529,-92.529,-56.239,-97.372,-65.988,17.55,-4.6395,-195.45,86.856,121.36,-29.376,-50.004,49.774,49.774,-50.004,-29.376,121.36,86.856,-195.45,-4.6395,17.55,-65.988,-97.372,-56.239,-120.28,-56.239,-120.28,-97.372,6.9406,-15.484,92.912,-33.073,7.3737,-161.27,34.71,-166.3,15.94,-104.2,15.94,-166.3,34.71,-161.27,7.3737,-33.073,92.912,-15.484,6.9406,-97.372,-139.78,-97.372,-97.372,-139.78,-65.988,-15.484,384.16,39.131,57.302,63.492,-53.66,-105.14,-40.684,146.41,146.41,-40.684,-105.14,-53.66,63.492,57.302,39.131,384.16,-15.484,-65.988,-35.685,-65.988,6.9406,-65.988,-35.685,17.55,92.912,39.131,-40.377,-15.82,-29.911,-31.393,9.7884,-128.92,-33.7,-128.92,9.7884,-31.393,-29.911,-15.82,-40.377,39.131,92.912,17.55,-3.2849,17.55,-15.484,-15.484,17.55,-3.2849,-4.6395,-33.073,57.302,-15.82,-6.0889,-8.165,2.5592,-22.338,-8.1607,-8.1607,-22.338,2.5592,-8.165,-6.0889,-15.82,57.302,-33.073,-4.6395,-138.31,-4.6395,92.912,384.16,92.912,-4.6395,-138.31,-195.45,7.3737,63.492,-29.911,-8.165,-57.339,237.8,-1.3711,30.071,-1.3711,237.8,-57.339,-8.165,-29.911,63.492,7.3737,-195.45,-189.18,-195.45,-33.073,39.131,39.131,-33.073,-195.45,-189.18,86.856,-161.27,-53.66,-31.393,2.5592,237.8,91.946,98.981,98.981,91.946,237.8,2.5592,-31.393,-53.66,-161.27,86.856,-62.115,86.856,7.3737,57.302,-40.377,57.302,7.3737,86.856,-62.115,121.36,34.71,-105.14,9.7884,-22.338,-1.3711,98.981,81.708,98.981,-1.3711,-22.338,9.7884,-105.14,34.71,121.36,-224.06,121.36,-161.27,63.492,-15.82,-15.82,63.492,-161.27,121.36,-224.06,-29.376,-166.3,-40.684,-128.92,-8.1607,30.071,98.981,98.981,30.071,-8.1607,-128.92,-40.684,-166.3,-29.376,-116.51,-29.376,34.71,-53.66,-29.911,-6.0889,-29.911,-53.66,34.71,-29.376,-116.51,-50.004,15.94,146.41,-33.7,-8.1607,-1.3711,91.946,-1.3711,-8.1607,-33.7,146.41,15.94,-50.004,-276.98,-50.004,-166.3,-105.14,-31.393,-8.165,-8.165,-31.393,-105.14,-166.3,-50.004,-276.98,49.774,-104.2,146.41,-128.92,-22.338,237.8,237.8,-22.338,-128.92,146.41,-104.2,49.774,-29.447,49.774,15.94,-40.684,9.7884,2.5592,-57.339,2.5592,9.7884,-40.684,15.94,49.774,-29.447,49.774,15.94,-40.684,9.7884,2.5592,-57.339,2.5592,9.7884,-40.684,15.94,49.774,-276.98,49.774,-104.2,146.41,-128.92,-22.338,237.8,237.8,-22.338,-128.92,146.41,-104.2,49.774,-276.98,-50.004,-166.3,-105.14,-31.393,-8.165,-8.165,-31.393,-105.14,-166.3,-50.004,-116.51,-50.004,15.94,146.41,-33.7,-8.1607,-1.3711,91.946,-1.3711,-8.1607,-33.7,146.41,15.94,-50.004,-116.51,-29.376,34.71,-53.66,-29.911,-6.0889,-29.911,-53.66,34.71,-29.376,-224.06,-29.376,-166.3,-40.684,-128.92,-8.1607,30.071,98.981,98.981,30.071,-8.1607,-128.92,-40.684,-166.3,-29.376,-224.06,121.36,-161.27,63.492,-15.82,-15.82,63.492,-161.27,121.36,-62.115,121.36,34.71,-105.14,9.7884,-22.338,-1.3711,98.981,81.708,98.981,-1.3711,-22.338,9.7884,-105.14,34.71,121.36,-62.115,86.856,7.3737,57.302,-40.377,57.302,7.3737,86.856,-189.18,86.856,-161.27,-53.66,-31.393,2.5592,237.8,91.946,98.981,98.981,91.946,237.8,2.5592,-31.393,-53.66,-161.27,86.856,-189.18,-195.45,-33.073,39.131,39.131,-33.073,-195.45,-138.31,-195.45,7.3737,63.492,-29.911,-8.165,-57.339,237.8,-1.3711,30.071,-1.3711,237.8,-57.339,-8.165,-29.911,63.492,7.3737,-195.45,-138.31,-4.6395,92.912,384.16,92.912,-4.6395,-3.2849,-4.6395,-33.073,57.302,-15.82,-6.0889,-8.165,2.5592,-22.338,-8.1607,-8.1607,-22.338,2.5592,-8.165,-6.0889,-15.82,57.302,-33.073,-4.6395,-3.2849,17.55,-15.484,-15.484,17.55,-35.685,17.55,92.912,39.131,-40.377,-15.82,-29.911,-31.393,9.7884,-128.92,-33.7,-128.92,9.7884,-31.393,-29.911,-15.82,-40.377,39.131,92.912,17.55,-35.685,-65.988,6.9406,-65.988,-139.78,-65.988,-15.484,384.16,39.131,57.302,63.492,-53.66,-105.14,-40.684,146.41,146.41,-40.684,-105.14,-53.66,63.492,57.302,39.131,384.16,-15.484,-65.988,-139.78,-97.372,-97.372,-120.28,-97.372,6.9406,-15.484,92.912,-33.073,7.3737,-161.27,34.71,-166.3,15.94,-104.2,15.94,-166.3,34.71,-161.27,7.3737,-33.073,92.912,-15.484,6.9406,-97.372,-120.28,-56.239,-92.529,-56.239,-97.372,-65.988,17.55,-4.6395,-195.45,86.856,121.36,-29.376,-50.004,49.774,49.774,-50.004,-29.376,121.36,86.856,-195.45,-4.6395,17.55,-65.988,-97.372,-56.239,-92.529
0,2.9683e-16,-1.433e-15,1.4868e-15,2.9954e-16,1.0599e-16,8.8839e-16,2.9306e-16,-2.5571e-17,-7.1338e-17,-1.7238e-15,-1.5083e-15,0,1.5083e-15,1.7238e-15,7.1338e-17,2.5571e-17,-2.9306e-16,-8.8839e-16,-1.0599e-16,-2.9954e-16,-1.4868e-15,1.433e-15,-2.9683e-16,-2.9683e-16,0,-50.971,0.20728,32.08,1.926,-29.235,-15.976,105.44,-36.612,47.08,-52.128,23.641,23.641,-52.128,47.08,-36.612,105.44,-15.976,-29.235,1.926,32.08,0.20728,-50.971,1.433e-15,50.971,0,0.20728,-19.418,-48.238,9.221,6.5664,-35.474,-57.725,-24.535,77.262,47.735,-257.57,47.735,77.262,-24.535,-57.725,-35.474,6.5664,9.221,-48.238,-19.418,0.20728,-1.4868e-15,-0.20728,-0.20728,0,32.08,-48.238,-269.29,-40.734,-0.85842,200.77,-170.97,-52.627,49.345,146.79,146.79,49.345,-52.627,-170.97,200.77,-0.85842,-40.734,-269.29,-48.238,32.08,-2.9954e-16,-32.08,19.418,-32.08,0,1.926,9.221,-40.734,-11.778,0.92157,16.983,132.87,7.1827,64.96,-63.448,64.96,7.1827,132.87,16.983,0.92157,-11.778,-40.734,9.221,1.926,-1.0599e-16,-1.926,48.238,48.238,-1.926,0,-29.235,6.5664,-0.85842,0.92157,3.2622,-44.15,3.6431,4.4014,-12.963,-12.963,4.4014,3.6431,-44.15,3.2622,0.92157,-0.85842,6.5664,-29.235,-8.8839e-16,29.235,-9.221,269.29,-9.221,29.235,0,-15.976,-35.474,200.77,16.983,-44.15,3.6101,-111.02,-28.045,-225.11,-28.045,-111.02,3.6101,-44.15,16.983,200.77,-35.474,-15.976,-2.9306e-16,15.976,-6.5664,40.734,40.734,-6.5664,15.976,0,105.44,-57.725,-170.97,132.87,3.6431,-111.02,44.19,151.99,151.99,44.19,-111.02,3.6431,132.87,-170.97,-57.725,105.44,2.5571e-17,-105.44,35.474,0.85842,11.778,0.85842,35.474,-105.44,0,-36.612,-24.535,-52.627,7.1827,4.4014,-28.045,151.99,52.751,151.99,-28.045,4.4014,7.1827,-52.627,-24.535,-36.612,7.1338e-17,36.612,57.725,-200.77,-0.92157,-0.92157,-200.77,57.725,36.612,0,47.08,77.262,49.345,64.96,-12.963,-225.11,151.99,151.99,-225.11,-12.963,64.96,49.345,77.262,47.08,1.7238e-15,-47.08,24.535,170.97,-16.983,-3.2622,-16.983,170.97,24.535,-47.08,0,-52.128,47.735,146.79,-63.448,-12.963,-28.045,44.19,-28.045,-12.963,-63.448,146.79,47.735,-52.128,1.5083e-15,52.128,-77.262,52.627,-132.87,44.15,44.15,-132.87,52.627,-77.262,52.128,0,23.641,-257.57,146.79,64.96,4.4014,-111.02,-111.02,4.4014,64.96,146.79,-257.57,23.641,0,-23.641,-47.735,-49.345,-7.1827,-3.6431,-3.6101,-3.6431,-7.1827,-49.345,-47.735,-23.641,0,23.641,47.735,49.345,7.1827,3.6431,3.6101,3.6431,7.1827,49.345,47.735,23.641,-1.5083e-15,-23.641,257.57,-146.79,-64.96,-4.4014,111.02,111.02,-4.4014,-64.96,-146.79,257.57,-23.641,0,-52.128,77.262,-52.627,132.87,-44.15,-44.15,132.87,-52.627,77.262,-52.128,-1.7238e-15,52.128,-47.735,-146.79,63.448,12.963,28.045,-44.19,28.045,12.963,63.448,-146.79,-47.735,52.128,0,47.08,-24.535,-170.97,16.983,3.2622,16.983,-170.97,-24.535,47.08,-7.1338e-17,-47.08,-77.262,-49.345,-64.96,12.963,225.11,-151.99,-151.99,225.11,12.963,-64.96,-49.345,-77.262,-47.08,0,-36.612,-57.725,200.77,0.92157,0.92157,200.77,-57.725,-36.612,-2.5571e-17,36.612,24.535,52.627,-7.1827,-4.4014,28.045,-151.99,-52.751,-151.99,28.045,-4.4014,-7.1827,52.627,24.535,36.612,0,105.44,-35.474,-0.85842,-11.778,-0.85842,-35.474,105.44,2.9306e-16,-105.44,57.725,170.97,-132.87,-3.6431,111.02,-44.19,-151.99,-151.99,-44.19,111.02,-3.6431,-132.87,170.97,57.725,-105.44,0,-15.976,6.5664,-40.734,-40.734,6.5664,-15.976,8.8839e-16,15.976,35.474,-200.77,-16.983,44.15,-3.6101,111.02,28.045,225.11,28.045,111.02,-3.6101,44.15,-16.983,-200.77,35.474,15.976,0,-29.235,9.221,-269.29,9.221,-29.235,1.0599e-16,29.235,-6.5664,0.85842,-0.92157,-3.2622,44.15,-3.6431,-4.4014,12.963,12.963,-4.4014,-3.6431,44.15,-3.2622,-0.92157,0.85842,-6.5664,29.235,0,1.926,-48.238,-48.238,1.926,2.9954e-16,-1.926,-9.221,40.734,11.778,-0.92157,-16.983,-132.87,-7.1827,-64.96,63.448,-64.96,-7.1827,-132.87,-16.983,-0.92157,11.778,40.734,-9.221,-1.926,0,32.08,-19.418,32.08,1.4868e-15,-32.08,48.238,269.29,40.734,0.85842,-200.77,170.97,52.627,-49.345,-146.79,-146.79,-49.345,52.627,170.97,-200.77,0.85842,40.734,269.29,48.238,-32.08,0,0.20728,0.20728,-1.433e-15,-0.20728,19.418,48.238,-9.221,-6.5664,35.474,57.725,24.535,-77.262,-47.735,257.57,-47.735,-77.262,24.535,57.725,35.474,-6.5664,-9.221,48.238,19.418,-0.20728,0,-50.971,2.9683e-16,50.971,-0.20728,-32.08,-1.926,29.235,15.976,-105.44,36.612,-47.08,52.128,-23.641,-23.641,52.128,-47.08,36.612,-105.44,15.976,29.235,-1.926,-32.08,-0.20728,50.971,0
