399.43,108.71,248.58,258.49,176.43,366.6,114.82,100.03,53.553,24.536,42.643,84.951,2.226,84.951,42.643,24.536,53.553,100.03,114.82,366.6,176.43,258.49,248.58,108.71,108.71,108.71,23.734,-122.71,-75.309,28.15,-84.958,-22.949,-21.048,-9.9265,-17.372,14.13,7.3748,7.3748,14.13,-17.372,-9.9265,-21.048,-22.949,-84.958,28.15,-75.309,-122.71,23.734,248.58,23.734,248.58,-122.71,-94.556,-20.299,-66.95,109.35,39.565,31.579,-14.008,40.348,-5.8625,-177.93,-5.8625,40.348,-14.008,31.579,39.565,109.35,-66.95,-20.299,-94.556,-122.71,258.49,-122.71,-122.71,258.49,-75.309,-20.299,-105.19,-30.265,62.954,24.459,49.204,-62.725,-0.27407,24.619,24.619,-0.27407,-62.725,49.204,24.459,62.954,-30.265,-105.19,-20.299,-75.309,176.43,-75.309,-94.556,-75.309,176.43,28.15,-66.95,-30.265,53.536,25.898,3.5071,-17.996,0.88929,9.9921,11.543,9.9921,0.88929,-17.996,3.5071,25.898,53.536,-30.265,-66.95,28.15,366.6,28.15,-20.299,-20.299,28.15,366.6,-84.958,109.35,62.954,25.898,-93.721,40.211,-2.3644,-5.9484,20.83,20.83,-5.9484,-2.3644,40.211,-93.721,25.898,62.954,109.35,-84.958,114.82,-84.958,-66.95,-105.19,-66.95,-84.958,114.82,-22.949,39.565,24.459,3.5071,40.211,0.26372,-27.259,15.354,6.8448,15.354,-27.259,0.26372,40.211,3.5071,24.459,39.565,-22.949,100.03,-22.949,109.35,-30.265,-30.265,109.35,-22.949,100.03,-21.048,31.579,49.204,-17.996,-2.3644,-27.259,29.332,17.789,17.789,29.332,-27.259,-2.3644,-17.996,49.204,31.579,-21.048,53.553,-21.048,39.565,62.954,53.536,62.954,39.565,-21.048,53.553,-9.9265,-14.008,-62.725,0.88929,-5.9484,15.354,17.789,11.253,17.789,15.354,-5.9484,0.88929,-62.725,-14.008,-9.9265,24.536,-9.9265,31.579,24.459,25.898,25.898,24.459,31.579,-9.9265,24.536,-17.372,40.348,-0.27407,9.9921,20.83,6.8448,17.789,17.789,6.8448,20.83,9.9921,-0.27407,40.348,-17.372,42.643,-17.372,-14.008,49.204,3.5071,-93.721,3.5071,49.204,-14.008,-17.372,42.643,14.13,-5.8625,24.619,11.543,20.83,15.354,29.332,15.354,20.83,11.543,24.619,-5.8625,14.13,84.951,14.13,40.348,-62.725,-17.996,40.211,40.211,-17.996,-62.725,40.348,14.13,84.951,7.3748,-177.93,24.619,9.9921,-5.9484,-27.259,-27.259,-5.9484,9.9921,24.619,-177.93,7.3748,2.226,7.3748,-5.8625,-0.27407,0.88929,-2.3644,0.26372,-2.3644,0.88929,-0.27407,-5.8625,7.3748,2.226,7.3748,-5.8625,-0.27407,0.88929,-2.3644,0.26372,-2.3644,0.88929,-0.27407,-5.8625,7.3748,84.951,7.3748,-177.93,24.619,9.9921,-5.9484,-27.259,-27.259,-5.9484,9.9921,24.619,-177.93,7.3748,84.951,14.13,40.348,-62.725,-17.996,40.211,40.211,-17.996,-62.725,40.348,14.13,42.643,14.13,-5.8625,24.619,11.543,20.83,15.354,29.332,15.354,20.83,11.543,24.619,-5.8625,14.13,42.643,-17.372,-14.008,49.204,3.5071,-93.721,3.5071,49.204,-14.008,-17.372,24.536,-17.372,40.348,-0.27407,9.9921,20.83,6.8448,17.789,17.789,6.8448,20.83,9.9921,-0.27407,40.348,-17.372,24.536,-9.9265,31.579,24.459,25.898,25.898,24.459,31.579,-9.9265,53.553,-9.9265,-14.008,-62.725,0.88929,-5.9484,15.354,17.789,11.253,17.789,15.354,-5.9484,0.88929,-62.725,-14.008,-9.9265,53.553,-21.048,39.565,62.954,53.536,62.954,39.565,-21.048,100.03,-21.048,31.579,49.204,-17.996,-2.3644,-27.259,29.332,17.789,17.789,29.332,-27.259,-2.3644,-17.996,49.204,31.579,-21.048,100.03,-22.949,109.35,-30.265,-30.265,109.35,-22.949,114.82,-22.949,39.565,24.459,3.5071,40.211,0.26372,-27.259,15.354,6.8448,15.354,-27.259,0.26372,40.211,3.5071,24.459,39.565,-22.949,114.82,-84.958,-66.95,-105.19,-66.95,-84.958,366.6,-84.958,109.35,62.954,25.898,-93.721,40.211,-2.3644,-5.9484,20.83,20.83,-5.9484,-2.3644,40.211,-93.721,25.898,62.954,109.35,-84.958,366.6,28.15,-20.299,-20.299,28.15,176.43,28.15,-66.95,-30.265,53.536,25.898,3.5071,-17.996,0.88929,9.9921,11.543,9.9921,0.88929,-17.996,3.5071,25.898,53.536,-30.265,-66.95,28.15,176.43,-75.309,-94.556,-75.309,258.49,-75.309,-20.299,-105.19,-30.265,62.954,24.459,49.204,-62.725,-0.27407,24.619,24.619,-0.27407,-62.725,49.204,24.459,62.954,-30.265,-105.19,-20.299,-75.309,258.49,-122.71,-122.71,248.58,-122.71,-94.556,-20.299,-66.95,109.35,39.565,31.579,-14.008,40.348,-5.8625,-177.93,-5.8625,40.348,-14.008,31.579,39.565,109.35,-66.95,-20.299,-94.556,-122.71,248.58,23.734,108.71,23.734,-122.71,-75.309,28.15,-84.958,-22.949,-21.048,-9.9265,-17.372,14.13,7.3748,7.3748,14.13,-17.372,-9.9265,-21.048,-22.949,-84.958,28.15,-75.309,-122.71,23.734,108.71
0,-2.2228e-15,4.4539e-15,-2.5195e-15,2.6657e-15,-1.9862e-15,-4.4525e-16,-1.1743e-15,1.5832e-15,-2.6094e-16,-9.0246e-16,-1.8474e-18,0,1.8474e-18,9.0246e-16,2.6094e-16,-1.5832e-15,1.1743e-15,4.4525e-16,1.9862e-15,-2.6657e-15,2.5195e-15,-4.4539e-15,2.2228e-15,2.2228e-15,0,-8.1842,-83.543,-68.145,-122.79,-49.176,45.588,23.884,2.4247,-0.52609,-25.862,-10.377,-10.377,-25.862,-0.52609,2.4247,23.884,45.588,-49.176,-122.79,-68.145,-83.543,-8.1842,-4.4539e-15,8.1842,0,-83.543,-12.64,-129.84,-47.369,58.866,-15.867,26.467,35.755,-23.552,5.0994,-22.215,5.0994,-23.552,35.755,26.467,-15.867,58.866,-47.369,-129.84,-12.64,-83.543,2.5195e-15,83.543,83.543,0,-68.145,-129.84,-77.677,98.674,-45.002,-27.48,16.126,-14.563,5.0127,-25.968,-25.968,5.0127,-14.563,16.126,-27.48,-45.002,98.674,-77.677,-129.84,-68.145,-2.6657e-15,68.145,12.64,68.145,0,-122.79,-47.369,98.674,28.764,-46.627,-45.705,43.972,0.084967,-21.095,25.253,-21.095,0.084967,43.972,-45.705,-46.627,28.764,98.674,-47.369,-122.79,1.9862e-15,122.79,129.84,129.84,122.79,0,-49.176,58.866,-45.002,-46.627,-54,-49.806,6.2587,-10.066,-16.939,-16.939,-10.066,6.2587,-49.806,-54,-46.627,-45.002,58.866,-49.176,4.4525e-16,49.176,47.369,77.677,47.369,49.176,0,45.588,-15.867,-27.48,-45.705,-49.806,-0.067945,20.307,-17.412,-9.1211,-17.412,20.307,-0.067945,-49.806,-45.705,-27.48,-15.867,45.588,1.1743e-15,-45.588,-58.866,-98.674,-98.674,-58.866,-45.588,0,23.884,26.467,16.126,43.972,6.2587,20.307,-12.595,8.5001,8.5001,-12.595,20.307,6.2587,43.972,16.126,26.467,23.884,-1.5832e-15,-23.884,15.867,45.002,-28.764,45.002,15.867,-23.884,0,2.4247,35.755,-14.563,0.084967,-10.066,-17.412,8.5001,19.851,8.5001,-17.412,-10.066,0.084967,-14.563,35.755,2.4247,2.6094e-16,-2.4247,-26.467,27.48,46.627,46.627,27.48,-26.467,-2.4247,0,-0.52609,-23.552,5.0127,-21.095,-16.939,-9.1211,8.5001,8.5001,-9.1211,-16.939,-21.095,5.0127,-23.552,-0.52609,9.0246e-16,0.52609,-35.755,-16.126,45.705,54,45.705,-16.126,-35.755,0.52609,0,-25.862,5.0994,-25.968,25.253,-16.939,-17.412,-12.595,-17.412,-16.939,25.253,-25.968,5.0994,-25.862,1.8474e-18,25.862,23.552,14.563,-43.972,49.806,49.806,-43.972,14.563,23.552,25.862,0,-10.377,-22.215,-25.968,-21.095,-10.066,20.307,20.307,-10.066,-21.095,-25.968,-22.215,-10.377,0,10.377,-5.0994,-5.0127,-0.084967,-6.2587,0.067945,-6.2587,-0.084967,-5.0127,-5.0994,10.377,0,-10.377,5.0994,5.0127,0.084967,6.2587,-0.067945,6.2587,0.084967,5.0127,5.0994,-10.377,-1.8474e-18,10.377,22.215,25.968,21.095,10.066,-20.307,-20.307,10.066,21.095,25.968,22.215,10.377,0,-25.862,-23.552,-14.563,43.972,-49.806,-49.806,43.972,-14.563,-23.552,-25.862,-9.0246e-16,25.862,-5.0994,25.968,-25.253,16.939,17.412,12.595,17.412,16.939,-25.253,25.968,-5.0994,25.862,0,-0.52609,35.755,16.126,-45.705,-54,-45.705,16.126,35.755,-0.52609,-2.6094e-16,0.52609,23.552,-5.0127,21.095,16.939,9.1211,-8.5001,-8.5001,9.1211,16.939,21.095,-5.0127,23.552,0.52609,0,2.4247,26.467,-27.48,-46.627,-46.627,-27.48,26.467,2.4247,1.5832e-15,-2.4247,-35.755,14.563,-0.084967,10.066,17.412,-8.5001,-19.851,-8.5001,17.412,10.066,-0.084967,14.563,-35.755,-2.4247,0,23.884,-15.867,-45.002,28.764,-45.002,-15.867,23.884,-1.1743e-15,-23.884,-26.467,-16.126,-43.972,-6.2587,-20.307,12.595,-8.5001,-8.5001,12.595,-20.307,-6.2587,-43.972,-16.126,-26.467,-23.884,0,45.588,58.866,98.674,98.674,58.866,45.588,-4.4525e-16,-45.588,15.867,27.48,45.705,49.806,0.067945,-20.307,17.412,9.1211,17.412,-20.307,0.067945,49.806,45.705,27.48,15.867,-45.588,0,-49.176,-47.369,-77.677,-47.369,-49.176,-1.9862e-15,49.176,-58.866,45.002,46.627,54,49.806,-6.2587,10.066,16.939,16.939,10.066,-6.2587,49.806,54,46.627,45.002,-58.866,49.176,0,-122.79,-129.84,-129.84,-122.79,2.6657e-15,122.79,47.369,-98.674,-28.764,46.627,45.705,-43.972,-0.084967,21.095,-25.253,21.095,-0.084967,-43.972,45.705,46.627,-28.764,-98.674,47.369,122.79,0,-68.145,-12.64,-68.145,-2.5195e-15,68.145,129.84,77.677,-98.674,45.002,27.48,-16.126,14.563,-5.0127,25.968,25.968,-5.0127,14.563,-16.126,27.48,45.002,-98.674,77.677,129.84,68.145,0,-83.543,-83.543,4.4539e-15,83.543,12.64,129.84,47.369,-58.866,15.867,-26.467,-35.755,23.552,-5.0994,22.215,-5.0994,23.552,-35.755,-26.467,15.867,-58.866,47.369,129.84,12.64,83.543,0,-8.1842,-2.2228e-15,8.1842,83.543,68.145,122.79,49.176,-45.588,-23.884,-2.4247,0.52609,25.862,10.377,10.377,25.862,0.52609,-2.4247,-23.884,-45.588,49.176,122.79,68.145,83.543,8.1842,0
