24.174,12.729,-5.4104,125.84,65.822,101.52,29.417,10.613,-5.0779,-37.901,5.8288,74.915,-136.3,74.915,5.8288,-37.901,-5.0779,10.613,29.417,101.52,65.822,125.84,-5.4104,12.729,12.729,12.729,-27.01,91.256,-186.39,120.01,-22.338,15.16,0.29481,66.77,21.313,38.696,72.341,72.341,38.696,21.313,66.77,0.29481,15.16,-22.338,120.01,-186.39,91.256,-27.01,-5.4104,-27.01,-5.4104,91.256,75.886,-25.275,-13.18,37.658,-25.767,71.436,116.35,-77.33,-14.987,-60.135,-14.987,-77.33,116.35,71.436,-25.767,37.658,-13.18,-25.275,75.886,91.256,125.84,91.256,91.256,125.84,-186.39,-25.275,-118.35,95.556,-136.97,-0.94921,95.568,30.823,-328.44,-40.607,-40.607,-328.44,30.823,95.568,-0.94921,-136.97,95.556,-118.35,-25.275,-186.39,65.822,-186.39,75.886,-186.39,65.822,120.01,-13.18,95.556,275.25,57.465,-49.435,-85.666,382.96,82.756,-115.53,82.756,382.96,-85.666,-49.435,57.465,275.25,95.556,-13.18,120.01,101.52,120.01,-25.275,-25.275,120.01,101.52,-22.338,37.658,-136.97,57.465,-65.502,118.41,72.77,75.143,-94.183,-94.183,75.143,72.77,118.41,-65.502,57.465,-136.97,37.658,-22.338,29.417,-22.338,-13.18,-118.35,-13.18,-22.338,29.417,15.16,-25.767,-0.94921,-49.435,118.41,-10.922,-44.254,73.434,91.524,73.434,-44.254,-10.922,118.41,-49.435,-0.94921,-25.767,15.16,10.613,15.16,37.658,95.556,95.556,37.658,15.16,10.613,0.29481,71.436,95.568,-85.666,72.77,-44.254,-17.458,-19.95,-19.95,-17.458,-44.254,72.77,-85.666,95.568,71.436,0.29481,-5.0779,0.29481,-25.767,-136.97,275.25,-136.97,-25.767,0.29481,-5.0779,66.77,116.35,30.823,382.96,75.143,73.434,-19.95,106.81,-19.95,73.434,75.143,382.96,30.823,116.35,66.77,-37.901,66.77,71.436,-0.94921,57.465,57.465,-0.94921,71.436,66.77,-37.901,21.313,-77.33,-328.44,82.756,-94.183,91.524,-19.95,-19.95,91.524,-94.183,82.756,-328.44,-77.33,21.313,5.8288,21.313,116.35,95.568,-49.435,-65.502,-49.435,95.568,116.35,21.313,5.8288,38.696,-14.987,-40.607,-115.53,-94.183,73.434,-17.458,73.434,-94.183,-115.53,-40.607,-14.987,38.696,74.915,38.696,-77.33,30.823,-85.666,118.41,118.41,-85.666,30.823,-77.33,38.696,74.915,72.341,-60.135,-40.607,82.756,75.143,-44.254,-44.254,75.143,82.756,-40.607,-60.135,72.341,-136.3,72.341,-14.987,-328.44,382.96,72.77,-10.922,72.77,382.96,-328.44,-14.987,72.341,-136.3,72.341,-14.987,-328.44,382.96,72.77,-10.922,72.77,382.96,-328.44,-14.987,72.341,74.915,72.341,-60.135,-40.607,82.756,75.143,-44.254,-44.254,75.143,82.756,-40.607,-60.135,72.341,74.915,38.696,-77.33,30.823,-85.666,118.41,118.41,-85.666,30.823,-77.33,38.696,5.8288,38.696,-14.987,-40.607,-115.53,-94.183,73.434,-17.458,73.434,-94.183,-115.53,-40.607,-14.987,38.696,5.8288,21.313,116.35,95.568,-49.435,-65.502,-49.435,95.568,116.35,21.313,-37.901,21.313,-77.33,-328.44,82.756,-94.183,91.524,-19.95,-19.95,91.524,-94.183,82.756,-328.44,-77.33,21.313,-37.901,66.77,71.436,-0.94921,57.465,57.465,-0.94921,71.436,66.77,-5.0779,66.77,116.35,30.823,382.96,75.143,73.434,-19.95,106.81,-19.95,73.434,75.143,382.96,30.823,116.35,66.77,-5.0779,0.29481,-25.767,-136.97,275.25,-136.97,-25.767,0.29481,10.613,0.29481,71.436,95.568,-85.666,72.77,-44.254,-17.458,-19.95,-19.95,-17.458,-44.254,72.77,-85.666,95.568,71.436,0.29481,10.613,15.16,37.658,95.556,95.556,37.658,15.16,29.417,15.16,-25.767,-0.94921,-49.435,118.41,-10.922,-44.254,73.434,91.524,73.434,-44.254,-10.922,118.41,-49.435,-0.94921,-25.767,15.16,29.417,-22.338,-13.18,-118.35,-13.18,-22.338,101.52,-22.338,37.658,-136.97,57.465,-65.502,118.41,72.77,75.143,-94.183,-94.183,75.143,72.77,118.41,-65.502,57.465,-136.97,37.658,-22.338,101.52,120.01,-25.275,-25.275,120.01,65.822,120.01,-13.18,95.556,275.25,57.465,-49.435,-85.666,382.96,82.756,-115.53,82.756,382.96,-85.666,-49.435,57.465,275.25,95.556,-13.18,120.01,65.822,-186.39,75.886,-186.39,125.84,-186.39,-25.275,-118.35,95.556,-136.97,-0.94921,95.568,30.823,-328.44,-40.607,-40.607,-328.44,30.823,95.568,-0.94921,-136.97,95.556,-118.35,-25.275,-186.39,125.84,91.256,91.256,-5.4104,91.256,75.886,-25.275,-13.18,37.658,-25.767,71.436,116.35,-77.33,-14.987,-60.135,-14.987,-77.33,116.35,71.436,-25.767,37.658,-13.18,-25.275,75.886,91.256,-5.4104,-27.01,12.729,-27.01,91.256,-186.39,120.01,-22.338,15.16,0.29481,66.77,21.313,38.696,72.341,72.341,38.696,21.313,66.77,0.29481,15.16,-22.338,120.01,-186.39,91.256,-27.01,12.729
0,-2.1902e-16,-4.056e-16,-1.5254e-15,-2.9348e-15,-1.426e-15,-5.9202e-16,-1.5461e-16,5.9043e-16,-5.8671e-16,-4.3121e-16,-1.5604e-15,0,1.5604e-15,4.3121e-16,5.8671e-16,-5.9043e-16,1.5461e-16,5.9202e-16,1.426e-15,2.9348e-15,1.5254e-15,4.056e-16,2.1902e-16,2.1902e-16,0,-6.9099,-12.926,-16.457,-13.943,71.997,-1.8977,-53.408,-26.843,-74.361,41.134,52.58,52.58,41.134,-74.361,-26.843,-53.408,-1.8977,71.997,-13.943,-16.457,-12.926,-6.9099,4.056e-16,6.9099,0,-12.926,-74.113,32.291,-58.717,-39.169,77.035,11.063,78.244,16.988,-262.92,63.715,-262.92,16.988,78.244,11.063,77.035,-39.169,-58.717,32.291,-74.113,-12.926,1.5254e-15,12.926,12.926,0,-16.457,32.291,-14.223,-194.23,-162.43,81.908,-119.13,94.449,-68.999,39.817,39.817,-68.999,94.449,-119.13,81.908,-162.43,-194.23,-14.223,32.291,-16.457,2.9348e-15,16.457,74.113,16.457,0,-13.943,-58.717,-194.23,155.97,119.19,27.095,20.461,-4.8519,89.433,-229.08,89.433,-4.8519,20.461,27.095,119.19,155.97,-194.23,-58.717,-13.943,1.426e-15,13.943,-32.291,-32.291,13.943,0,71.997,-39.169,-162.43,119.19,150.77,94.011,-96.044,129.24,-64.527,-64.527,129.24,-96.044,94.011,150.77,119.19,-162.43,-39.169,71.997,5.9202e-16,-71.997,58.717,14.223,58.717,-71.997,0,-1.8977,77.035,81.908,27.095,94.011,-63.739,-57.193,30.774,-1.4613,30.774,-57.193,-63.739,94.011,27.095,81.908,77.035,-1.8977,1.5461e-16,1.8977,39.169,194.23,194.23,39.169,1.8977,0,-53.408,11.063,-119.13,20.461,-96.044,-57.193,-56.926,-86.679,-86.679,-56.926,-57.193,-96.044,20.461,-119.13,11.063,-53.408,-5.9043e-16,53.408,-77.035,162.43,-155.97,162.43,-77.035,53.408,0,-26.843,78.244,94.449,-4.8519,129.24,30.774,-86.679,-62.928,-86.679,30.774,129.24,-4.8519,94.449,78.244,-26.843,5.8671e-16,26.843,-11.063,-81.908,-119.19,-119.19,-81.908,-11.063,26.843,0,-74.361,16.988,-68.999,89.433,-64.527,-1.4613,-86.679,-86.679,-1.4613,-64.527,89.433,-68.999,16.988,-74.361,4.3121e-16,74.361,-78.244,119.13,-27.095,-150.77,-27.095,119.13,-78.244,74.361,0,41.134,-262.92,39.817,-229.08,-64.527,30.774,-56.926,30.774,-64.527,-229.08,39.817,-262.92,41.134,1.5604e-15,-41.134,-16.988,-94.449,-20.461,-94.011,-94.011,-20.461,-94.449,-16.988,-41.134,0,52.58,63.715,39.817,89.433,129.24,-57.193,-57.193,129.24,89.433,39.817,63.715,52.58,0,-52.58,262.92,68.999,4.8519,96.044,63.739,96.044,4.8519,68.999,262.92,-52.58,0,52.58,-262.92,-68.999,-4.8519,-96.044,-63.739,-96.044,-4.8519,-68.999,-262.92,52.58,-1.5604e-15,-52.58,-63.715,-39.817,-89.433,-129.24,57.193,57.193,-129.24,-89.433,-39.817,-63.715,-52.58,0,41.134,16.988,94.449,20.461,94.011,94.011,20.461,94.449,16.988,41.134,-4.3121e-16,-41.134,262.92,-39.817,229.08,64.527,-30.774,56.926,-30.774,64.527,229.08,-39.817,262.92,-41.134,0,-74.361,78.244,-119.13,27.095,150.77,27.095,-119.13,78.244,-74.361,-5.8671e-16,74.361,-16.988,68.999,-89.433,64.527,1.4613,86.679,86.679,1.4613,64.527,-89.433,68.999,-16.988,74.361,0,-26.843,11.063,81.908,119.19,119.19,81.908,11.063,-26.843,5.9043e-16,26.843,-78.244,-94.449,4.8519,-129.24,-30.774,86.679,62.928,86.679,-30.774,-129.24,4.8519,-94.449,-78.244,26.843,0,-53.408,77.035,-162.43,155.97,-162.43,77.035,-53.408,-1.5461e-16,53.408,-11.063,119.13,-20.461,96.044,57.193,56.926,86.679,86.679,56.926,57.193,96.044,-20.461,119.13,-11.063,53.408,0,-1.8977,-39.169,-194.23,-194.23,-39.169,-1.8977,-5.9202e-16,1.8977,-77.035,-81.908,-27.095,-94.011,63.739,57.193,-30.774,1.4613,-30.774,57.193,63.739,-94.011,-27.095,-81.908,-77.035,1.8977,0,71.997,-58.717,-14.223,-58.717,71.997,-1.426e-15,-71.997,39.169,162.43,-119.19,-150.77,-94.011,96.044,-129.24,64.527,64.527,-129.24,96.044,-94.011,-150.77,-119.19,162.43,39.169,-71.997,0,-13.943,32.291,32.291,-13.943,-2.9348e-15,13.943,58.717,194.23,-155.97,-119.19,-27.095,-20.461,4.8519,-89.433,229.08,-89.433,4.8519,-20.461,-27.095,-119.19,-155.97,194.23,58.717,13.943,0,-16.457,-74.113,-16.457,-1.5254e-15,16.457,-32.291,14.223,194.23,162.43,-81.908,119.13,-94.449,68.999,-39.817,-39.817,68.999,-94.449,119.13,-81.908,162.43,194.23,14.223,-32.291,16.457,0,-12.926,-12.926,-4.056e-16,12.926,74.113,-32.291,58.717,39.169,-77.035,-11.063,-78.244,-16.988,262.92,-63.715,262.92,-16.988,-78.244,-11.063,-77.035,39.169,58.717,-32.291,74.113,12.926,0,-6.9099,-2.1902e-16,6.9099,12.926,16.457,13.943,-71.997,1.8977,53.408,26.843,74.361,-41.134,-52.58,-52.58,-41.134,74.361,26.843,53.408,1.8977,-71.997,13.943,16.457,12.926,6.9099,0
