-49.722,-73.163,-115.94,-64.786,-80.571,-105.6,-55.783,-238.28,-199.14,-214.24,-6.9407,-13.486,-23.596,-13.486,-6.9407,-214.24,-199.14,-238.28,-55.783,-105.6,-80.571,-64.786,-115.94,-73.163,-73.163,-73.163,-10.166,-74.23,74.022,-113.01,32.466,-28.887,5.9067,59.566,-2.3538,1.6308,7.8939,7.8939,1.6308,-2.3538,59.566,5.9067,-28.887,32.466,-113.01,74.022,-74.23,-10.166,-115.94,-10.166,-115.94,-74.23,4.3305,13.999,43.023,-72.825,109.37,-129.81,14.018,-61.668,10.471,17.741,10.471,-61.668,14.018,-129.81,109.37,-72.825,43.023,13.999,4.3305,-74.23,-64.786,-74.23,-74.23,-64.786,74.022,13.999,26.186,-35.376,112.18,36.613,-37.632,-19.752,50.317,-11.103,-11.103,50.317,-19.752,-37.632,36.613,112.18,-35.376,26.186,13.999,74.022,-80.571,74.022,4.3305,74.022,-80.571,-113.01,43.023,-35.376,-110.32,158.44,20.018,-56.642,76.484,-1.8913,-4.6348,-1.8913,76.484,-56.642,20.018,158.44,-110.32,-35.376,43.023,-113.01,-105.6,-113.01,13.999,13.999,-113.01,-105.6,32.466,-72.825,112.18,158.44,6.611,-24.125,64.786,-47.065,3.7053,3.7053,-47.065,64.786,-24.125,6.611,158.44,112.18,-72.825,32.466,-55.783,32.466,43.023,26.186,43.023,32.466,-55.783,-28.887,109.37,36.613,20.018,-24.125,38.002,-15.836,36.934,-0.22618,36.934,-15.836,38.002,-24.125,20.018,36.613,109.37,-28.887,-238.28,-28.887,-72.825,-35.376,-35.376,-72.825,-28.887,-238.28,5.9067,-129.81,-37.632,-56.642,64.786,-15.836,-42.527,108.93,108.93,-42.527,-15.836,64.786,-56.642,-37.632,-129.81,5.9067,-199.14,5.9067,109.37,112.18,-110.32,112.18,109.37,5.9067,-199.14,59.566,14.018,-19.752,76.484,-47.065,36.934,108.93,-21.902,108.93,36.934,-47.065,76.484,-19.752,14.018,59.566,-214.24,59.566,-129.81,36.613,158.44,158.44,36.613,-129.81,59.566,-214.24,-2.3538,-61.668,50.317,-1.8913,3.7053,-0.22618,108.93,108.93,-0.22618,3.7053,-1.8913,50.317,-61.668,-2.3538,-6.9407,-2.3538,14.018,-37.632,20.018,6.611,20.018,-37.632,14.018,-2.3538,-6.9407,1.6308,10.471,-11.103,-4.6348,3.7053,36.934,-42.527,36.934,3.7053,-4.6348,-11.103,10.471,1.6308,-13.486,1.6308,-61.668,-19.752,-56.642,-24.125,-24.125,-56.642,-19.752,-61.668,1.6308,-13.486,7.8939,17.741,-11.103,-1.8913,-47.065,-15.836,-15.836,-47.065,-1.8913,-11.103,17.741,7.8939,-23.596,7.8939,10.471,50.317,76.484,64.786,38.002,64.786,76.484,50.317,10.471,7.8939,-23.596,7.8939,10.471,50.317,76.484,64.786,38.002,64.786,76.484,50.317,10.471,7.8939,-13.486,7.8939,17.741,-11.103,-1.8913,-47.065,-15.836,-15.836,-47.065,-1.8913,-11.103,17.741,7.8939,-13.486,1.6308,-61.668,-19.752,-56.642,-24.125,-24.125,-56.642,-19.752,-61.668,1.6308,-6.9407,1.6308,10.471,-11.103,-4.6348,3.7053,36.934,-42.527,36.934,3.7053,-4.6348,-11.103,10.471,1.6308,-6.9407,-2.3538,14.018,-37.632,20.018,6.611,20.018,-37.632,14.018,-2.3538,-214.24,-2.3538,-61.668,50.317,-1.8913,3.7053,-0.22618,108.93,108.93,-0.22618,3.7053,-1.8913,50.317,-61.668,-2.3538,-214.24,59.566,-129.81,36.613,158.44,158.44,36.613,-129.81,59.566,-199.14,59.566,14.018,-19.752,76.484,-47.065,36.934,108.93,-21.902,108.93,36.934,-47.065,76.484,-19.752,14.018,59.566,-199.14,5.9067,109.37,112.18,-110.32,112.18,109.37,5.9067,-238.28,5.9067,-129.81,-37.632,-56.642,64.786,-15.836,-42.527,108.93,108.93,-42.527,-15.836,64.786,-56.642,-37.632,-129.81,5.9067,-238.28,-28.887,-72.825,-35.376,-35.376,-72.825,-28.887,-55.783,-28.887,109.37,36.613,20.018,-24.125,38.002,-15.836,36.934,-0.22618,36.934,-15.836,38.002,-24.125,20.018,36.613,109.37,-28.887,-55.783,32.466,43.023,26.186,43.023,32.466,-105.6,32.466,-72.825,112.18,158.44,6.611,-24.125,64.786,-47.065,3.7053,3.7053,-47.065,64.786,-24.125,6.611,158.44,112.18,-72.825,32.466,-105.6,-113.01,13.999,13.999,-113.01,-80.571,-113.01,43.023,-35.376,-110.32,158.44,20.018,-56.642,76.484,-1.8913,-4.6348,-1.8913,76.484,-56.642,20.018,158.44,-110.32,-35.376,43.023,-113.01,-80.571,74.022,4.3305,74.022,-64.786,74.022,13.999,26.186,-35.376,112.18,36.613,-37.632,-19.752,50.317,-11.103,-11.103,50.317,-19.752,-37.632,36.613,112.18,-35.376,26.186,13.999,74.022,-64.786,-74.23,-74.23,-115.94,-74.23,4.3305,13.999,43.023,-72.825,109.37,-129.81,14.018,-61.668,10.471,17.741,10.471,-61.668,14.018,-129.81,109.37,-72.825,43.023,13.999,4.3305,-74.23,-115.94,-10.166,-73.163,-10.166,-74.23,74.022,-113.01,32.466,-28.887,5.9067,59.566,-2.3538,1.6308,7.8939,7.8939,1.6308,-2.3538,59.566,5.9067,-28.887,32.466,-113.01,74.022,-74.23,-10.166,-73.163
0,-2.9523e-16,2.9686e-16,-7.663e-16,2.3047e-16,-1.4846e-15,2.0385e-16,1.3345e-15,-2.0321e-15,3.5716e-15,-2.2727e-17,2.2048e-16,0,-2.2048e-16,2.2727e-17,-3.5716e-15,2.0321e-15,-1.3345e-15,-2.0385e-16,1.4846e-15,-2.3047e-16,7.663e-16,-2.9686e-16,2.9523e-16,2.9523e-16,0,3.3912,-37.002,44.069,-3.3277,-79.985,-98.495,-13.236,33.751,-35.915,12.148,15.336,15.336,12.148,-35.915,33.751,-13.236,-98.495,-79.985,-3.3277,44.069,-37.002,3.3912,-2.9686e-16,-3.3912,0,-37.002,-126.29,-51.15,-38.962,87.598,-56.745,58.696,-20.325,15.155,-2.3237,-9.6058,-2.3237,15.155,-20.325,58.696,-56.745,87.598,-38.962,-51.15,-126.29,-37.002,7.663e-16,37.002,37.002,0,44.069,-51.15,62.61,-99.878,82.45,40.546,32.081,-29.795,9.2531,-2.785,-2.785,9.2531,-29.795,32.081,40.546,82.45,-99.878,62.61,-51.15,44.069,-2.3047e-16,-44.069,126.29,-44.069,0,-3.3277,-38.962,-99.878,29.86,46.899,-14.943,22.51,-23.053,-7.7986,-7.2437,-7.7986,-23.053,22.51,-14.943,46.899,29.86,-99.878,-38.962,-3.3277,1.4846e-15,3.3277,51.15,51.15,3.3277,0,-79.985,87.598,82.45,46.899,35.685,-30.384,13.313,-57.291,-4.9918,-4.9918,-57.291,13.313,-30.384,35.685,46.899,82.45,87.598,-79.985,-2.0385e-16,79.985,38.962,-62.61,38.962,79.985,0,-98.495,-56.745,40.546,-14.943,-30.384,2.5144,14.781,11.148,95.337,11.148,14.781,2.5144,-30.384,-14.943,40.546,-56.745,-98.495,-1.3345e-15,98.495,-87.598,99.878,99.878,-87.598,98.495,0,-13.236,58.696,32.081,22.51,13.313,14.781,-14.798,1.5994,1.5994,-14.798,14.781,13.313,22.51,32.081,58.696,-13.236,2.0321e-15,13.236,56.745,-82.45,-29.86,-82.45,56.745,13.236,0,33.751,-20.325,-29.795,-23.053,-57.291,11.148,1.5994,61.401,1.5994,11.148,-57.291,-23.053,-29.795,-20.325,33.751,-3.5716e-15,-33.751,-58.696,-40.546,-46.899,-46.899,-40.546,-58.696,-33.751,0,-35.915,15.155,9.2531,-7.7986,-4.9918,95.337,1.5994,1.5994,95.337,-4.9918,-7.7986,9.2531,15.155,-35.915,2.2727e-17,35.915,20.325,-32.081,14.943,-35.685,14.943,-32.081,20.325,35.915,0,12.148,-2.3237,-2.785,-7.2437,-4.9918,11.148,-14.798,11.148,-4.9918,-7.2437,-2.785,-2.3237,12.148,-2.2048e-16,-12.148,-15.155,29.795,-22.51,30.384,30.384,-22.51,29.795,-15.155,-12.148,0,15.336,-9.6058,-2.785,-7.7986,-57.291,14.781,14.781,-57.291,-7.7986,-2.785,-9.6058,15.336,0,-15.336,2.3237,-9.2531,23.053,-13.313,-2.5144,-13.313,23.053,-9.2531,2.3237,-15.336,0,15.336,-2.3237,9.2531,-23.053,13.313,2.5144,13.313,-23.053,9.2531,-2.3237,15.336,2.2048e-16,-15.336,9.6058,2.785,7.7986,57.291,-14.781,-14.781,57.291,7.7986,2.785,9.6058,-15.336,0,12.148,15.155,-29.795,22.51,-30.384,-30.384,22.51,-29.795,15.155,12.148,-2.2727e-17,-12.148,2.3237,2.785,7.2437,4.9918,-11.148,14.798,-11.148,4.9918,7.2437,2.785,2.3237,-12.148,0,-35.915,-20.325,32.081,-14.943,35.685,-14.943,32.081,-20.325,-35.915,3.5716e-15,35.915,-15.155,-9.2531,7.7986,4.9918,-95.337,-1.5994,-1.5994,-95.337,4.9918,7.7986,-9.2531,-15.155,35.915,0,33.751,58.696,40.546,46.899,46.899,40.546,58.696,33.751,-2.0321e-15,-33.751,20.325,29.795,23.053,57.291,-11.148,-1.5994,-61.401,-1.5994,-11.148,57.291,23.053,29.795,20.325,-33.751,0,-13.236,-56.745,82.45,29.86,82.45,-56.745,-13.236,1.3345e-15,13.236,-58.696,-32.081,-22.51,-13.313,-14.781,14.798,-1.5994,-1.5994,14.798,-14.781,-13.313,-22.51,-32.081,-58.696,13.236,0,-98.495,87.598,-99.878,-99.878,87.598,-98.495,2.0385e-16,98.495,56.745,-40.546,14.943,30.384,-2.5144,-14.781,-11.148,-95.337,-11.148,-14.781,-2.5144,30.384,14.943,-40.546,56.745,98.495,0,-79.985,-38.962,62.61,-38.962,-79.985,-1.4846e-15,79.985,-87.598,-82.45,-46.899,-35.685,30.384,-13.313,57.291,4.9918,4.9918,57.291,-13.313,30.384,-35.685,-46.899,-82.45,-87.598,79.985,0,-3.3277,-51.15,-51.15,-3.3277,2.3047e-16,3.3277,38.962,99.878,-29.86,-46.899,14.943,-22.51,23.053,7.7986,7.2437,7.7986,23.053,-22.51,14.943,-46.899,-29.86,99.878,38.962,3.3277,0,44.069,-126.29,44.069,-7.663e-16,-44.069,51.15,-62.61,99.878,-82.45,-40.546,-32.081,29.795,-9.2531,2.785,2.785,-9.2531,29.795,-32.081,-40.546,-82.45,99.878,-62.61,51.15,-44.069,0,-37.002,-37.002,2.9686e-16,37.002,126.29,51.15,38.962,-87.598,56.745,-58.696,20.325,-15.155,2.3237,9.6058,2.3237,-15.155,20.325,-58.696,56.745,-87.598,38.962,51.15,126.29,37.002,0,3.3912,-2.9523e-16,-3.3912,37.002,-44.069,3.3277,79.985,98.495,13.236,-33.751,35.915,-12.148,-15.336,-15.336,-12.148,35.915,-33.751,13.236,98.495,79.985,3.3277,-44.069,37.002,-3.3912,0
