47.161,206.02,47.672,63.897,31.976,67.611,65.432,167.15,104.02,104.47,36.151,65.301,120.59,65.301,36.151,104.47,104.02,167.15,65.432,67.611,31.976,63.897,47.672,206.02,206.02,206.02,-124.11,97.208,39.796,13.648,66.68,-60.141,135.05,-66.99,49.202,16.795,-75.289,-75.289,16.795,49.202,-66.99,135.05,-60.141,66.68,13.648,39.796,97.208,-124.11,47.672,-124.11,47.672,97.208,18.276,-60.581,-17.601,93.861,-22.57,70.021,57.712,-81.032,-25.567,-68.158,-25.567,-81.032,57.712,70.021,-22.57,93.861,-17.601,-60.581,18.276,97.208,63.897,97.208,97.208,63.897,39.796,-60.581,-54.275,22.61,118.17,-11.982,47.105,81.946,-36.333,-19.123,-19.123,-36.333,81.946,47.105,-11.982,118.17,22.61,-54.275,-60.581,39.796,31.976,39.796,18.276,39.796,31.976,13.648,-17.601,22.61,33.293,40.097,-8.32,-49.734,16.313,28.444,-15.895,28.444,16.313,-49.734,-8.32,40.097,33.293,22.61,-17.601,13.648,67.611,13.648,-60.581,-60.581,13.648,67.611,66.68,93.861,118.17,40.097,-49.98,-66.779,-69.715,165.3,-63.342,-63.342,165.3,-69.715,-66.779,-49.98,40.097,118.17,93.861,66.68,65.432,66.68,-17.601,-54.275,-17.601,66.68,65.432,-60.141,-22.57,-11.982,-8.32,-66.779,-36.039,-72.336,26.168,64.109,26.168,-72.336,-36.039,-66.779,-8.32,-11.982,-22.57,-60.141,167.15,-60.141,93.861,22.61,22.61,93.861,-60.141,167.15,135.05,70.021,47.105,-49.734,-69.715,-72.336,-12.95,-155.55,-155.55,-12.95,-72.336,-69.715,-49.734,47.105,70.021,135.05,104.02,135.05,-22.57,118.17,33.293,118.17,-22.57,135.05,104.02,-66.99,57.712,81.946,16.313,165.3,26.168,-155.55,12.164,-155.55,26.168,165.3,16.313,81.946,57.712,-66.99,104.47,-66.99,70.021,-11.982,40.097,40.097,-11.982,70.021,-66.99,104.47,49.202,-81.032,-36.333,28.444,-63.342,64.109,-155.55,-155.55,64.109,-63.342,28.444,-36.333,-81.032,49.202,36.151,49.202,57.712,47.105,-8.32,-49.98,-8.32,47.105,57.712,49.202,36.151,16.795,-25.567,-19.123,-15.895,-63.342,26.168,-12.95,26.168,-63.342,-15.895,-19.123,-25.567,16.795,65.301,16.795,-81.032,81.946,-49.734,-66.779,-66.779,-49.734,81.946,-81.032,16.795,65.301,-75.289,-68.158,-19.123,28.444,165.3,-72.336,-72.336,165.3,28.444,-19.123,-68.158,-75.289,120.59,-75.289,-25.567,-36.333,16.313,-69.715,-36.039,-69.715,16.313,-36.333,-25.567,-75.289,120.59,-75.289,-25.567,-36.333,16.313,-69.715,-36.039,-69.715,16.313,-36.333,-25.567,-75.289,65.301,-75.289,-68.158,-19.123,28.444,165.3,-72.336,-72.336,165.3,28.444,-19.123,-68.158,-75.289,65.301,16.795,-81.032,81.946,-49.734,-66.779,-66.779,-49.734,81.946,-81.032,16.795,36.151,16.795,-25.567,-19.123,-15.895,-63.342,26.168,-12.95,26.168,-63.342,-15.895,-19.123,-25.567,16.795,36.151,49.202,57.712,47.105,-8.32,-49.98,-8.32,47.105,57.712,49.202,104.47,49.202,-81.032,-36.333,28.444,-63.342,64.109,-155.55,-155.55,64.109,-63.342,28.444,-36.333,-81.032,49.202,104.47,-66.99,70.021,-11.982,40.097,40.097,-11.982,70.021,-66.99,104.02,-66.99,57.712,81.946,16.313,165.3,26.168,-155.55,12.164,-155.55,26.168,165.3,16.313,81.946,57.712,-66.99,104.02,135.05,-22.57,118.17,33.293,118.17,-22.57,135.05,167.15,135.05,70.021,47.105,-49.734,-69.715,-72.336,-12.95,-155.55,-155.55,-12.95,-72.336,-69.715,-49.734,47.105,70.021,135.05,167.15,-60.141,93.861,22.61,22.61,93.861,-60.141,65.432,-60.141,-22.57,-11.982,-8.32,-66.779,-36.039,-72.336,26.168,64.109,26.168,-72.336,-36.039,-66.779,-8.32,-11.982,-22.57,-60.141,65.432,66.68,-17.601,-54.275,-17.601,66.68,67.611,66.68,93.861,118.17,40.097,-49.98,-66.779,-69.715,165.3,-63.342,-63.342,165.3,-69.715,-66.779,-49.98,40.097,118.17,93.861,66.68,67.611,13.648,-60.581,-60.581,13.648,31.976,13.648,-17.601,22.61,33.293,40.097,-8.32,-49.734,16.313,28.444,-15.895,28.444,16.313,-49.734,-8.32,40.097,33.293,22.61,-17.601,13.648,31.976,39.796,18.276,39.796,63.897,39.796,-60.581,-54.275,22.61,118.17,-11.982,47.105,81.946,-36.333,-19.123,-19.123,-36.333,81.946,47.105,-11.982,118.17,22.61,-54.275,-60.581,39.796,63.897,97.208,97.208,47.672,97.208,18.276,-60.581,-17.601,93.861,-22.57,70.021,57.712,-81.032,-25.567,-68.158,-25.567,-81.032,57.712,70.021,-22.57,93.861,-17.601,-60.581,18.276,97.208,47.672,-124.11,206.02,-124.11,97.208,39.796,13.648,66.68,-60.141,135.05,-66.99,49.202,16.795,-75.289,-75.289,16.795,49.202,-66.99,135.05,-60.141,66.68,13.648,39.796,97.208,-124.11,206.02
0,-2.685e-15,7.3976e-17,-5.2084e-16,-2.2999e-16,-1.0694e-15,-1.4637e-16,9.0207e-16,8.214e-16,2.3589e-16,-7.3186e-17,-1.3142e-16,0,1.3142e-16,7.3186e-17,-2.3589e-16,-8.214e-16,-9.0207e-16,1.4637e-16,1.0694e-15,2.2999e-16,5.2084e-16,-7.3976e-17,2.685e-15,2.685e-15,0,117.83,21.637,53.259,44.746,84.261,44.197,-130.96,44.245,38.731,-23.463,60.499,60.499,-23.463,38.731,44.245,-130.96,44.197,84.261,44.746,53.259,21.637,117.83,-7.3976e-17,-117.83,0,21.637,-15.796,16.53,7.8005,65.9,-60.851,-34.432,3.9031,31.44,-24.595,68.7,-24.595,31.44,3.9031,-34.432,-60.851,65.9,7.8005,16.53,-15.796,21.637,5.2084e-16,-21.637,-21.637,0,53.259,16.53,-69.057,20.806,-62.269,104.69,-76.345,74.565,-89.482,15.463,15.463,-89.482,74.565,-76.345,104.69,-62.269,20.806,-69.057,16.53,53.259,2.2999e-16,-53.259,15.796,-53.259,0,44.746,7.8005,20.806,-15.661,34.356,10.76,24.108,-46.199,-32.775,10.667,-32.775,-46.199,24.108,10.76,34.356,-15.661,20.806,7.8005,44.746,1.0694e-15,-44.746,-16.53,-16.53,-44.746,0,84.261,65.9,-62.269,34.356,-12.305,93.847,-45.003,46.639,12.644,12.644,46.639,-45.003,93.847,-12.305,34.356,-62.269,65.9,84.261,1.4637e-16,-84.261,-7.8005,69.057,-7.8005,-84.261,0,44.197,-60.851,104.69,10.76,93.847,50.941,-54.62,-68.857,-51.646,-68.857,-54.62,50.941,93.847,10.76,104.69,-60.851,44.197,-9.0207e-16,-44.197,-65.9,-20.806,-20.806,-65.9,-44.197,0,-130.96,-34.432,-76.345,24.108,-45.003,-54.62,112.88,131.85,131.85,112.88,-54.62,-45.003,24.108,-76.345,-34.432,-130.96,-8.214e-16,130.96,60.851,62.269,15.661,62.269,60.851,130.96,0,44.245,3.9031,74.565,-46.199,46.639,-68.857,131.85,192.85,131.85,-68.857,46.639,-46.199,74.565,3.9031,44.245,-2.3589e-16,-44.245,34.432,-104.69,-34.356,-34.356,-104.69,34.432,-44.245,0,38.731,31.44,-89.482,-32.775,12.644,-51.646,131.85,131.85,-51.646,12.644,-32.775,-89.482,31.44,38.731,7.3186e-17,-38.731,-3.9031,76.345,-10.76,12.305,-10.76,76.345,-3.9031,-38.731,0,-23.463,-24.595,15.463,10.667,12.644,-68.857,112.88,-68.857,12.644,10.667,15.463,-24.595,-23.463,1.3142e-16,23.463,-31.44,-74.565,-24.108,-93.847,-93.847,-24.108,-74.565,-31.44,23.463,0,60.499,68.7,15.463,-32.775,46.639,-54.62,-54.62,46.639,-32.775,15.463,68.7,60.499,0,-60.499,24.595,89.482,46.199,45.003,-50.941,45.003,46.199,89.482,24.595,-60.499,0,60.499,-24.595,-89.482,-46.199,-45.003,50.941,-45.003,-46.199,-89.482,-24.595,60.499,-1.3142e-16,-60.499,-68.7,-15.463,32.775,-46.639,54.62,54.62,-46.639,32.775,-15.463,-68.7,-60.499,0,-23.463,31.44,74.565,24.108,93.847,93.847,24.108,74.565,31.44,-23.463,-7.3186e-17,23.463,24.595,-15.463,-10.667,-12.644,68.857,-112.88,68.857,-12.644,-10.667,-15.463,24.595,23.463,0,38.731,3.9031,-76.345,10.76,-12.305,10.76,-76.345,3.9031,38.731,2.3589e-16,-38.731,-31.44,89.482,32.775,-12.644,51.646,-131.85,-131.85,51.646,-12.644,32.775,89.482,-31.44,-38.731,0,44.245,-34.432,104.69,34.356,34.356,104.69,-34.432,44.245,8.214e-16,-44.245,-3.9031,-74.565,46.199,-46.639,68.857,-131.85,-192.85,-131.85,68.857,-46.639,46.199,-74.565,-3.9031,-44.245,0,-130.96,-60.851,-62.269,-15.661,-62.269,-60.851,-130.96,9.0207e-16,130.96,34.432,76.345,-24.108,45.003,54.62,-112.88,-131.85,-131.85,-112.88,54.62,45.003,-24.108,76.345,34.432,130.96,0,44.197,65.9,20.806,20.806,65.9,44.197,-1.4637e-16,-44.197,60.851,-104.69,-10.76,-93.847,-50.941,54.62,68.857,51.646,68.857,54.62,-50.941,-93.847,-10.76,-104.69,60.851,-44.197,0,84.261,7.8005,-69.057,7.8005,84.261,-1.0694e-15,-84.261,-65.9,62.269,-34.356,12.305,-93.847,45.003,-46.639,-12.644,-12.644,-46.639,45.003,-93.847,12.305,-34.356,62.269,-65.9,-84.261,0,44.746,16.53,16.53,44.746,-2.2999e-16,-44.746,-7.8005,-20.806,15.661,-34.356,-10.76,-24.108,46.199,32.775,-10.667,32.775,46.199,-24.108,-10.76,-34.356,15.661,-20.806,-7.8005,-44.746,0,53.259,-15.796,53.259,-5.2084e-16,-53.259,-16.53,69.057,-20.806,62.269,-104.69,76.345,-74.565,89.482,-15.463,-15.463,89.482,-74.565,76.345,-104.69,62.269,-20.806,69.057,-16.53,-53.259,0,21.637,21.637,7.3976e-17,-21.637,15.796,-16.53,-7.8005,-65.9,60.851,34.432,-3.9031,-31.44,24.595,-68.7,24.595,-31.44,-3.9031,34.432,60.851,-65.9,-7.8005,-16.53,15.796,-21.637,0,117.83,-2.685e-15,-117.83,-21.637,-53.259,-44.746,-84.261,-44.197,130.96,-44.245,-38.731,23.463,-60.499,-60.499,23.463,-38.731,-44.245,130.96,-44.197,-84.261,-44.746,-53.259,-21.637,-117.83,0
