355.55,171.25,93.402,517.81,141.02,75.108,11.123,16.391,-274.91,85.964,106,-32.878,122.21,-32.878,106,85.964,-274.91,16.391,11.123,75.108,141.02,517.81,93.402,171.25,171.25,171.25,-87.849,-164.79,-191.08,79.575,-23.689,-27.783,55.097,-128.5,-61.905,36.909,-18.557,-18.557,36.909,-61.905,-128.5,55.097,-27.783,-23.689,79.575,-191.08,-164.79,-87.849,93.402,-87.849,93.402,-164.79,-58.093,22.383,-13.082,-53.906,-12.913,-0.72059,-54.718,21.974,56.014,-12.555,56.014,21.974,-54.718,-0.72059,-12.913,-53.906,-13.082,22.383,-58.093,-164.79,517.81,-164.79,-164.79,517.81,-191.08,22.383,-111.95,-91.013,50.62,34.147,183.07,-8.6958,99.614,-11.16,-11.16,99.614,-8.6958,183.07,34.147,50.62,-91.013,-111.95,22.383,-191.08,141.02,-191.08,-58.093,-191.08,141.02,79.575,-13.082,-91.013,-29.306,61.007,12.462,9.6742,2.5826,7.2023,-84.779,7.2023,2.5826,9.6742,12.462,61.007,-29.306,-91.013,-13.082,79.575,75.108,79.575,22.383,22.383,79.575,75.108,-23.689,-53.906,50.62,61.007,-48.513,-4.2764,32.14,-30.25,58.517,58.517,-30.25,32.14,-4.2764,-48.513,61.007,50.62,-53.906,-23.689,11.123,-23.689,-13.082,-111.95,-13.082,-23.689,11.123,-27.783,-12.913,34.147,12.462,-4.2764,-20.648,17.653,23.969,3.3467,23.969,17.653,-20.648,-4.2764,12.462,34.147,-12.913,-27.783,16.391,-27.783,-53.906,-91.013,-91.013,-53.906,-27.783,16.391,55.097,-0.72059,183.07,9.6742,32.14,17.653,106.11,-8.9127,-8.9127,106.11,17.653,32.14,9.6742,183.07,-0.72059,55.097,-274.91,55.097,-12.913,50.62,-29.306,50.62,-12.913,55.097,-274.91,-128.5,-54.718,-8.6958,2.5826,-30.25,23.969,-8.9127,831.77,-8.9127,23.969,-30.25,2.5826,-8.6958,-54.718,-128.5,85.964,-128.5,-0.72059,34.147,61.007,61.007,34.147,-0.72059,-128.5,85.964,-61.905,21.974,99.614,7.2023,58.517,3.3467,-8.9127,-8.9127,3.3467,58.517,7.2023,99.614,21.974,-61.905,106,-61.905,-54.718,183.07,12.462,-48.513,12.462,183.07,-54.718,-61.905,106,36.909,56.014,-11.16,-84.779,58.517,23.969,106.11,23.969,58.517,-84.779,-11.16,56.014,36.909,-32.878,36.909,21.974,-8.6958,9.6742,-4.2764,-4.2764,9.6742,-8.6958,21.974,36.909,-32.878,-18.557,-12.555,-11.16,7.2023,-30.25,17.653,17.653,-30.25,7.2023,-11.16,-12.555,-18.557,122.21,-18.557,56.014,99.614,2.5826,32.14,-20.648,32.14,2.5826,99.614,56.014,-18.557,122.21,-18.557,56.014,99.614,2.5826,32.14,-20.648,32.14,2.5826,99.614,56.014,-18.557,-32.878,-18.557,-12.555,-11.16,7.2023,-30.25,17.653,17.653,-30.25,7.2023,-11.16,-12.555,-18.557,-32.878,36.909,21.974,-8.6958,9.6742,-4.2764,-4.2764,9.6742,-8.6958,21.974,36.909,106,36.909,56.014,-11.16,-84.779,58.517,23.969,106.11,23.969,58.517,-84.779,-11.16,56.014,36.909,106,-61.905,-54.718,183.07,12.462,-48.513,12.462,183.07,-54.718,-61.905,85.964,-61.905,21.974,99.614,7.2023,58.517,3.3467,-8.9127,-8.9127,3.3467,58.517,7.2023,99.614,21.974,-61.905,85.964,-128.5,-0.72059,34.147,61.007,61.007,34.147,-0.72059,-128.5,-274.91,-128.5,-54.718,-8.6958,2.5826,-30.25,23.969,-8.9127,831.77,-8.9127,23.969,-30.25,2.5826,-8.6958,-54.718,-128.5,-274.91,55.097,-12.913,50.62,-29.306,50.62,-12.913,55.097,16.391,55.097,-0.72059,183.07,9.6742,32.14,17.653,106.11,-8.9127,-8.9127,106.11,17.653,32.14,9.6742,183.07,-0.72059,55.097,16.391,-27.783,-53.906,-91.013,-91.013,-53.906,-27.783,11.123,-27.783,-12.913,34.147,12.462,-4.2764,-20.648,17.653,23.969,3.3467,23.969,17.653,-20.648,-4.2764,12.462,34.147,-12.913,-27.783,11.123,-23.689,-13.082,-111.95,-13.082,-23.689,75.108,-23.689,-53.906,50.62,61.007,-48.513,-4.2764,32.14,-30.25,58.517,58.517,-30.25,32.14,-4.2764,-48.513,61.007,50.62,-53.906,-23.689,75.108,79.575,22.383,22.383,79.575,141.02,79.575,-13.082,-91.013,-29.306,61.007,12.462,9.6742,2.5826,7.2023,-84.779,7.2023,2.5826,9.6742,12.462,61.007,-29.306,-91.013,-13.082,79.575,141.02,-191.08,-58.093,-191.08,517.81,-191.08,22.383,-111.95,-91.013,50.62,34.147,183.07,-8.6958,99.614,-11.16,-11.16,99.614,-8.6958,183.07,34.147,50.62,-91.013,-111.95,22.383,-191.08,517.81,-164.79,-164.79,93.402,-164.79,-58.093,22.383,-13.082,-53.906,-12.913,-0.72059,-54.718,21.974,56.014,-12.555,56.014,21.974,-54.718,-0.72059,-12.913,-53.906,-13.082,22.383,-58.093,-164.79,93.402,-87.849,171.25,-87.849,-164.79,-191.08,79.575,-23.689,-27.783,55.097,-128.5,-61.905,36.909,-18.557,-18.557,36.909,-61.905,-128.5,55.097,-27.783,-23.689,79.575,-191.08,-164.79,-87.849,171.25
0,-2.4349e-15,3.7063e-15,-1.8922e-14,2.3716e-15,-5.5704e-17,0,-3.7375e-17,1.193e-15,-3.393e-15,-1.1646e-15,5.1857e-16,0,-5.1857e-16,1.1646e-15,3.393e-15,-1.193e-15,3.7375e-17,0,5.5704e-17,-2.3716e-15,1.8922e-14,-3.7063e-15,2.4349e-15,2.4349e-15,0,14.937,84.235,-92.411,41.516,-42.396,-31.477,-311.67,-83.848,-66.715,26.899,61.864,61.864,26.899,-66.715,-83.848,-311.67,-31.477,-42.396,41.516,-92.411,84.235,14.937,-3.7063e-15,-14.937,0,84.235,-22.05,114.15,22.574,-65.903,-31.463,-57.602,-46.217,9.1017,11.149,-18.46,11.149,9.1017,-46.217,-57.602,-31.463,-65.903,22.574,114.15,-22.05,84.235,1.8922e-14,-84.235,-84.235,0,-92.411,114.15,22.062,144.75,-25.352,-43.711,-41.676,26.645,154.44,35.353,35.353,154.44,26.645,-41.676,-43.711,-25.352,144.75,22.062,114.15,-92.411,-2.3716e-15,92.411,22.05,92.411,0,41.516,22.574,144.75,13.458,-11.457,-24.634,-0.96084,71.104,11.8,-0.30804,11.8,71.104,-0.96084,-24.634,-11.457,13.458,144.75,22.574,41.516,5.5704e-17,-41.516,-114.15,-114.15,-41.516,0,-42.396,-65.903,-25.352,-11.457,45.98,-15.141,-1.8719,-81.093,16.866,16.866,-81.093,-1.8719,-15.141,45.98,-11.457,-25.352,-65.903,-42.396,0,42.396,-22.574,-22.062,-22.574,42.396,0,-31.477,-31.463,-43.711,-24.634,-15.141,5.5368,-38.438,44.094,-16.935,44.094,-38.438,5.5368,-15.141,-24.634,-43.711,-31.463,-31.477,3.7375e-17,31.477,65.903,-144.75,-144.75,65.903,31.477,0,-311.67,-57.602,-41.676,-0.96084,-1.8719,-38.438,217.01,190.38,190.38,217.01,-38.438,-1.8719,-0.96084,-41.676,-57.602,-311.67,-1.193e-15,311.67,31.463,25.352,-13.458,25.352,31.463,311.67,0,-83.848,-46.217,26.645,71.104,-81.093,44.094,190.38,397.51,190.38,44.094,-81.093,71.104,26.645,-46.217,-83.848,3.393e-15,83.848,57.602,43.711,11.457,11.457,43.711,57.602,83.848,0,-66.715,9.1017,154.44,11.8,16.866,-16.935,190.38,190.38,-16.935,16.866,11.8,154.44,9.1017,-66.715,1.1646e-15,66.715,46.217,41.676,24.634,-45.98,24.634,41.676,46.217,66.715,0,26.899,11.149,35.353,-0.30804,16.866,44.094,217.01,44.094,16.866,-0.30804,35.353,11.149,26.899,-5.1857e-16,-26.899,-9.1017,-26.645,0.96084,15.141,15.141,0.96084,-26.645,-9.1017,-26.899,0,61.864,-18.46,35.353,11.8,-81.093,-38.438,-38.438,-81.093,11.8,35.353,-18.46,61.864,0,-61.864,-11.149,-154.44,-71.104,1.8719,-5.5368,1.8719,-71.104,-154.44,-11.149,-61.864,0,61.864,11.149,154.44,71.104,-1.8719,5.5368,-1.8719,71.104,154.44,11.149,61.864,5.1857e-16,-61.864,18.46,-35.353,-11.8,81.093,38.438,38.438,81.093,-11.8,-35.353,18.46,-61.864,0,26.899,9.1017,26.645,-0.96084,-15.141,-15.141,-0.96084,26.645,9.1017,26.899,-1.1646e-15,-26.899,-11.149,-35.353,0.30804,-16.866,-44.094,-217.01,-44.094,-16.866,0.30804,-35.353,-11.149,-26.899,0,-66.715,-46.217,-41.676,-24.634,45.98,-24.634,-41.676,-46.217,-66.715,-3.393e-15,66.715,-9.1017,-154.44,-11.8,-16.866,16.935,-190.38,-190.38,16.935,-16.866,-11.8,-154.44,-9.1017,66.715,0,-83.848,-57.602,-43.711,-11.457,-11.457,-43.711,-57.602,-83.848,1.193e-15,83.848,46.217,-26.645,-71.104,81.093,-44.094,-190.38,-397.51,-190.38,-44.094,81.093,-71.104,-26.645,46.217,83.848,0,-311.67,-31.463,-25.352,13.458,-25.352,-31.463,-311.67,-3.7375e-17,311.67,57.602,41.676,0.96084,1.8719,38.438,-217.01,-190.38,-190.38,-217.01,38.438,1.8719,0.96084,41.676,57.602,311.67,0,-31.477,-65.903,144.75,144.75,-65.903,-31.477,0,31.477,31.463,43.711,24.634,15.141,-5.5368,38.438,-44.094,16.935,-44.094,38.438,-5.5368,15.141,24.634,43.711,31.463,31.477,0,-42.396,22.574,22.062,22.574,-42.396,-5.5704e-17,42.396,65.903,25.352,11.457,-45.98,15.141,1.8719,81.093,-16.866,-16.866,81.093,1.8719,15.141,-45.98,11.457,25.352,65.903,42.396,0,41.516,114.15,114.15,41.516,2.3716e-15,-41.516,-22.574,-144.75,-13.458,11.457,24.634,0.96084,-71.104,-11.8,0.30804,-11.8,-71.104,0.96084,24.634,11.457,-13.458,-144.75,-22.574,-41.516,0,-92.411,-22.05,-92.411,-1.8922e-14,92.411,-114.15,-22.062,-144.75,25.352,43.711,41.676,-26.645,-154.44,-35.353,-35.353,-154.44,-26.645,41.676,43.711,25.352,-144.75,-22.062,-114.15,92.411,0,84.235,84.235,3.7063e-15,-84.235,22.05,-114.15,-22.574,65.903,31.463,57.602,46.217,-9.1017,-11.149,18.46,-11.149,-9.1017,46.217,57.602,31.463,65.903,-22.574,-114.15,22.05,-84.235,0,14.937,-2.4349e-15,-14.937,-84.235,92.411,-41.516,42.396,31.477,311.67,83.848,66.715,-26.899,-61.864,-61.864,-26.899,66.715,83.848,311.67,31.477,42.396,-41.516,92.411,-84.235,-14.937,0
