128.55,126.23,134.08,57.251,-30.111,2.4763,-12.525,-18.592,95.701,69.378,50.789,87.609,172.76,87.609,50.789,69.378,95.701,-18.592,-12.525,2.4763,-30.111,57.251,134.08,126.23,126.23,126.23,-279.12,-153.46,28.021,-102.55,-22.644,1.3823,-5.6789,-68.677,17.127,-90.245,-137.64,-137.64,-90.245,17.127,-68.677,-5.6789,1.3823,-22.644,-102.55,28.021,-153.46,-279.12,134.08,-279.12,134.08,-153.46,13.749,23.672,-2.1669,115.96,-18.637,20.407,47.939,-34.957,-52.639,-110.68,-52.639,-34.957,47.939,20.407,-18.637,115.96,-2.1669,23.672,13.749,-153.46,57.251,-153.46,-153.46,57.251,28.021,23.672,-18.187,53.457,43.517,4.2531,7.3996,24.537,-62.35,-26.108,-26.108,-62.35,24.537,7.3996,4.2531,43.517,53.457,-18.187,23.672,28.021,-30.111,28.021,13.749,28.021,-30.111,-102.55,-2.1669,53.457,22.814,-13.984,12.788,-63.441,-37.579,14.796,11.674,14.796,-37.579,-63.441,12.788,-13.984,22.814,53.457,-2.1669,-102.55,2.4763,-102.55,23.672,23.672,-102.55,2.4763,-22.644,115.96,43.517,-13.984,60.478,3.0278,-47.338,-43.972,63.542,63.542,-43.972,-47.338,3.0278,60.478,-13.984,43.517,115.96,-22.644,-12.525,-22.644,-2.1669,-18.187,-2.1669,-22.644,-12.525,1.3823,-18.637,4.2531,12.788,3.0278,1.2977,21.329,-7.3366,-10.643,-7.3366,21.329,1.2977,3.0278,12.788,4.2531,-18.637,1.3823,-18.592,1.3823,115.96,53.457,53.457,115.96,1.3823,-18.592,-5.6789,20.407,7.3996,-63.441,-47.338,21.329,7.6429,31.799,31.799,7.6429,21.329,-47.338,-63.441,7.3996,20.407,-5.6789,95.701,-5.6789,-18.637,43.517,22.814,43.517,-18.637,-5.6789,95.701,-68.677,47.939,24.537,-37.579,-43.972,-7.3366,31.799,68.8,31.799,-7.3366,-43.972,-37.579,24.537,47.939,-68.677,69.378,-68.677,20.407,4.2531,-13.984,-13.984,4.2531,20.407,-68.677,69.378,17.127,-34.957,-62.35,14.796,63.542,-10.643,31.799,31.799,-10.643,63.542,14.796,-62.35,-34.957,17.127,50.789,17.127,47.939,7.3996,12.788,60.478,12.788,7.3996,47.939,17.127,50.789,-90.245,-52.639,-26.108,11.674,63.542,-7.3366,7.6429,-7.3366,63.542,11.674,-26.108,-52.639,-90.245,87.609,-90.245,-34.957,24.537,-63.441,3.0278,3.0278,-63.441,24.537,-34.957,-90.245,87.609,-137.64,-110.68,-26.108,14.796,-43.972,21.329,21.329,-43.972,14.796,-26.108,-110.68,-137.64,172.76,-137.64,-52.639,-62.35,-37.579,-47.338,1.2977,-47.338,-37.579,-62.35,-52.639,-137.64,172.76,-137.64,-52.639,-62.35,-37.579,-47.338,1.2977,-47.338,-37.579,-62.35,-52.639,-137.64,87.609,-137.64,-110.68,-26.108,14.796,-43.972,21.329,21.329,-43.972,14.796,-26.108,-110.68,-137.64,87.609,-90.245,-34.957,24.537,-63.441,3.0278,3.0278,-63.441,24.537,-34.957,-90.245,50.789,-90.245,-52.639,-26.108,11.674,63.542,-7.3366,7.6429,-7.3366,63.542,11.674,-26.108,-52.639,-90.245,50.789,17.127,47.939,7.3996,12.788,60.478,12.788,7.3996,47.939,17.127,69.378,17.127,-34.957,-62.35,14.796,63.542,-10.643,31.799,31.799,-10.643,63.542,14.796,-62.35,-34.957,17.127,69.378,-68.677,20.407,4.2531,-13.984,-13.984,4.2531,20.407,-68.677,95.701,-68.677,47.939,24.537,-37.579,-43.972,-7.3366,31.799,68.8,31.799,-7.3366,-43.972,-37.579,24.537,47.939,-68.677,95.701,-5.6789,-18.637,43.517,22.814,43.517,-18.637,-5.6789,-18.592,-5.6789,20.407,7.3996,-63.441,-47.338,21.329,7.6429,31.799,31.799,7.6429,21.329,-47.338,-63.441,7.3996,20.407,-5.6789,-18.592,1.3823,115.96,53.457,53.457,115.96,1.3823,-12.525,1.3823,-18.637,4.2531,12.788,3.0278,1.2977,21.329,-7.3366,-10.643,-7.3366,21.329,1.2977,3.0278,12.788,4.2531,-18.637,1.3823,-12.525,-22.644,-2.1669,-18.187,-2.1669,-22.644,2.4763,-22.644,115.96,43.517,-13.984,60.478,3.0278,-47.338,-43.972,63.542,63.542,-43.972,-47.338,3.0278,60.478,-13.984,43.517,115.96,-22.644,2.4763,-102.55,23.672,23.672,-102.55,-30.111,-102.55,-2.1669,53.457,22.814,-13.984,12.788,-63.441,-37.579,14.796,11.674,14.796,-37.579,-63.441,12.788,-13.984,22.814,53.457,-2.1669,-102.55,-30.111,28.021,13.749,28.021,57.251,28.021,23.672,-18.187,53.457,43.517,4.2531,7.3996,24.537,-62.35,-26.108,-26.108,-62.35,24.537,7.3996,4.2531,43.517,53.457,-18.187,23.672,28.021,57.251,-153.46,-153.46,134.08,-153.46,13.749,23.672,-2.1669,115.96,-18.637,20.407,47.939,-34.957,-52.639,-110.68,-52.639,-34.957,47.939,20.407,-18.637,115.96,-2.1669,23.672,13.749,-153.46,134.08,-279.12,126.23,-279.12,-153.46,28.021,-102.55,-22.644,1.3823,-5.6789,-68.677,17.127,-90.245,-137.64,-137.64,-90.245,17.127,-68.677,-5.6789,1.3823,-22.644,-102.55,28.021,-153.46,-279.12,126.23
0,6.3068e-16,-1.1822e-15,-1.475e-15,3.0196e-16,5.6783e-16,3.5256e-16,3.7126e-15,6.6081e-16,-5.9181e-16,2.3802e-15,5.7369e-16,0,-5.7369e-16,-2.3802e-15,5.9181e-16,-6.6081e-16,-3.7126e-15,-3.5256e-16,-5.6783e-16,-3.0196e-16,1.475e-15,1.1822e-15,-6.3068e-16,-6.3068e-16,0,-89.634,-106.27,2.0829,0.19531,14.991,32.471,72.799,61.797,75.185,-115.42,-84.525,-84.525,-115.42,75.185,61.797,72.799,32.471,14.991,0.19531,2.0829,-106.27,-89.634,1.1822e-15,89.634,0,-106.27,10.433,29.621,20.393,72.758,-5.8394,134.7,91.567,103.29,-100.29,-175.86,-100.29,103.29,91.567,134.7,-5.8394,72.758,20.393,29.621,10.433,-106.27,1.475e-15,106.27,106.27,0,2.0829,29.621,2.3963,-20.22,-18.292,-5.364,-40.048,84.601,62.767,-93.832,-93.832,62.767,84.601,-40.048,-5.364,-18.292,-20.22,2.3963,29.621,2.0829,-3.0196e-16,-2.0829,-10.433,-2.0829,0,0.19531,20.393,-20.22,6.9396,23.796,-3.6693,43.678,-13.431,-65.162,-12.158,-65.162,-13.431,43.678,-3.6693,23.796,6.9396,-20.22,20.393,0.19531,-5.6783e-16,-0.19531,-29.621,-29.621,-0.19531,0,14.991,72.758,-18.292,23.796,-69.389,23.93,49.283,-45.901,-25.986,-25.986,-45.901,49.283,23.93,-69.389,23.796,-18.292,72.758,14.991,-3.5256e-16,-14.991,-20.393,-2.3963,-20.393,-14.991,0,32.471,-5.8394,-5.364,-3.6693,23.93,0.22082,-26.214,-1.0496,0.12557,-1.0496,-26.214,0.22082,23.93,-3.6693,-5.364,-5.8394,32.471,-3.7126e-15,-32.471,-72.758,20.22,20.22,-72.758,-32.471,0,72.799,134.7,-40.048,43.678,49.283,-26.214,22.493,-32.414,-32.414,22.493,-26.214,49.283,43.678,-40.048,134.7,72.799,-6.6081e-16,-72.799,5.8394,18.292,-6.9396,18.292,5.8394,-72.799,0,61.797,91.567,84.601,-13.431,-45.901,-1.0496,-32.414,-21.051,-32.414,-1.0496,-45.901,-13.431,84.601,91.567,61.797,5.9181e-16,-61.797,-134.7,5.364,-23.796,-23.796,5.364,-134.7,-61.797,0,75.185,103.29,62.767,-65.162,-25.986,0.12557,-32.414,-32.414,0.12557,-25.986,-65.162,62.767,103.29,75.185,-2.3802e-15,-75.185,-91.567,40.048,3.6693,69.389,3.6693,40.048,-91.567,-75.185,0,-115.42,-100.29,-93.832,-12.158,-25.986,-1.0496,22.493,-1.0496,-25.986,-12.158,-93.832,-100.29,-115.42,-5.7369e-16,115.42,-103.29,-84.601,-43.678,-23.93,-23.93,-43.678,-84.601,-103.29,115.42,0,-84.525,-175.86,-93.832,-65.162,-45.901,-26.214,-26.214,-45.901,-65.162,-93.832,-175.86,-84.525,0,84.525,100.29,-62.767,13.431,-49.283,-0.22082,-49.283,13.431,-62.767,100.29,84.525,0,-84.525,-100.29,62.767,-13.431,49.283,0.22082,49.283,-13.431,62.767,-100.29,-84.525,5.7369e-16,84.525,175.86,93.832,65.162,45.901,26.214,26.214,45.901,65.162,93.832,175.86,84.525,0,-115.42,103.29,84.601,43.678,23.93,23.93,43.678,84.601,103.29,-115.42,2.3802e-15,115.42,100.29,93.832,12.158,25.986,1.0496,-22.493,1.0496,25.986,12.158,93.832,100.29,115.42,0,75.185,91.567,-40.048,-3.6693,-69.389,-3.6693,-40.048,91.567,75.185,-5.9181e-16,-75.185,-103.29,-62.767,65.162,25.986,-0.12557,32.414,32.414,-0.12557,25.986,65.162,-62.767,-103.29,-75.185,0,61.797,134.7,-5.364,23.796,23.796,-5.364,134.7,61.797,6.6081e-16,-61.797,-91.567,-84.601,13.431,45.901,1.0496,32.414,21.051,32.414,1.0496,45.901,13.431,-84.601,-91.567,-61.797,0,72.799,-5.8394,-18.292,6.9396,-18.292,-5.8394,72.799,3.7126e-15,-72.799,-134.7,40.048,-43.678,-49.283,26.214,-22.493,32.414,32.414,-22.493,26.214,-49.283,-43.678,40.048,-134.7,-72.799,0,32.471,72.758,-20.22,-20.22,72.758,32.471,3.5256e-16,-32.471,5.8394,5.364,3.6693,-23.93,-0.22082,26.214,1.0496,-0.12557,1.0496,26.214,-0.22082,-23.93,3.6693,5.364,5.8394,-32.471,0,14.991,20.393,2.3963,20.393,14.991,5.6783e-16,-14.991,-72.758,18.292,-23.796,69.389,-23.93,-49.283,45.901,25.986,25.986,45.901,-49.283,-23.93,69.389,-23.796,18.292,-72.758,-14.991,0,0.19531,29.621,29.621,0.19531,3.0196e-16,-0.19531,-20.393,20.22,-6.9396,-23.796,3.6693,-43.678,13.431,65.162,12.158,65.162,13.431,-43.678,3.6693,-23.796,-6.9396,20.22,-20.393,-0.19531,0,2.0829,10.433,2.0829,-1.475e-15,-2.0829,-29.621,-2.3963,20.22,18.292,5.364,40.048,-84.601,-62.767,93.832,93.832,-62.767,-84.601,40.048,5.364,18.292,20.22,-2.3963,-29.621,-2.0829,0,-106.27,-106.27,-1.1822e-15,106.27,-10.433,-29.621,-20.393,-72.758,5.8394,-134.7,-91.567,-103.29,100.29,175.86,100.29,-103.29,-91.567,-134.7,5.8394,-72.758,-20.393,-29.621,-10.433,106.27,0,-89.634,6.3068e-16,89.634,106.27,-2.0829,-0.19531,-14.991,-32.471,-72.799,-61.797,-75.185,115.42,84.525,84.525,115.42,-75.185,-61.797,-72.799,-32.471,-14.991,-0.19531,-2.0829,106.27,89.634,0
