0.42558,-1.1348,52.334,9.0078,0.51552,24.545,-0.12833,40.287,8.336,7.1486,-2.8514,-1.131,8.4454,-1.131,-2.8514,7.1486,8.336,40.287,-0.12833,24.545,0.51552,9.0078,52.334,-1.1348,-1.1348,-1.1348,-48.996,169.88,-6.526,-38.501,-23.784,40.556,-101.29,-76.723,-15.417,21.009,4.5883,4.5883,21.009,-15.417,-76.723,-101.29,40.556,-23.784,-38.501,-6.526,169.88,-48.996,52.334,-48.996,52.334,169.88,-43.481,-148.66,-31.881,348.16,44.091,-291.33,5.1195,-21.998,-11.496,7.1829,-11.496,-21.998,5.1195,-291.33,44.091,348.16,-31.881,-148.66,-43.481,169.88,9.0078,169.88,169.88,9.0078,-6.526,-148.66,16.304,-22.891,-61.263,-4.3615,-23.063,-9.1651,-17.231,15.075,15.075,-17.231,-9.1651,-23.063,-4.3615,-61.263,-22.891,16.304,-148.66,-6.526,0.51552,-6.526,-43.481,-6.526,0.51552,-38.501,-31.881,-22.891,29.428,19.223,9.8224,-3.4006,-31.038,30.261,17.94,30.261,-31.038,-3.4006,9.8224,19.223,29.428,-22.891,-31.881,-38.501,24.545,-38.501,-148.66,-148.66,-38.501,24.545,-23.784,348.16,-61.263,19.223,31.368,-3.9612,-114.13,-8.7329,-22.381,-22.381,-8.7329,-114.13,-3.9612,31.368,19.223,-61.263,348.16,-23.784,-0.12833,-23.784,-31.881,16.304,-31.881,-23.784,-0.12833,40.556,44.091,-4.3615,9.8224,-3.9612,3.9815,-4.0653,5.1129,12.178,5.1129,-4.0653,3.9815,-3.9612,9.8224,-4.3615,44.091,40.556,40.287,40.556,348.16,-22.891,-22.891,348.16,40.556,40.287,-101.29,-291.33,-23.063,-3.4006,-114.13,-4.0653,0.62912,116.38,116.38,0.62912,-4.0653,-114.13,-3.4006,-23.063,-291.33,-101.29,8.336,-101.29,44.091,-61.263,29.428,-61.263,44.091,-101.29,8.336,-76.723,5.1195,-9.1651,-31.038,-8.7329,5.1129,116.38,38.273,116.38,5.1129,-8.7329,-31.038,-9.1651,5.1195,-76.723,7.1486,-76.723,-291.33,-4.3615,19.223,19.223,-4.3615,-291.33,-76.723,7.1486,-15.417,-21.998,-17.231,30.261,-22.381,12.178,116.38,116.38,12.178,-22.381,30.261,-17.231,-21.998,-15.417,-2.8514,-15.417,5.1195,-23.063,9.8224,31.368,9.8224,-23.063,5.1195,-15.417,-2.8514,21.009,-11.496,15.075,17.94,-22.381,5.1129,0.62912,5.1129,-22.381,17.94,15.075,-11.496,21.009,-1.131,21.009,-21.998,-9.1651,-3.4006,-3.9612,-3.9612,-3.4006,-9.1651,-21.998,21.009,-1.131,4.5883,7.1829,15.075,30.261,-8.7329,-4.0653,-4.0653,-8.7329,30.261,15.075,7.1829,4.5883,8.4454,4.5883,-11.496,-17.231,-31.038,-114.13,3.9815,-114.13,-31.038,-17.231,-11.496,4.5883,8.4454,4.5883,-11.496,-17.231,-31.038,-114.13,3.9815,-114.13,-31.038,-17.231,-11.496,4.5883,-1.131,4.5883,7.1829,15.075,30.261,-8.7329,-4.0653,-4.0653,-8.7329,30.261,15.075,7.1829,4.5883,-1.131,21.009,-21.998,-9.1651,-3.4006,-3.9612,-3.9612,-3.4006,-9.1651,-21.998,21.009,-2.8514,21.009,-11.496,15.075,17.94,-22.381,5.1129,0.62912,5.1129,-22.381,17.94,15.075,-11.496,21.009,-2.8514,-15.417,5.1195,-23.063,9.8224,31.368,9.8224,-23.063,5.1195,-15.417,7.1486,-15.417,-21.998,-17.231,30.261,-22.381,12.178,116.38,116.38,12.178,-22.381,30.261,-17.231,-21.998,-15.417,7.1486,-76.723,-291.33,-4.3615,19.223,19.223,-4.3615,-291.33,-76.723,8.336,-76.723,5.1195,-9.1651,-31.038,-8.7329,5.1129,116.38,38.273,116.38,5.1129,-8.7329,-31.038,-9.1651,5.1195,-76.723,8.336,-101.29,44.091,-61.263,29.428,-61.263,44.091,-101.29,40.287,-101.29,-291.33,-23.063,-3.4006,-114.13,-4.0653,0.62912,116.38,116.38,0.62912,-4.0653,-114.13,-3.4006,-23.063,-291.33,-101.29,40.287,40.556,348.16,-22.891,-22.891,348.16,40.556,-0.12833,40.556,44.091,-4.3615,9.8224,-3.9612,3.9815,-4.0653,5.1129,12.178,5.1129,-4.0653,3.9815,-3.9612,9.8224,-4.3615,44.091,40.556,-0.12833,-23.784,-31.881,16.304,-31.881,-23.784,24.545,-23.784,348.16,-61.263,19.223,31.368,-3.9612,-114.13,-8.7329,-22.381,-22.381,-8.7329,-114.13,-3.9612,31.368,19.223,-61.263,348.16,-23.784,24.545,-38.501,-148.66,-148.66,-38.501,0.51552,-38.501,-31.881,-22.891,29.428,19.223,9.8224,-3.4006,-31.038,30.261,17.94,30.261,-31.038,-3.4006,9.8224,19.223,29.428,-22.891,-31.881,-38.501,0.51552,-6.526,-43.481,-6.526,9.0078,-6.526,-148.66,16.304,-22.891,-61.263,-4.3615,-23.063,-9.1651,-17.231,15.075,15.075,-17.231,-9.1651,-23.063,-4.3615,-61.263,-22.891,16.304,-148.66,-6.526,9.0078,169.88,169.88,52.334,169.88,-43.481,-148.66,-31.881,348.16,44.091,-291.33,5.1195,-21.998,-11.496,7.1829,-11.496,-21.998,5.1195,-291.33,44.091,348.16,-31.881,-148.66,-43.481,169.88,52.334,-48.996,-1.1348,-48.996,169.88,-6.526,-38.501,-23.784,40.556,-101.29,-76.723,-15.417,21.009,4.5883,4.5883,21.009,-15.417,-76.723,-101.29,40.556,-23.784,-38.501,-6.526,169.88,-48.996,-1.1348
0,-2.1829e-16,-8.6499e-16,3.5003e-17,7.4838e-17,4.4933e-16,-9.6789e-18,3.0626e-16,2.9966e-16,-3.0106e-16,0,1.8153e-18,0,-1.8153e-18,0,3.0106e-16,-2.9966e-16,-3.0626e-16,9.6789e-18,-4.4933e-16,-7.4838e-17,-3.5003e-17,8.6499e-16,2.1829e-16,2.1829e-16,0,-4.0073,1.8964,-105.18,99.981,26.327,-5.507,43.539,-74.219,-89.629,-25.361,-0.40069,-0.40069,-25.361,-89.629,-74.219,43.539,-5.507,26.327,99.981,-105.18,1.8964,-4.0073,8.6499e-16,4.0073,0,1.8964,168.49,-97.118,34.86,-34.63,-17.104,74.442,26.036,7.7765,-25.591,0.98431,-25.591,7.7765,26.036,74.442,-17.104,-34.63,34.86,-97.118,168.49,1.8964,-3.5003e-17,-1.8964,-1.8964,0,-105.18,-97.118,18.625,75.357,60.919,-11.929,-10.385,-2.8832,-81.209,4.6154,4.6154,-81.209,-2.8832,-10.385,-11.929,60.919,75.357,18.625,-97.118,-105.18,-7.4838e-17,105.18,-168.49,105.18,0,99.981,34.86,75.357,-18.033,112.69,-21.358,4.18,-7.2166,-1.023,26.255,-1.023,-7.2166,4.18,-21.358,112.69,-18.033,75.357,34.86,99.981,-4.4933e-16,-99.981,97.118,97.118,-99.981,0,26.327,-34.63,60.919,112.69,-25.11,3.4681,-79.432,-8.6738,-55.285,-55.285,-8.6738,-79.432,3.4681,-25.11,112.69,60.919,-34.63,26.327,9.6789e-18,-26.327,-34.86,-18.625,-34.86,-26.327,0,-5.507,-17.104,-11.929,-21.358,3.4681,7.3674,-4.4927,4.4461,73.795,4.4461,-4.4927,7.3674,3.4681,-21.358,-11.929,-17.104,-5.507,-3.0626e-16,5.507,34.63,-75.357,-75.357,34.63,5.507,0,43.539,74.442,-10.385,4.18,-79.432,-4.4927,47.491,-51.382,-51.382,47.491,-4.4927,-79.432,4.18,-10.385,74.442,43.539,-2.9966e-16,-43.539,17.104,-60.919,18.033,-60.919,17.104,-43.539,0,-74.219,26.036,-2.8832,-7.2166,-8.6738,4.4461,-51.382,1.11,-51.382,4.4461,-8.6738,-7.2166,-2.8832,26.036,-74.219,3.0106e-16,74.219,-74.442,11.929,-112.69,-112.69,11.929,-74.442,74.219,0,-89.629,7.7765,-81.209,-1.023,-55.285,73.795,-51.382,-51.382,73.795,-55.285,-1.023,-81.209,7.7765,-89.629,0,89.629,-26.036,10.385,21.358,25.11,21.358,10.385,-26.036,89.629,0,-25.361,-25.591,4.6154,26.255,-55.285,4.4461,47.491,4.4461,-55.285,26.255,4.6154,-25.591,-25.361,-1.8153e-18,25.361,-7.7765,2.8832,-4.18,-3.4681,-3.4681,-4.18,2.8832,-7.7765,25.361,0,-0.40069,0.98431,4.6154,-1.023,-8.6738,-4.4927,-4.4927,-8.6738,-1.023,4.6154,0.98431,-0.40069,0,0.40069,25.591,81.209,7.2166,79.432,-7.3674,79.432,7.2166,81.209,25.591,0.40069,0,-0.40069,-25.591,-81.209,-7.2166,-79.432,7.3674,-79.432,-7.2166,-81.209,-25.591,-0.40069,1.8153e-18,0.40069,-0.98431,-4.6154,1.023,8.6738,4.4927,4.4927,8.6738,1.023,-4.6154,-0.98431,0.40069,0,-25.361,7.7765,-2.8832,4.18,3.4681,3.4681,4.18,-2.8832,7.7765,-25.361,0,25.361,25.591,-4.6154,-26.255,55.285,-4.4461,-47.491,-4.4461,55.285,-26.255,-4.6154,25.591,25.361,0,-89.629,26.036,-10.385,-21.358,-25.11,-21.358,-10.385,26.036,-89.629,-3.0106e-16,89.629,-7.7765,81.209,1.023,55.285,-73.795,51.382,51.382,-73.795,55.285,1.023,81.209,-7.7765,89.629,0,-74.219,74.442,-11.929,112.69,112.69,-11.929,74.442,-74.219,2.9966e-16,74.219,-26.036,2.8832,7.2166,8.6738,-4.4461,51.382,-1.11,51.382,-4.4461,8.6738,7.2166,2.8832,-26.036,74.219,0,43.539,-17.104,60.919,-18.033,60.919,-17.104,43.539,3.0626e-16,-43.539,-74.442,10.385,-4.18,79.432,4.4927,-47.491,51.382,51.382,-47.491,4.4927,79.432,-4.18,10.385,-74.442,-43.539,0,-5.507,-34.63,75.357,75.357,-34.63,-5.507,-9.6789e-18,5.507,17.104,11.929,21.358,-3.4681,-7.3674,4.4927,-4.4461,-73.795,-4.4461,4.4927,-7.3674,-3.4681,21.358,11.929,17.104,5.507,0,26.327,34.86,18.625,34.86,26.327,4.4933e-16,-26.327,34.63,-60.919,-112.69,25.11,-3.4681,79.432,8.6738,55.285,55.285,8.6738,79.432,-3.4681,25.11,-112.69,-60.919,34.63,-26.327,0,99.981,-97.118,-97.118,99.981,7.4838e-17,-99.981,-34.86,-75.357,18.033,-112.69,21.358,-4.18,7.2166,1.023,-26.255,1.023,7.2166,-4.18,21.358,-112.69,18.033,-75.357,-34.86,-99.981,0,-105.18,168.49,-105.18,3.5003e-17,105.18,97.118,-18.625,-75.357,-60.919,11.929,10.385,2.8832,81.209,-4.6154,-4.6154,81.209,2.8832,10.385,11.929,-60.919,-75.357,-18.625,97.118,105.18,0,1.8964,1.8964,-8.6499e-16,-1.8964,-168.49,97.118,-34.86,34.63,17.104,-74.442,-26.036,-7.7765,25.591,-0.98431,25.591,-7.7765,-26.036,-74.442,17.104,34.63,-34.86,97.118,-168.49,-1.8964,0,-4.0073,-2.1829e-16,4.0073,-1.8964,105.18,-99.981,-26.327,5.507,-43.539,74.219,89.629,25.361,0.40069,0.40069,25.361,89.629,74.219,-43.539,5.507,-26.327,-99.981,105.18,-1.8964,4.0073,0
