22.647,-14.438,28.999,24.278,132.38,10.201,-7.879,33.101,147.08,35.63,-29.792,-66.556,-25.356,-66.556,-29.792,35.63,147.08,33.101,-7.879,10.201,132.38,24.278,28.999,-14.438,-14.438,-14.438,234.4,38.89,52.429,51.201,16.871,-5.8584,-1.6841,-101.55,-7.954,-72.203,-102.72,-102.72,-72.203,-7.954,-101.55,-1.6841,-5.8584,16.871,51.201,52.429,38.89,234.4,28.999,234.4,28.999,38.89,104.05,-20.197,-18.374,22.914,-3.1948,10.208,9.1526,-61.279,63.318,142.07,63.318,-61.279,9.1526,10.208,-3.1948,22.914,-18.374,-20.197,104.05,38.89,24.278,38.89,38.89,24.278,52.429,-20.197,-0.41334,-45.191,-62.599,5.3129,9.767,19.237,-6.8306,26.615,26.615,-6.8306,19.237,9.767,5.3129,-62.599,-45.191,-0.41334,-20.197,52.429,132.38,52.429,104.05,52.429,132.38,51.201,-18.374,-45.191,-301.72,58.655,-10.531,36.586,-31.848,37.339,-38.304,37.339,-31.848,36.586,-10.531,58.655,-301.72,-45.191,-18.374,51.201,10.201,51.201,-20.197,-20.197,51.201,10.201,16.871,22.914,-62.599,58.655,-16.091,30.987,6.1031,-31.354,32.368,32.368,-31.354,6.1031,30.987,-16.091,58.655,-62.599,22.914,16.871,-7.879,16.871,-18.374,-0.41334,-18.374,16.871,-7.879,-5.8584,-3.1948,5.3129,-10.531,30.987,-8.3181,-6.346,-2.3396,0.27113,-2.3396,-6.346,-8.3181,30.987,-10.531,5.3129,-3.1948,-5.8584,33.101,-5.8584,22.914,-45.191,-45.191,22.914,-5.8584,33.101,-1.6841,10.208,9.767,36.586,6.1031,-6.346,-17.673,-69.68,-69.68,-17.673,-6.346,6.1031,36.586,9.767,10.208,-1.6841,147.08,-1.6841,-3.1948,-62.599,-301.72,-62.599,-3.1948,-1.6841,147.08,-101.55,9.1526,19.237,-31.848,-31.354,-2.3396,-69.68,200.47,-69.68,-2.3396,-31.354,-31.848,19.237,9.1526,-101.55,35.63,-101.55,10.208,5.3129,58.655,58.655,5.3129,10.208,-101.55,35.63,-7.954,-61.279,-6.8306,37.339,32.368,0.27113,-69.68,-69.68,0.27113,32.368,37.339,-6.8306,-61.279,-7.954,-29.792,-7.954,9.1526,9.767,-10.531,-16.091,-10.531,9.767,9.1526,-7.954,-29.792,-72.203,63.318,26.615,-38.304,32.368,-2.3396,-17.673,-2.3396,32.368,-38.304,26.615,63.318,-72.203,-66.556,-72.203,-61.279,19.237,36.586,30.987,30.987,36.586,19.237,-61.279,-72.203,-66.556,-102.72,142.07,26.615,37.339,-31.354,-6.346,-6.346,-31.354,37.339,26.615,142.07,-102.72,-25.356,-102.72,63.318,-6.8306,-31.848,6.1031,-8.3181,6.1031,-31.848,-6.8306,63.318,-102.72,-25.356,-102.72,63.318,-6.8306,-31.848,6.1031,-8.3181,6.1031,-31.848,-6.8306,63.318,-102.72,-66.556,-102.72,142.07,26.615,37.339,-31.354,-6.346,-6.346,-31.354,37.339,26.615,142.07,-102.72,-66.556,-72.203,-61.279,19.237,36.586,30.987,30.987,36.586,19.237,-61.279,-72.203,-29.792,-72.203,63.318,26.615,-38.304,32.368,-2.3396,-17.673,-2.3396,32.368,-38.304,26.615,63.318,-72.203,-29.792,-7.954,9.1526,9.767,-10.531,-16.091,-10.531,9.767,9.1526,-7.954,35.63,-7.954,-61.279,-6.8306,37.339,32.368,0.27113,-69.68,-69.68,0.27113,32.368,37.339,-6.8306,-61.279,-7.954,35.63,-101.55,10.208,5.3129,58.655,58.655,5.3129,10.208,-101.55,147.08,-101.55,9.1526,19.237,-31.848,-31.354,-2.3396,-69.68,200.47,-69.68,-2.3396,-31.354,-31.848,19.237,9.1526,-101.55,147.08,-1.6841,-3.1948,-62.599,-301.72,-62.599,-3.1948,-1.6841,33.101,-1.6841,10.208,9.767,36.586,6.1031,-6.346,-17.673,-69.68,-69.68,-17.673,-6.346,6.1031,36.586,9.767,10.208,-1.6841,33.101,-5.8584,22.914,-45.191,-45.191,22.914,-5.8584,-7.879,-5.8584,-3.1948,5.3129,-10.531,30.987,-8.3181,-6.346,-2.3396,0.27113,-2.3396,-6.346,-8.3181,30.987,-10.531,5.3129,-3.1948,-5.8584,-7.879,16.871,-18.374,-0.41334,-18.374,16.871,10.201,16.871,22.914,-62.599,58.655,-16.091,30.987,6.1031,-31.354,32.368,32.368,-31.354,6.1031,30.987,-16.091,58.655,-62.599,22.914,16.871,10.201,51.201,-20.197,-20.197,51.201,132.38,51.201,-18.374,-45.191,-301.72,58.655,-10.531,36.586,-31.848,37.339,-38.304,37.339,-31.848,36.586,-10.531,58.655,-301.72,-45.191,-18.374,51.201,132.38,52.429,104.05,52.429,24.278,52.429,-20.197,-0.41334,-45.191,-62.599,5.3129,9.767,19.237,-6.8306,26.615,26.615,-6.8306,19.237,9.767,5.3129,-62.599,-45.191,-0.41334,-20.197,52.429,24.278,38.89,38.89,28.999,38.89,104.05,-20.197,-18.374,22.914,-3.1948,10.208,9.1526,-61.279,63.318,142.07,63.318,-61.279,9.1526,10.208,-3.1948,22.914,-18.374,-20.197,104.05,38.89,28.999,234.4,-14.438,234.4,38.89,52.429,51.201,16.871,-5.8584,-1.6841,-101.55,-7.954,-72.203,-102.72,-102.72,-72.203,-7.954,-101.55,-1.6841,-5.8584,16.871,51.201,52.429,38.89,234.4,-14.438
0,6.0218e-16,-1.1936e-15,0,5.8441e-15,2.9313e-16,7.6842e-17,1.7433e-17,-3.6859e-17,0,1.1895e-15,-3.5003e-17,0,3.5003e-17,-1.1895e-15,0,3.6859e-17,-1.7433e-17,-7.6842e-17,-2.9313e-16,-5.8441e-15,0,1.1936e-15,-6.0218e-16,-6.0218e-16,0,18.827,-36.113,76.38,143.41,29.526,3.4273,95.005,-45.931,-25.705,-76.193,-4.0164,-4.0164,-76.193,-25.705,-45.931,95.005,3.4273,29.526,143.41,76.38,-36.113,18.827,1.1936e-15,-18.827,0,-36.113,41.549,61.526,19.784,36.319,-5.4499,-58.341,-48.001,60.051,42.238,-11.827,42.238,60.051,-48.001,-58.341,-5.4499,36.319,19.784,61.526,41.549,-36.113,0,36.113,36.113,0,76.38,61.526,-1.0525,43.217,22.042,-2.7219,13.691,-13.617,28.724,-4.8062,-4.8062,28.724,-13.617,13.691,-2.7219,22.042,43.217,-1.0525,61.526,76.38,-5.8441e-15,-76.38,-41.549,-76.38,0,143.41,19.784,43.217,85.131,-69.262,-15.523,-11.256,-72.306,-29.974,-42.781,-29.974,-72.306,-11.256,-15.523,-69.262,85.131,43.217,19.784,143.41,-2.9313e-16,-143.41,-61.526,-61.526,-143.41,0,29.526,36.319,22.042,-69.262,-29.312,10.334,-15.843,40.707,10.199,10.199,40.707,-15.843,10.334,-29.312,-69.262,22.042,36.319,29.526,-7.6842e-17,-29.526,-19.784,1.0525,-19.784,-29.526,0,3.4273,-5.4499,-2.7219,-15.523,10.334,8.5228,3.5811,-6.6004,-6.547,-6.6004,3.5811,8.5228,10.334,-15.523,-2.7219,-5.4499,3.4273,-1.7433e-17,-3.4273,-36.319,-43.217,-43.217,-36.319,-3.4273,0,95.005,-58.341,13.691,-11.256,-15.843,3.5811,0.76082,-35.164,-35.164,0.76082,3.5811,-15.843,-11.256,13.691,-58.341,95.005,3.6859e-17,-95.005,5.4499,-22.042,-85.131,-22.042,5.4499,-95.005,0,-45.931,-48.001,-13.617,-72.306,40.707,-6.6004,-35.164,-213,-35.164,-6.6004,40.707,-72.306,-13.617,-48.001,-45.931,0,45.931,58.341,2.7219,69.262,69.262,2.7219,58.341,45.931,0,-25.705,60.051,28.724,-29.974,10.199,-6.547,-35.164,-35.164,-6.547,10.199,-29.974,28.724,60.051,-25.705,-1.1895e-15,25.705,48.001,-13.691,15.523,29.312,15.523,-13.691,48.001,25.705,0,-76.193,42.238,-4.8062,-42.781,10.199,-6.6004,0.76082,-6.6004,10.199,-42.781,-4.8062,42.238,-76.193,3.5003e-17,76.193,-60.051,13.617,11.256,-10.334,-10.334,11.256,13.617,-60.051,76.193,0,-4.0164,-11.827,-4.8062,-29.974,40.707,3.5811,3.5811,40.707,-29.974,-4.8062,-11.827,-4.0164,0,4.0164,-42.238,-28.724,72.306,15.843,-8.5228,15.843,72.306,-28.724,-42.238,4.0164,0,-4.0164,42.238,28.724,-72.306,-15.843,8.5228,-15.843,-72.306,28.724,42.238,-4.0164,-3.5003e-17,4.0164,11.827,4.8062,29.974,-40.707,-3.5811,-3.5811,-40.707,29.974,4.8062,11.827,4.0164,0,-76.193,60.051,-13.617,-11.256,10.334,10.334,-11.256,-13.617,60.051,-76.193,1.1895e-15,76.193,-42.238,4.8062,42.781,-10.199,6.6004,-0.76082,6.6004,-10.199,42.781,4.8062,-42.238,76.193,0,-25.705,-48.001,13.691,-15.523,-29.312,-15.523,13.691,-48.001,-25.705,0,25.705,-60.051,-28.724,29.974,-10.199,6.547,35.164,35.164,6.547,-10.199,29.974,-28.724,-60.051,25.705,0,-45.931,-58.341,-2.7219,-69.262,-69.262,-2.7219,-58.341,-45.931,-3.6859e-17,45.931,48.001,13.617,72.306,-40.707,6.6004,35.164,213,35.164,6.6004,-40.707,72.306,13.617,48.001,45.931,0,95.005,-5.4499,22.042,85.131,22.042,-5.4499,95.005,1.7433e-17,-95.005,58.341,-13.691,11.256,15.843,-3.5811,-0.76082,35.164,35.164,-0.76082,-3.5811,15.843,11.256,-13.691,58.341,-95.005,0,3.4273,36.319,43.217,43.217,36.319,3.4273,7.6842e-17,-3.4273,5.4499,2.7219,15.523,-10.334,-8.5228,-3.5811,6.6004,6.547,6.6004,-3.5811,-8.5228,-10.334,15.523,2.7219,5.4499,-3.4273,0,29.526,19.784,-1.0525,19.784,29.526,2.9313e-16,-29.526,-36.319,-22.042,69.262,29.312,-10.334,15.843,-40.707,-10.199,-10.199,-40.707,15.843,-10.334,29.312,69.262,-22.042,-36.319,-29.526,0,143.41,61.526,61.526,143.41,5.8441e-15,-143.41,-19.784,-43.217,-85.131,69.262,15.523,11.256,72.306,29.974,42.781,29.974,72.306,11.256,15.523,69.262,-85.131,-43.217,-19.784,-143.41,0,76.38,41.549,76.38,0,-76.38,-61.526,1.0525,-43.217,-22.042,2.7219,-13.691,13.617,-28.724,4.8062,4.8062,-28.724,13.617,-13.691,2.7219,-22.042,-43.217,1.0525,-61.526,-76.38,0,-36.113,-36.113,-1.1936e-15,36.113,-41.549,-61.526,-19.784,-36.319,5.4499,58.341,48.001,-60.051,-42.238,11.827,-42.238,-60.051,48.001,58.341,5.4499,-36.319,-19.784,-61.526,-41.549,36.113,0,18.827,6.0218e-16,-18.827,36.113,-76.38,-143.41,-29.526,-3.4273,-95.005,45.931,25.705,76.193,4.0164,4.0164,76.193,25.705,45.931,-95.005,-3.4273,-29.526,-143.41,-76.38,36.113,-18.827,0
