-21.55,0.17788,8.1797,-29.683,-22.745,20.161,-2.4824,-14.912,-37.278,-25.182,-19.458,-22.817,-31.536,-22.817,-19.458,-25.182,-37.278,-14.912,-2.4824,20.161,-22.745,-29.683,8.1797,0.17788,0.17788,0.17788,0.39839,-0.36652,-2.2833,-3.1969,-14.897,3.5861,0.48227,5.3396,-13.271,5.9451,1.9702,1.9702,5.9451,-13.271,5.3396,0.48227,3.5861,-14.897,-3.1969,-2.2833,-0.36652,0.39839,8.1797,0.39839,8.1797,-0.36652,-41.821,27.689,81.275,-37.754,24.949,50.685,-28.64,-81.87,6.2786,-60.631,6.2786,-81.87,-28.64,50.685,24.949,-37.754,81.275,27.689,-41.821,-0.36652,-29.683,-0.36652,-0.36652,-29.683,-2.2833,27.689,42.857,-13.947,-20.021,50.064,-45.666,7.9629,48.894,-31.97,-31.97,48.894,7.9629,-45.666,50.064,-20.021,-13.947,42.857,27.689,-2.2833,-22.745,-2.2833,-41.821,-2.2833,-22.745,-3.1969,81.275,-13.947,-59.363,120.22,21.404,-4.4675,26.212,-36.855,-41.805,-36.855,26.212,-4.4675,21.404,120.22,-59.363,-13.947,81.275,-3.1969,20.161,-3.1969,27.689,27.689,-3.1969,20.161,-14.897,-37.754,-20.021,120.22,119.13,-61.628,-13.986,57.667,107.5,107.5,57.667,-13.986,-61.628,119.13,120.22,-20.021,-37.754,-14.897,-2.4824,-14.897,81.275,42.857,81.275,-14.897,-2.4824,3.5861,24.949,50.064,21.404,-61.628,24.219,34.999,2.1952,33.752,2.1952,34.999,24.219,-61.628,21.404,50.064,24.949,3.5861,-14.912,3.5861,-37.754,-13.947,-13.947,-37.754,3.5861,-14.912,0.48227,50.685,-45.666,-4.4675,-13.986,34.999,-4.499,49.698,49.698,-4.499,34.999,-13.986,-4.4675,-45.666,50.685,0.48227,-37.278,0.48227,24.949,-20.021,-59.363,-20.021,24.949,0.48227,-37.278,5.3396,-28.64,7.9629,26.212,57.667,2.1952,49.698,44.594,49.698,2.1952,57.667,26.212,7.9629,-28.64,5.3396,-25.182,5.3396,50.685,50.064,120.22,120.22,50.064,50.685,5.3396,-25.182,-13.271,-81.87,48.894,-36.855,107.5,33.752,49.698,49.698,33.752,107.5,-36.855,48.894,-81.87,-13.271,-19.458,-13.271,-28.64,-45.666,21.404,119.13,21.404,-45.666,-28.64,-13.271,-19.458,5.9451,6.2786,-31.97,-41.805,107.5,2.1952,-4.499,2.1952,107.5,-41.805,-31.97,6.2786,5.9451,-22.817,5.9451,-81.87,7.9629,-4.4675,-61.628,-61.628,-4.4675,7.9629,-81.87,5.9451,-22.817,1.9702,-60.631,-31.97,-36.855,57.667,34.999,34.999,57.667,-36.855,-31.97,-60.631,1.9702,-31.536,1.9702,6.2786,48.894,26.212,-13.986,24.219,-13.986,26.212,48.894,6.2786,1.9702,-31.536,1.9702,6.2786,48.894,26.212,-13.986,24.219,-13.986,26.212,48.894,6.2786,1.9702,-22.817,1.9702,-60.631,-31.97,-36.855,57.667,34.999,34.999,57.667,-36.855,-31.97,-60.631,1.9702,-22.817,5.9451,-81.87,7.9629,-4.4675,-61.628,-61.628,-4.4675,7.9629,-81.87,5.9451,-19.458,5.9451,6.2786,-31.97,-41.805,107.5,2.1952,-4.499,2.1952,107.5,-41.805,-31.97,6.2786,5.9451,-19.458,-13.271,-28.64,-45.666,21.404,119.13,21.404,-45.666,-28.64,-13.271,-25.182,-13.271,-81.87,48.894,-36.855,107.5,33.752,49.698,49.698,33.752,107.5,-36.855,48.894,-81.87,-13.271,-25.182,5.3396,50.685,50.064,120.22,120.22,50.064,50.685,5.3396,-37.278,5.3396,-28.64,7.9629,26.212,57.667,2.1952,49.698,44.594,49.698,2.1952,57.667,26.212,7.9629,-28.64,5.3396,-37.278,0.48227,24.949,-20.021,-59.363,-20.021,24.949,0.48227,-14.912,0.48227,50.685,-45.666,-4.4675,-13.986,34.999,-4.499,49.698,49.698,-4.499,34.999,-13.986,-4.4675,-45.666,50.685,0.48227,-14.912,3.5861,-37.754,-13.947,-13.947,-37.754,3.5861,-2.4824,3.5861,24.949,50.064,21.404,-61.628,24.219,34.999,2.1952,33.752,2.1952,34.999,24.219,-61.628,21.404,50.064,24.949,3.5861,-2.4824,-14.897,81.275,42.857,81.275,-14.897,20.161,-14.897,-37.754,-20.021,120.22,119.13,-61.628,-13.986,57.667,107.5,107.5,57.667,-13.986,-61.628,119.13,120.22,-20.021,-37.754,-14.897,20.161,-3.1969,27.689,27.689,-3.1969,-22.745,-3.1969,81.275,-13.947,-59.363,120.22,21.404,-4.4675,26.212,-36.855,-41.805,-36.855,26.212,-4.4675,21.404,120.22,-59.363,-13.947,81.275,-3.1969,-22.745,-2.2833,-41.821,-2.2833,-29.683,-2.2833,27.689,42.857,-13.947,-20.021,50.064,-45.666,7.9629,48.894,-31.97,-31.97,48.894,7.9629,-45.666,50.064,-20.021,-13.947,42.857,27.689,-2.2833,-29.683,-0.36652,-0.36652,8.1797,-0.36652,-41.821,27.689,81.275,-37.754,24.949,50.685,-28.64,-81.87,6.2786,-60.631,6.2786,-81.87,-28.64,50.685,24.949,-37.754,81.275,27.689,-41.821,-0.36652,8.1797,0.39839,0.17788,0.39839,-0.36652,-2.2833,-3.1969,-14.897,3.5861,0.48227,5.3396,-13.271,5.9451,1.9702,1.9702,5.9451,-13.271,5.3396,0.48227,3.5861,-14.897,-3.1969,-2.2833,-0.36652,0.39839,0.17788
0,-4.6072e-18,-3.619e-16,-6.7113e-16,-3.7447e-16,6.4624e-17,-8.9205e-16,-1.3828e-16,5.9874e-16,-6.61e-16,2.2333e-16,3.2922e-16,0,-3.2922e-16,-2.2333e-16,6.61e-16,-5.9874e-16,1.3828e-16,8.9205e-16,-6.4624e-17,3.7447e-16,6.7113e-16,3.619e-16,4.6072e-18,4.6072e-18,0,1.0185,5.035,7.3292,-13.591,9.0418,6.8702,3.6784,5.3325,-6.639,7.7042,-1.7006,-1.7006,7.7042,-6.639,5.3325,3.6784,6.8702,9.0418,-13.591,7.3292,5.035,1.0185,3.619e-16,-1.0185,0,5.035,35.802,-44.663,-30.93,36.326,33.897,26.906,10.59,-26.205,-20.461,-3.5735,-20.461,-26.205,10.59,26.906,33.897,36.326,-30.93,-44.663,35.802,5.035,6.7113e-16,-5.035,-5.035,0,7.3292,-44.663,30.58,-8.7875,34.296,14.534,0.86145,57.862,56.452,-15.608,-15.608,56.452,57.862,0.86145,14.534,34.296,-8.7875,30.58,-44.663,7.3292,3.7447e-16,-7.3292,-35.802,-7.3292,0,-13.591,-30.93,-8.7875,-48.177,73.117,63.226,82.056,36.213,-46.06,82.882,-46.06,36.213,82.056,63.226,73.117,-48.177,-8.7875,-30.93,-13.591,-6.4624e-17,13.591,44.663,44.663,13.591,0,9.0418,36.326,34.296,73.117,-60.643,-111.6,25.089,17.339,73.935,73.935,17.339,25.089,-111.6,-60.643,73.117,34.296,36.326,9.0418,8.9205e-16,-9.0418,30.93,-30.58,30.93,-9.0418,0,6.8702,33.897,14.534,63.226,-111.6,54.681,-35.566,-78.492,211.69,-78.492,-35.566,54.681,-111.6,63.226,14.534,33.897,6.8702,1.3828e-16,-6.8702,-36.326,8.7875,8.7875,-36.326,-6.8702,0,3.6784,26.906,0.86145,82.056,25.089,-35.566,-43.236,11.791,11.791,-43.236,-35.566,25.089,82.056,0.86145,26.906,3.6784,-5.9874e-16,-3.6784,-33.897,-34.296,48.177,-34.296,-33.897,-3.6784,0,5.3325,10.59,57.862,36.213,17.339,-78.492,11.791,-34.872,11.791,-78.492,17.339,36.213,57.862,10.59,5.3325,6.61e-16,-5.3325,-26.906,-14.534,-73.117,-73.117,-14.534,-26.906,-5.3325,0,-6.639,-26.205,56.452,-46.06,73.935,211.69,11.791,11.791,211.69,73.935,-46.06,56.452,-26.205,-6.639,-2.2333e-16,6.639,-10.59,-0.86145,-63.226,60.643,-63.226,-0.86145,-10.59,6.639,0,7.7042,-20.461,-15.608,82.882,73.935,-78.492,-43.236,-78.492,73.935,82.882,-15.608,-20.461,7.7042,-3.2922e-16,-7.7042,26.205,-57.862,-82.056,111.6,111.6,-82.056,-57.862,26.205,-7.7042,0,-1.7006,-3.5735,-15.608,-46.06,17.339,-35.566,-35.566,17.339,-46.06,-15.608,-3.5735,-1.7006,0,1.7006,20.461,-56.452,-36.213,-25.089,-54.681,-25.089,-36.213,-56.452,20.461,1.7006,0,-1.7006,-20.461,56.452,36.213,25.089,54.681,25.089,36.213,56.452,-20.461,-1.7006,3.2922e-16,1.7006,3.5735,15.608,46.06,-17.339,35.566,35.566,-17.339,46.06,15.608,3.5735,1.7006,0,7.7042,-26.205,57.862,82.056,-111.6,-111.6,82.056,57.862,-26.205,7.7042,2.2333e-16,-7.7042,20.461,15.608,-82.882,-73.935,78.492,43.236,78.492,-73.935,-82.882,15.608,20.461,-7.7042,0,-6.639,10.59,0.86145,63.226,-60.643,63.226,0.86145,10.59,-6.639,-6.61e-16,6.639,26.205,-56.452,46.06,-73.935,-211.69,-11.791,-11.791,-211.69,-73.935,46.06,-56.452,26.205,6.639,0,5.3325,26.906,14.534,73.117,73.117,14.534,26.906,5.3325,5.9874e-16,-5.3325,-10.59,-57.862,-36.213,-17.339,78.492,-11.791,34.872,-11.791,78.492,-17.339,-36.213,-57.862,-10.59,-5.3325,0,3.6784,33.897,34.296,-48.177,34.296,33.897,3.6784,-1.3828e-16,-3.6784,-26.906,-0.86145,-82.056,-25.089,35.566,43.236,-11.791,-11.791,43.236,35.566,-25.089,-82.056,-0.86145,-26.906,-3.6784,0,6.8702,36.326,-8.7875,-8.7875,36.326,6.8702,-8.9205e-16,-6.8702,-33.897,-14.534,-63.226,111.6,-54.681,35.566,78.492,-211.69,78.492,35.566,-54.681,111.6,-63.226,-14.534,-33.897,-6.8702,0,9.0418,-30.93,30.58,-30.93,9.0418,6.4624e-17,-9.0418,-36.326,-34.296,-73.117,60.643,111.6,-25.089,-17.339,-73.935,-73.935,-17.339,-25.089,111.6,60.643,-73.117,-34.296,-36.326,-9.0418,0,-13.591,-44.663,-44.663,-13.591,-3.7447e-16,13.591,30.93,8.7875,48.177,-73.117,-63.226,-82.056,-36.213,46.06,-82.882,46.06,-36.213,-82.056,-63.226,-73.117,48.177,8.7875,30.93,13.591,0,7.3292,35.802,7.3292,-6.7113e-16,-7.3292,44.663,-30.58,8.7875,-34.296,-14.534,-0.86145,-57.862,-56.452,15.608,15.608,-56.452,-57.862,-0.86145,-14.534,-34.296,8.7875,-30.58,44.663,-7.3292,0,5.035,5.035,-3.619e-16,-5.035,-35.802,44.663,30.93,-36.326,-33.897,-26.906,-10.59,26.205,20.461,3.5735,20.461,26.205,-10.59,-26.906,-33.897,-36.326,30.93,44.663,-35.802,-5.035,0,1.0185,-4.6072e-18,-1.0185,-5.035,-7.3292,13.591,-9.0418,-6.8702,-3.6784,-5.3325,6.639,-7.7042,1.7006,1.7006,-7.7042,6.639,-5.3325,-3.6784,-6.8702,-9.0418,13.591,-7.3292,-5.035,-1.0185,0
