258,117.2,78.92,38.159,291.26,101.99,73.741,29.665,176.56,36.713,68.684,40.177,35.969,40.177,68.684,36.713,176.56,29.665,73.741,101.99,291.26,38.159,78.92,117.2,117.2,117.2,82.059,62.747,14.792,75.836,60.525,-10.208,-23.133,88.409,64.885,-27.978,0.60526,0.60526,-27.978,64.885,88.409,-23.133,-10.208,60.525,75.836,14.792,62.747,82.059,78.92,82.059,78.92,62.747,-23.177,97.223,70.194,-33.533,-11.447,38.09,49.149,3.323,-6.1204,-16.768,-6.1204,3.323,49.149,38.09,-11.447,-33.533,70.194,97.223,-23.177,62.747,38.159,62.747,62.747,38.159,14.792,97.223,36.289,-36.229,-99.956,-31.888,28.197,3.6577,-35.971,-18.261,-18.261,-35.971,3.6577,28.197,-31.888,-99.956,-36.229,36.289,97.223,14.792,291.26,14.792,-23.177,14.792,291.26,75.836,70.194,-36.229,84.475,-79.429,-10.516,26.726,2.1662,14.318,106.78,14.318,2.1662,26.726,-10.516,-79.429,84.475,-36.229,70.194,75.836,101.99,75.836,97.223,97.223,75.836,101.99,60.525,-33.533,-99.956,-79.429,-77.348,4.1841,0.9649,32.966,-47.327,-47.327,32.966,0.9649,4.1841,-77.348,-79.429,-99.956,-33.533,60.525,73.741,60.525,70.194,36.289,70.194,60.525,73.741,-10.208,-11.447,-31.888,-10.516,4.1841,-26.03,-17.922,-51.121,31.57,-51.121,-17.922,-26.03,4.1841,-10.516,-31.888,-11.447,-10.208,29.665,-10.208,-33.533,-36.229,-36.229,-33.533,-10.208,29.665,-23.133,38.09,28.197,26.726,0.9649,-17.922,-16.441,-25.612,-25.612,-16.441,-17.922,0.9649,26.726,28.197,38.09,-23.133,176.56,-23.133,-11.447,-99.956,84.475,-99.956,-11.447,-23.133,176.56,88.409,49.149,3.6577,2.1662,32.966,-51.121,-25.612,35.218,-25.612,-51.121,32.966,2.1662,3.6577,49.149,88.409,36.713,88.409,38.09,-31.888,-79.429,-79.429,-31.888,38.09,88.409,36.713,64.885,3.323,-35.971,14.318,-47.327,31.57,-25.612,-25.612,31.57,-47.327,14.318,-35.971,3.323,64.885,68.684,64.885,49.149,28.197,-10.516,-77.348,-10.516,28.197,49.149,64.885,68.684,-27.978,-6.1204,-18.261,106.78,-47.327,-51.121,-16.441,-51.121,-47.327,106.78,-18.261,-6.1204,-27.978,40.177,-27.978,3.323,3.6577,26.726,4.1841,4.1841,26.726,3.6577,3.323,-27.978,40.177,0.60526,-16.768,-18.261,14.318,32.966,-17.922,-17.922,32.966,14.318,-18.261,-16.768,0.60526,35.969,0.60526,-6.1204,-35.971,2.1662,0.9649,-26.03,0.9649,2.1662,-35.971,-6.1204,0.60526,35.969,0.60526,-6.1204,-35.971,2.1662,0.9649,-26.03,0.9649,2.1662,-35.971,-6.1204,0.60526,40.177,0.60526,-16.768,-18.261,14.318,32.966,-17.922,-17.922,32.966,14.318,-18.261,-16.768,0.60526,40.177,-27.978,3.323,3.6577,26.726,4.1841,4.1841,26.726,3.6577,3.323,-27.978,68.684,-27.978,-6.1204,-18.261,106.78,-47.327,-51.121,-16.441,-51.121,-47.327,106.78,-18.261,-6.1204,-27.978,68.684,64.885,49.149,28.197,-10.516,-77.348,-10.516,28.197,49.149,64.885,36.713,64.885,3.323,-35.971,14.318,-47.327,31.57,-25.612,-25.612,31.57,-47.327,14.318,-35.971,3.323,64.885,36.713,88.409,38.09,-31.888,-79.429,-79.429,-31.888,38.09,88.409,176.56,88.409,49.149,3.6577,2.1662,32.966,-51.121,-25.612,35.218,-25.612,-51.121,32.966,2.1662,3.6577,49.149,88.409,176.56,-23.133,-11.447,-99.956,84.475,-99.956,-11.447,-23.133,29.665,-23.133,38.09,28.197,26.726,0.9649,-17.922,-16.441,-25.612,-25.612,-16.441,-17.922,0.9649,26.726,28.197,38.09,-23.133,29.665,-10.208,-33.533,-36.229,-36.229,-33.533,-10.208,73.741,-10.208,-11.447,-31.888,-10.516,4.1841,-26.03,-17.922,-51.121,31.57,-51.121,-17.922,-26.03,4.1841,-10.516,-31.888,-11.447,-10.208,73.741,60.525,70.194,36.289,70.194,60.525,101.99,60.525,-33.533,-99.956,-79.429,-77.348,4.1841,0.9649,32.966,-47.327,-47.327,32.966,0.9649,4.1841,-77.348,-79.429,-99.956,-33.533,60.525,101.99,75.836,97.223,97.223,75.836,291.26,75.836,70.194,-36.229,84.475,-79.429,-10.516,26.726,2.1662,14.318,106.78,14.318,2.1662,26.726,-10.516,-79.429,84.475,-36.229,70.194,75.836,291.26,14.792,-23.177,14.792,38.159,14.792,97.223,36.289,-36.229,-99.956,-31.888,28.197,3.6577,-35.971,-18.261,-18.261,-35.971,3.6577,28.197,-31.888,-99.956,-36.229,36.289,97.223,14.792,38.159,62.747,62.747,78.92,62.747,-23.177,97.223,70.194,-33.533,-11.447,38.09,49.149,3.323,-6.1204,-16.768,-6.1204,3.323,49.149,38.09,-11.447,-33.533,70.194,97.223,-23.177,62.747,78.92,82.059,117.2,82.059,62.747,14.792,75.836,60.525,-10.208,-23.133,88.409,64.885,-27.978,0.60526,0.60526,-27.978,64.885,88.409,-23.133,-10.208,60.525,75.836,14.792,62.747,82.059,117.2
0,1.1085e-16,1.4762e-15,6.7109e-16,4.6992e-15,4.8269e-16,-9.2687e-18,-3.7384e-16,1.6832e-15,-3.5354e-16,1.4757e-15,-6.2809e-16,0,6.2809e-16,-1.4757e-15,3.5354e-16,-1.6832e-15,3.7384e-16,9.2687e-18,-4.8269e-16,-4.6992e-15,-6.7109e-16,-1.4762e-15,-1.1085e-16,-1.1085e-16,0,34.243,-3.6348,95.286,-19.933,23.896,-30.876,-53.161,64.511,-44.523,-11.061,-25.953,-25.953,-11.061,-44.523,64.511,-53.161,-30.876,23.896,-19.933,95.286,-3.6348,34.243,-1.4762e-15,-34.243,0,-3.6348,82.507,-74.969,-23.974,-50.271,68.927,-32.833,13.741,-17.019,7.8118,11.585,7.8118,-17.019,13.741,-32.833,68.927,-50.271,-23.974,-74.969,82.507,-3.6348,-6.7109e-16,3.6348,3.6348,0,95.286,-74.969,-3.8539,35.614,-3.9705,-4.7632,-37.234,-27.317,-13.315,-4.0871,-4.0871,-13.315,-27.317,-37.234,-4.7632,-3.9705,35.614,-3.8539,-74.969,95.286,-4.6992e-15,-95.286,-82.507,-95.286,0,-19.933,-23.974,35.614,-234.56,54.512,78.908,20.041,80.968,-0.42116,-13.978,-0.42116,80.968,20.041,78.908,54.512,-234.56,35.614,-23.974,-19.933,-4.8269e-16,19.933,74.969,74.969,19.933,0,23.896,-50.271,-3.9705,54.512,-45.531,-29.136,-20.756,-22.581,145.89,145.89,-22.581,-20.756,-29.136,-45.531,54.512,-3.9705,-50.271,23.896,9.2687e-18,-23.896,23.974,3.8539,23.974,-23.896,0,-30.876,68.927,-4.7632,78.908,-29.136,4.294,-0.93847,43.725,31.575,43.725,-0.93847,4.294,-29.136,78.908,-4.7632,68.927,-30.876,3.7384e-16,30.876,50.271,-35.614,-35.614,50.271,30.876,0,-53.161,-32.833,-37.234,20.041,-20.756,-0.93847,8.3898,-37.227,-37.227,8.3898,-0.93847,-20.756,20.041,-37.234,-32.833,-53.161,-1.6832e-15,53.161,-68.927,3.9705,234.56,3.9705,-68.927,53.161,0,64.511,13.741,-27.317,80.968,-22.581,43.725,-37.227,-131.07,-37.227,43.725,-22.581,80.968,-27.317,13.741,64.511,3.5354e-16,-64.511,32.833,4.7632,-54.512,-54.512,4.7632,32.833,-64.511,0,-44.523,-17.019,-13.315,-0.42116,145.89,31.575,-37.227,-37.227,31.575,145.89,-0.42116,-13.315,-17.019,-44.523,-1.4757e-15,44.523,-13.741,37.234,-78.908,45.531,-78.908,37.234,-13.741,44.523,0,-11.061,7.8118,-4.0871,-13.978,145.89,43.725,8.3898,43.725,145.89,-13.978,-4.0871,7.8118,-11.061,6.2809e-16,11.061,17.019,27.317,-20.041,29.136,29.136,-20.041,27.317,17.019,11.061,0,-25.953,11.585,-4.0871,-0.42116,-22.581,-0.93847,-0.93847,-22.581,-0.42116,-4.0871,11.585,-25.953,0,25.953,-7.8118,13.315,-80.968,20.756,-4.294,20.756,-80.968,13.315,-7.8118,25.953,0,-25.953,7.8118,-13.315,80.968,-20.756,4.294,-20.756,80.968,-13.315,7.8118,-25.953,-6.2809e-16,25.953,-11.585,4.0871,0.42116,22.581,0.93847,0.93847,22.581,0.42116,4.0871,-11.585,25.953,0,-11.061,-17.019,-27.317,20.041,-29.136,-29.136,20.041,-27.317,-17.019,-11.061,1.4757e-15,11.061,-7.8118,4.0871,13.978,-145.89,-43.725,-8.3898,-43.725,-145.89,13.978,4.0871,-7.8118,11.061,0,-44.523,13.741,-37.234,78.908,-45.531,78.908,-37.234,13.741,-44.523,-3.5354e-16,44.523,17.019,13.315,0.42116,-145.89,-31.575,37.227,37.227,-31.575,-145.89,0.42116,13.315,17.019,44.523,0,64.511,-32.833,-4.7632,54.512,54.512,-4.7632,-32.833,64.511,1.6832e-15,-64.511,-13.741,27.317,-80.968,22.581,-43.725,37.227,131.07,37.227,-43.725,22.581,-80.968,27.317,-13.741,-64.511,0,-53.161,68.927,-3.9705,-234.56,-3.9705,68.927,-53.161,-3.7384e-16,53.161,32.833,37.234,-20.041,20.756,0.93847,-8.3898,37.227,37.227,-8.3898,0.93847,20.756,-20.041,37.234,32.833,53.161,0,-30.876,-50.271,35.614,35.614,-50.271,-30.876,-9.2687e-18,30.876,-68.927,4.7632,-78.908,29.136,-4.294,0.93847,-43.725,-31.575,-43.725,0.93847,-4.294,29.136,-78.908,4.7632,-68.927,30.876,0,23.896,-23.974,-3.8539,-23.974,23.896,4.8269e-16,-23.896,50.271,3.9705,-54.512,45.531,29.136,20.756,22.581,-145.89,-145.89,22.581,20.756,29.136,45.531,-54.512,3.9705,50.271,-23.896,0,-19.933,-74.969,-74.969,-19.933,4.6992e-15,19.933,23.974,-35.614,234.56,-54.512,-78.908,-20.041,-80.968,0.42116,13.978,0.42116,-80.968,-20.041,-78.908,-54.512,234.56,-35.614,23.974,19.933,0,95.286,82.507,95.286,6.7109e-16,-95.286,74.969,3.8539,-35.614,3.9705,4.7632,37.234,27.317,13.315,4.0871,4.0871,13.315,27.317,37.234,4.7632,3.9705,-35.614,3.8539,74.969,-95.286,0,-3.6348,-3.6348,1.4762e-15,3.6348,-82.507,74.969,23.974,50.271,-68.927,32.833,-13.741,17.019,-7.8118,-11.585,-7.8118,17.019,-13.741,32.833,-68.927,50.271,23.974,74.969,-82.507,3.6348,0,34.243,1.1085e-16,-34.243,3.6348,-95.286,19.933,-23.896,30.876,53.161,-64.511,44.523,11.061,25.953,25.953,11.061,44.523,-64.511,53.161,30.876,-23.896,19.933,-95.286,3.6348,-34.243,0
