54.189,40.899,27.024,124.55,73.093,171.67,22.691,89.913,12.418,31.598,54.06,47.136,6.7569,47.136,54.06,31.598,12.418,89.913,22.691,171.67,73.093,124.55,27.024,40.899,40.899,40.899,-7.546,9.7591,-50.933,96.738,-3.3124,-3.6372,13.777,3.9964,-15.707,-25.238,-1.6234,-1.6234,-25.238,-15.707,3.9964,13.777,-3.6372,-3.3124,96.738,-50.933,9.7591,-7.546,27.024,-7.546,27.024,9.7591,-1.7067,-61.7,25.891,47.965,-11.082,30.205,3.3269,21.151,-2.4401,-19.175,-2.4401,21.151,3.3269,30.205,-11.082,47.965,25.891,-61.7,-1.7067,9.7591,124.55,9.7591,9.7591,124.55,-50.933,-61.7,-93.847,-101.49,-30.176,-3.902,28.532,11.394,-10.354,39.513,39.513,-10.354,11.394,28.532,-3.902,-30.176,-101.49,-93.847,-61.7,-50.933,73.093,-50.933,-1.7067,-50.933,73.093,96.738,25.891,-101.49,1.2177,76.463,2.5595,-30.202,-3.9612,54.2,40.715,54.2,-3.9612,-30.202,2.5595,76.463,1.2177,-101.49,25.891,96.738,171.67,96.738,-61.7,-61.7,96.738,171.67,-3.3124,47.965,-30.176,76.463,-149.73,72.263,-10.448,25.41,20.865,20.865,25.41,-10.448,72.263,-149.73,76.463,-30.176,47.965,-3.3124,22.691,-3.3124,25.891,-93.847,25.891,-3.3124,22.691,-3.6372,-11.082,-3.902,2.5595,72.263,-6.3729,4.6364,-15.653,13.742,-15.653,4.6364,-6.3729,72.263,2.5595,-3.902,-11.082,-3.6372,89.913,-3.6372,47.965,-101.49,-101.49,47.965,-3.6372,89.913,13.777,30.205,28.532,-30.202,-10.448,4.6364,60.982,0.23109,0.23109,60.982,4.6364,-10.448,-30.202,28.532,30.205,13.777,12.418,13.777,-11.082,-30.176,1.2177,-30.176,-11.082,13.777,12.418,3.9964,3.3269,11.394,-3.9612,25.41,-15.653,0.23109,4.6967,0.23109,-15.653,25.41,-3.9612,11.394,3.3269,3.9964,31.598,3.9964,30.205,-3.902,76.463,76.463,-3.902,30.205,3.9964,31.598,-15.707,21.151,-10.354,54.2,20.865,13.742,0.23109,0.23109,13.742,20.865,54.2,-10.354,21.151,-15.707,54.06,-15.707,3.3269,28.532,2.5595,-149.73,2.5595,28.532,3.3269,-15.707,54.06,-25.238,-2.4401,39.513,40.715,20.865,-15.653,60.982,-15.653,20.865,40.715,39.513,-2.4401,-25.238,47.136,-25.238,21.151,11.394,-30.202,72.263,72.263,-30.202,11.394,21.151,-25.238,47.136,-1.6234,-19.175,39.513,54.2,25.41,4.6364,4.6364,25.41,54.2,39.513,-19.175,-1.6234,6.7569,-1.6234,-2.4401,-10.354,-3.9612,-10.448,-6.3729,-10.448,-3.9612,-10.354,-2.4401,-1.6234,6.7569,-1.6234,-2.4401,-10.354,-3.9612,-10.448,-6.3729,-10.448,-3.9612,-10.354,-2.4401,-1.6234,47.136,-1.6234,-19.175,39.513,54.2,25.41,4.6364,4.6364,25.41,54.2,39.513,-19.175,-1.6234,47.136,-25.238,21.151,11.394,-30.202,72.263,72.263,-30.202,11.394,21.151,-25.238,54.06,-25.238,-2.4401,39.513,40.715,20.865,-15.653,60.982,-15.653,20.865,40.715,39.513,-2.4401,-25.238,54.06,-15.707,3.3269,28.532,2.5595,-149.73,2.5595,28.532,3.3269,-15.707,31.598,-15.707,21.151,-10.354,54.2,20.865,13.742,0.23109,0.23109,13.742,20.865,54.2,-10.354,21.151,-15.707,31.598,3.9964,30.205,-3.902,76.463,76.463,-3.902,30.205,3.9964,12.418,3.9964,3.3269,11.394,-3.9612,25.41,-15.653,0.23109,4.6967,0.23109,-15.653,25.41,-3.9612,11.394,3.3269,3.9964,12.418,13.777,-11.082,-30.176,1.2177,-30.176,-11.082,13.777,89.913,13.777,30.205,28.532,-30.202,-10.448,4.6364,60.982,0.23109,0.23109,60.982,4.6364,-10.448,-30.202,28.532,30.205,13.777,89.913,-3.6372,47.965,-101.49,-101.49,47.965,-3.6372,22.691,-3.6372,-11.082,-3.902,2.5595,72.263,-6.3729,4.6364,-15.653,13.742,-15.653,4.6364,-6.3729,72.263,2.5595,-3.902,-11.082,-3.6372,22.691,-3.3124,25.891,-93.847,25.891,-3.3124,171.67,-3.3124,47.965,-30.176,76.463,-149.73,72.263,-10.448,25.41,20.865,20.865,25.41,-10.448,72.263,-149.73,76.463,-30.176,47.965,-3.3124,171.67,96.738,-61.7,-61.7,96.738,73.093,96.738,25.891,-101.49,1.2177,76.463,2.5595,-30.202,-3.9612,54.2,40.715,54.2,-3.9612,-30.202,2.5595,76.463,1.2177,-101.49,25.891,96.738,73.093,-50.933,-1.7067,-50.933,124.55,-50.933,-61.7,-93.847,-101.49,-30.176,-3.902,28.532,11.394,-10.354,39.513,39.513,-10.354,11.394,28.532,-3.902,-30.176,-101.49,-93.847,-61.7,-50.933,124.55,9.7591,9.7591,27.024,9.7591,-1.7067,-61.7,25.891,47.965,-11.082,30.205,3.3269,21.151,-2.4401,-19.175,-2.4401,21.151,3.3269,30.205,-11.082,47.965,25.891,-61.7,-1.7067,9.7591,27.024,-7.546,40.899,-7.546,9.7591,-50.933,96.738,-3.3124,-3.6372,13.777,3.9964,-15.707,-25.238,-1.6234,-1.6234,-25.238,-15.707,3.9964,13.777,-3.6372,-3.3124,96.738,-50.933,9.7591,-7.546,40.899
0,-2.5844e-16,3.3669e-16,-8.2876e-16,5.1902e-16,-2.8969e-16,1.4886e-16,-1.4079e-16,-3.768e-17,-7.6676e-17,-7.9936e-20,1.3286e-16,0,-1.3286e-16,7.9936e-20,7.6676e-17,3.768e-17,1.4079e-16,-1.4886e-16,2.8969e-16,-5.1902e-16,8.2876e-16,-3.3669e-16,2.5844e-16,2.5844e-16,0,24.221,42.54,-78.988,-0.058216,61.712,-4.2904,-24.922,-1.566,-31.801,-28.759,-9.6101,-9.6101,-28.759,-31.801,-1.566,-24.922,-4.2904,61.712,-0.058216,-78.988,42.54,24.221,-3.3669e-16,-24.221,0,42.54,-27.778,46.408,19.722,-40.022,2.616,1.9685,1.3095,13.382,-7.2188,-28.629,-7.2188,13.382,1.3095,1.9685,2.616,-40.022,19.722,46.408,-27.778,42.54,8.2876e-16,-42.54,-42.54,0,-78.988,46.408,46.779,-12.255,0.20126,55.119,-10.291,-0.56339,-5.2569,37.999,37.999,-5.2569,-0.56339,-10.291,55.119,0.20126,-12.255,46.779,46.408,-78.988,-5.1902e-16,78.988,27.778,78.988,0,-0.058216,19.722,-12.255,-45.588,-79.315,46.632,61.139,6.2686,2.7452,35.18,2.7452,6.2686,61.139,46.632,-79.315,-45.588,-12.255,19.722,-0.058216,2.8969e-16,0.058216,-46.408,-46.408,0.058216,0,61.712,-40.022,0.20126,-79.315,-56.479,-31.43,32.456,40.889,-38.385,-38.385,40.889,32.456,-31.43,-56.479,-79.315,0.20126,-40.022,61.712,-1.4886e-16,-61.712,-19.722,-46.779,-19.722,-61.712,0,-4.2904,2.616,55.119,46.632,-31.43,0.85413,-51.079,-5.6507,4.3719,-5.6507,-51.079,0.85413,-31.43,46.632,55.119,2.616,-4.2904,1.4079e-16,4.2904,40.022,12.255,12.255,40.022,4.2904,0,-24.922,1.9685,-10.291,61.139,32.456,-51.079,10.133,1.7391,1.7391,10.133,-51.079,32.456,61.139,-10.291,1.9685,-24.922,3.768e-17,24.922,-2.616,-0.20126,45.588,-0.20126,-2.616,24.922,0,-1.566,1.3095,-0.56339,6.2686,40.889,-5.6507,1.7391,-1.6295,1.7391,-5.6507,40.889,6.2686,-0.56339,1.3095,-1.566,7.6676e-17,1.566,-1.9685,-55.119,79.315,79.315,-55.119,-1.9685,1.566,0,-31.801,13.382,-5.2569,2.7452,-38.385,4.3719,1.7391,1.7391,4.3719,-38.385,2.7452,-5.2569,13.382,-31.801,7.9936e-20,31.801,-1.3095,10.291,-46.632,56.479,-46.632,10.291,-1.3095,31.801,0,-28.759,-7.2188,37.999,35.18,-38.385,-5.6507,10.133,-5.6507,-38.385,35.18,37.999,-7.2188,-28.759,-1.3286e-16,28.759,-13.382,0.56339,-61.139,31.43,31.43,-61.139,0.56339,-13.382,28.759,0,-9.6101,-28.629,37.999,2.7452,40.889,-51.079,-51.079,40.889,2.7452,37.999,-28.629,-9.6101,0,9.6101,7.2188,5.2569,-6.2686,-32.456,-0.85413,-32.456,-6.2686,5.2569,7.2188,9.6101,0,-9.6101,-7.2188,-5.2569,6.2686,32.456,0.85413,32.456,6.2686,-5.2569,-7.2188,-9.6101,1.3286e-16,9.6101,28.629,-37.999,-2.7452,-40.889,51.079,51.079,-40.889,-2.7452,-37.999,28.629,9.6101,0,-28.759,13.382,-0.56339,61.139,-31.43,-31.43,61.139,-0.56339,13.382,-28.759,-7.9936e-20,28.759,7.2188,-37.999,-35.18,38.385,5.6507,-10.133,5.6507,38.385,-35.18,-37.999,7.2188,28.759,0,-31.801,1.3095,-10.291,46.632,-56.479,46.632,-10.291,1.3095,-31.801,-7.6676e-17,31.801,-13.382,5.2569,-2.7452,38.385,-4.3719,-1.7391,-1.7391,-4.3719,38.385,-2.7452,5.2569,-13.382,31.801,0,-1.566,1.9685,55.119,-79.315,-79.315,55.119,1.9685,-1.566,-3.768e-17,1.566,-1.3095,0.56339,-6.2686,-40.889,5.6507,-1.7391,1.6295,-1.7391,5.6507,-40.889,-6.2686,0.56339,-1.3095,1.566,0,-24.922,2.616,0.20126,-45.588,0.20126,2.616,-24.922,-1.4079e-16,24.922,-1.9685,10.291,-61.139,-32.456,51.079,-10.133,-1.7391,-1.7391,-10.133,51.079,-32.456,-61.139,10.291,-1.9685,24.922,0,-4.2904,-40.022,-12.255,-12.255,-40.022,-4.2904,1.4886e-16,4.2904,-2.616,-55.119,-46.632,31.43,-0.85413,51.079,5.6507,-4.3719,5.6507,51.079,-0.85413,31.43,-46.632,-55.119,-2.616,4.2904,0,61.712,19.722,46.779,19.722,61.712,-2.8969e-16,-61.712,40.022,-0.20126,79.315,56.479,31.43,-32.456,-40.889,38.385,38.385,-40.889,-32.456,31.43,56.479,79.315,-0.20126,40.022,-61.712,0,-0.058216,46.408,46.408,-0.058216,5.1902e-16,0.058216,-19.722,12.255,45.588,79.315,-46.632,-61.139,-6.2686,-2.7452,-35.18,-2.7452,-6.2686,-61.139,-46.632,79.315,45.588,12.255,-19.722,0.058216,0,-78.988,-27.778,-78.988,-8.2876e-16,78.988,-46.408,-46.779,12.255,-0.20126,-55.119,10.291,0.56339,5.2569,-37.999,-37.999,5.2569,0.56339,10.291,-55.119,-0.20126,12.255,-46.779,-46.408,78.988,0,42.54,42.54,3.3669e-16,-42.54,27.778,-46.408,-19.722,40.022,-2.616,-1.9685,-1.3095,-13.382,7.2188,28.629,7.2188,-13.382,-1.3095,-1.9685,-2.616,40.022,-19.722,-46.408,27.778,-42.54,0,24.221,-2.5844e-16,-24.221,-42.54,78.988,0.058216,-61.712,4.2904,24.922,1.566,31.801,28.759,9.6101,9.6101,28.759,31.801,1.566,24.922,4.2904,-61.712,0.058216,78.988,-42.54,-24.221,0
