-0.64988,-12.775,3.3147,52.492,57.543,-137.11,42.234,24.186,4.6629,-22.549,58.127,16.219,168.01,16.219,58.127,-22.549,4.6629,24.186,42.234,-137.11,57.543,52.492,3.3147,-12.775,-12.775,-12.775,-66.375,1.4087,66.811,-17.987,65.825,29.302,106.38,8.3421,-7.5003,62.256,222.17,222.17,62.256,-7.5003,8.3421,106.38,29.302,65.825,-17.987,66.811,1.4087,-66.375,3.3147,-66.375,3.3147,1.4087,6.6555,-7.4563,4.7362,42.136,74.255,9.1157,-23.78,34.55,-16.62,-88.804,-16.62,34.55,-23.78,9.1157,74.255,42.136,4.7362,-7.4563,6.6555,1.4087,52.492,1.4087,1.4087,52.492,66.811,-7.4563,-94.068,2.1473,46.644,31.816,57.84,105.63,-18.969,-45.042,-45.042,-18.969,105.63,57.84,31.816,46.644,2.1473,-94.068,-7.4563,66.811,57.543,66.811,6.6555,66.811,57.543,-17.987,4.7362,2.1473,-30.15,18.205,-63.992,36.232,134.93,-40.782,-19.903,-40.782,134.93,36.232,-63.992,18.205,-30.15,2.1473,4.7362,-17.987,-137.11,-17.987,-7.4563,-7.4563,-17.987,-137.11,65.825,42.136,46.644,18.205,66.488,-15.47,35.155,-12.465,11.089,11.089,-12.465,35.155,-15.47,66.488,18.205,46.644,42.136,65.825,42.234,65.825,4.7362,-94.068,4.7362,65.825,42.234,29.302,74.255,31.816,-63.992,-15.47,-68.118,189.29,141.14,26.364,141.14,189.29,-68.118,-15.47,-63.992,31.816,74.255,29.302,24.186,29.302,42.136,2.1473,2.1473,42.136,29.302,24.186,106.38,9.1157,57.84,36.232,35.155,189.29,32.878,131.47,131.47,32.878,189.29,35.155,36.232,57.84,9.1157,106.38,4.6629,106.38,74.255,46.644,-30.15,46.644,74.255,106.38,4.6629,8.3421,-23.78,105.63,134.93,-12.465,141.14,131.47,1.4114,131.47,141.14,-12.465,134.93,105.63,-23.78,8.3421,-22.549,8.3421,9.1157,31.816,18.205,18.205,31.816,9.1157,8.3421,-22.549,-7.5003,34.55,-18.969,-40.782,11.089,26.364,131.47,131.47,26.364,11.089,-40.782,-18.969,34.55,-7.5003,58.127,-7.5003,-23.78,57.84,-63.992,66.488,-63.992,57.84,-23.78,-7.5003,58.127,62.256,-16.62,-45.042,-19.903,11.089,141.14,32.878,141.14,11.089,-19.903,-45.042,-16.62,62.256,16.219,62.256,34.55,105.63,36.232,-15.47,-15.47,36.232,105.63,34.55,62.256,16.219,222.17,-88.804,-45.042,-40.782,-12.465,189.29,189.29,-12.465,-40.782,-45.042,-88.804,222.17,168.01,222.17,-16.62,-18.969,134.93,35.155,-68.118,35.155,134.93,-18.969,-16.62,222.17,168.01,222.17,-16.62,-18.969,134.93,35.155,-68.118,35.155,134.93,-18.969,-16.62,222.17,16.219,222.17,-88.804,-45.042,-40.782,-12.465,189.29,189.29,-12.465,-40.782,-45.042,-88.804,222.17,16.219,62.256,34.55,105.63,36.232,-15.47,-15.47,36.232,105.63,34.55,62.256,58.127,62.256,-16.62,-45.042,-19.903,11.089,141.14,32.878,141.14,11.089,-19.903,-45.042,-16.62,62.256,58.127,-7.5003,-23.78,57.84,-63.992,66.488,-63.992,57.84,-23.78,-7.5003,-22.549,-7.5003,34.55,-18.969,-40.782,11.089,26.364,131.47,131.47,26.364,11.089,-40.782,-18.969,34.55,-7.5003,-22.549,8.3421,9.1157,31.816,18.205,18.205,31.816,9.1157,8.3421,4.6629,8.3421,-23.78,105.63,134.93,-12.465,141.14,131.47,1.4114,131.47,141.14,-12.465,134.93,105.63,-23.78,8.3421,4.6629,106.38,74.255,46.644,-30.15,46.644,74.255,106.38,24.186,106.38,9.1157,57.84,36.232,35.155,189.29,32.878,131.47,131.47,32.878,189.29,35.155,36.232,57.84,9.1157,106.38,24.186,29.302,42.136,2.1473,2.1473,42.136,29.302,42.234,29.302,74.255,31.816,-63.992,-15.47,-68.118,189.29,141.14,26.364,141.14,189.29,-68.118,-15.47,-63.992,31.816,74.255,29.302,42.234,65.825,4.7362,-94.068,4.7362,65.825,-137.11,65.825,42.136,46.644,18.205,66.488,-15.47,35.155,-12.465,11.089,11.089,-12.465,35.155,-15.47,66.488,18.205,46.644,42.136,65.825,-137.11,-17.987,-7.4563,-7.4563,-17.987,57.543,-17.987,4.7362,2.1473,-30.15,18.205,-63.992,36.232,134.93,-40.782,-19.903,-40.782,134.93,36.232,-63.992,18.205,-30.15,2.1473,4.7362,-17.987,57.543,66.811,6.6555,66.811,52.492,66.811,-7.4563,-94.068,2.1473,46.644,31.816,57.84,105.63,-18.969,-45.042,-45.042,-18.969,105.63,57.84,31.816,46.644,2.1473,-94.068,-7.4563,66.811,52.492,1.4087,1.4087,3.3147,1.4087,6.6555,-7.4563,4.7362,42.136,74.255,9.1157,-23.78,34.55,-16.62,-88.804,-16.62,34.55,-23.78,9.1157,74.255,42.136,4.7362,-7.4563,6.6555,1.4087,3.3147,-66.375,-12.775,-66.375,1.4087,66.811,-17.987,65.825,29.302,106.38,8.3421,-7.5003,62.256,222.17,222.17,62.256,-7.5003,8.3421,106.38,29.302,65.825,-17.987,66.811,1.4087,-66.375,-12.775
0,-1.8093e-15,-1.4621e-16,1.4891e-16,-1.8943e-15,1.7667e-15,-5.9432e-16,1.4508e-15,-9.5923e-18,1.0589e-15,3.0013e-16,-1.1635e-17,0,1.1635e-17,-3.0013e-16,-1.0589e-15,9.5923e-18,-1.4508e-15,5.9432e-16,-1.7667e-15,1.8943e-15,-1.4891e-16,1.4621e-16,1.8093e-15,1.8093e-15,0,1.6572,30.74,109,-83.602,-157.05,69.453,-14.684,108.18,20.428,35.19,-50.101,-50.101,35.19,20.428,108.18,-14.684,69.453,-157.05,-83.602,109,30.74,1.6572,1.4621e-16,-1.6572,0,30.74,8.467,18.276,-61.124,18.312,33.993,54.051,43.737,-17.567,-47.781,-18.253,-47.781,-17.567,43.737,54.051,33.993,18.312,-61.124,18.276,8.467,30.74,-1.4891e-16,-30.74,-30.74,0,109,18.276,-21.9,-124.25,-22.476,106.88,113.6,82.301,-75.107,113.77,113.77,-75.107,82.301,113.6,106.88,-22.476,-124.25,-21.9,18.276,109,1.8943e-15,-109,-8.467,-109,0,-83.602,-61.124,-124.25,-76.438,-42.301,76.046,80.045,-63.919,-22.802,77.699,-22.802,-63.919,80.045,76.046,-42.301,-76.438,-124.25,-61.124,-83.602,-1.7667e-15,83.602,-18.276,-18.276,83.602,0,-157.05,18.312,-22.476,-42.301,-40.276,-166.46,-5.0563,133.42,-49.698,-49.698,133.42,-5.0563,-166.46,-40.276,-42.301,-22.476,18.312,-157.05,5.9432e-16,157.05,61.124,21.9,61.124,157.05,0,69.453,33.993,106.88,76.046,-166.46,242.16,58.264,-44.798,-114.66,-44.798,58.264,242.16,-166.46,76.046,106.88,33.993,69.453,-1.4508e-15,-69.453,-18.312,124.25,124.25,-18.312,-69.453,0,-14.684,54.051,113.6,80.045,-5.0563,58.264,-142.75,-35.464,-35.464,-142.75,58.264,-5.0563,80.045,113.6,54.051,-14.684,9.5923e-18,14.684,-33.993,22.476,76.438,22.476,-33.993,14.684,0,108.18,43.737,82.301,-63.919,133.42,-44.798,-35.464,123.92,-35.464,-44.798,133.42,-63.919,82.301,43.737,108.18,-1.0589e-15,-108.18,-54.051,-106.88,42.301,42.301,-106.88,-54.051,-108.18,0,20.428,-17.567,-75.107,-22.802,-49.698,-114.66,-35.464,-35.464,-114.66,-49.698,-22.802,-75.107,-17.567,20.428,-3.0013e-16,-20.428,-43.737,-113.6,-76.046,40.276,-76.046,-113.6,-43.737,-20.428,0,35.19,-47.781,113.77,77.699,-49.698,-44.798,-142.75,-44.798,-49.698,77.699,113.77,-47.781,35.19,1.1635e-17,-35.19,17.567,-82.301,-80.045,166.46,166.46,-80.045,-82.301,17.567,-35.19,0,-50.101,-18.253,113.77,-22.802,133.42,58.264,58.264,133.42,-22.802,113.77,-18.253,-50.101,0,50.101,47.781,75.107,63.919,5.0563,-242.16,5.0563,63.919,75.107,47.781,50.101,0,-50.101,-47.781,-75.107,-63.919,-5.0563,242.16,-5.0563,-63.919,-75.107,-47.781,-50.101,-1.1635e-17,50.101,18.253,-113.77,22.802,-133.42,-58.264,-58.264,-133.42,22.802,-113.77,18.253,50.101,0,35.19,-17.567,82.301,80.045,-166.46,-166.46,80.045,82.301,-17.567,35.19,3.0013e-16,-35.19,47.781,-113.77,-77.699,49.698,44.798,142.75,44.798,49.698,-77.699,-113.77,47.781,-35.19,0,20.428,43.737,113.6,76.046,-40.276,76.046,113.6,43.737,20.428,1.0589e-15,-20.428,17.567,75.107,22.802,49.698,114.66,35.464,35.464,114.66,49.698,22.802,75.107,17.567,-20.428,0,108.18,54.051,106.88,-42.301,-42.301,106.88,54.051,108.18,-9.5923e-18,-108.18,-43.737,-82.301,63.919,-133.42,44.798,35.464,-123.92,35.464,44.798,-133.42,63.919,-82.301,-43.737,-108.18,0,-14.684,33.993,-22.476,-76.438,-22.476,33.993,-14.684,1.4508e-15,14.684,-54.051,-113.6,-80.045,5.0563,-58.264,142.75,35.464,35.464,142.75,-58.264,5.0563,-80.045,-113.6,-54.051,14.684,0,69.453,18.312,-124.25,-124.25,18.312,69.453,-5.9432e-16,-69.453,-33.993,-106.88,-76.046,166.46,-242.16,-58.264,44.798,114.66,44.798,-58.264,-242.16,166.46,-76.046,-106.88,-33.993,-69.453,0,-157.05,-61.124,-21.9,-61.124,-157.05,1.7667e-15,157.05,-18.312,22.476,42.301,40.276,166.46,5.0563,-133.42,49.698,49.698,-133.42,5.0563,166.46,40.276,42.301,22.476,-18.312,157.05,0,-83.602,18.276,18.276,-83.602,-1.8943e-15,83.602,61.124,124.25,76.438,42.301,-76.046,-80.045,63.919,22.802,-77.699,22.802,63.919,-80.045,-76.046,42.301,76.438,124.25,61.124,83.602,0,109,8.467,109,1.4891e-16,-109,-18.276,21.9,124.25,22.476,-106.88,-113.6,-82.301,75.107,-113.77,-113.77,75.107,-82.301,-113.6,-106.88,22.476,124.25,21.9,-18.276,-109,0,30.74,30.74,-1.4621e-16,-30.74,-8.467,-18.276,61.124,-18.312,-33.993,-54.051,-43.737,17.567,47.781,18.253,47.781,17.567,-43.737,-54.051,-33.993,-18.312,61.124,-18.276,-8.467,-30.74,0,1.6572,-1.8093e-15,-1.6572,-30.74,-109,83.602,157.05,-69.453,14.684,-108.18,-20.428,-35.19,50.101,50.101,-35.19,-20.428,-108.18,14.684,-69.453,157.05,83.602,-109,-30.74,-1.6572,0
