57.464,65.717,84.636,97.149,-44.412,-39.673,63.985,10.831,-27.098,-38.388,-7.3117,-19.901,-10.237,-19.901,-7.3117,-38.388,-27.098,10.831,63.985,-39.673,-44.412,97.149,84.636,65.717,65.717,65.717,166.37,-237.11,97.465,203.63,35.018,40.982,-30.827,-162.97,-41.513,74.965,49.406,49.406,74.965,-41.513,-162.97,-30.827,40.982,35.018,203.63,97.465,-237.11,166.37,84.636,166.37,84.636,-237.11,89.631,10.481,-56.42,-13.609,19.958,27.605,28.844,0.043488,26.865,60.987,26.865,0.043488,28.844,27.605,19.958,-13.609,-56.42,10.481,89.631,-237.11,97.149,-237.11,-237.11,97.149,97.465,10.481,105.65,102.06,-52.604,29.003,14.335,46.673,-22.095,-6.6852,-6.6852,-22.095,46.673,14.335,29.003,-52.604,102.06,105.65,10.481,97.465,-44.412,97.465,89.631,97.465,-44.412,203.63,-56.42,102.06,238.53,182.7,48.611,-28.257,79.291,-80.359,58.212,-80.359,79.291,-28.257,48.611,182.7,238.53,102.06,-56.42,203.63,-39.673,203.63,10.481,10.481,203.63,-39.673,35.018,-13.609,-52.604,182.7,-64.824,16.713,-25.413,95.077,-82.782,-82.782,95.077,-25.413,16.713,-64.824,182.7,-52.604,-13.609,35.018,63.985,35.018,-56.42,105.65,-56.42,35.018,63.985,40.982,19.958,29.003,48.611,16.713,1.267,-5.8066,-28.208,-8.5906,-28.208,-5.8066,1.267,16.713,48.611,29.003,19.958,40.982,10.831,40.982,-13.609,102.06,102.06,-13.609,40.982,10.831,-30.827,27.605,14.335,-28.257,-25.413,-5.8066,-17.285,-66.132,-66.132,-17.285,-5.8066,-25.413,-28.257,14.335,27.605,-30.827,-27.098,-30.827,19.958,-52.604,238.53,-52.604,19.958,-30.827,-27.098,-162.97,28.844,46.673,79.291,95.077,-28.208,-66.132,-142.76,-66.132,-28.208,95.077,79.291,46.673,28.844,-162.97,-38.388,-162.97,27.605,29.003,182.7,182.7,29.003,27.605,-162.97,-38.388,-41.513,0.043488,-22.095,-80.359,-82.782,-8.5906,-66.132,-66.132,-8.5906,-82.782,-80.359,-22.095,0.043488,-41.513,-7.3117,-41.513,28.844,14.335,48.611,-64.824,48.611,14.335,28.844,-41.513,-7.3117,74.965,26.865,-6.6852,58.212,-82.782,-28.208,-17.285,-28.208,-82.782,58.212,-6.6852,26.865,74.965,-19.901,74.965,0.043488,46.673,-28.257,16.713,16.713,-28.257,46.673,0.043488,74.965,-19.901,49.406,60.987,-6.6852,-80.359,95.077,-5.8066,-5.8066,95.077,-80.359,-6.6852,60.987,49.406,-10.237,49.406,26.865,-22.095,79.291,-25.413,1.267,-25.413,79.291,-22.095,26.865,49.406,-10.237,49.406,26.865,-22.095,79.291,-25.413,1.267,-25.413,79.291,-22.095,26.865,49.406,-19.901,49.406,60.987,-6.6852,-80.359,95.077,-5.8066,-5.8066,95.077,-80.359,-6.6852,60.987,49.406,-19.901,74.965,0.043488,46.673,-28.257,16.713,16.713,-28.257,46.673,0.043488,74.965,-7.3117,74.965,26.865,-6.6852,58.212,-82.782,-28.208,-17.285,-28.208,-82.782,58.212,-6.6852,26.865,74.965,-7.3117,-41.513,28.844,14.335,48.611,-64.824,48.611,14.335,28.844,-41.513,-38.388,-41.513,0.043488,-22.095,-80.359,-82.782,-8.5906,-66.132,-66.132,-8.5906,-82.782,-80.359,-22.095,0.043488,-41.513,-38.388,-162.97,27.605,29.003,182.7,182.7,29.003,27.605,-162.97,-27.098,-162.97,28.844,46.673,79.291,95.077,-28.208,-66.132,-142.76,-66.132,-28.208,95.077,79.291,46.673,28.844,-162.97,-27.098,-30.827,19.958,-52.604,238.53,-52.604,19.958,-30.827,10.831,-30.827,27.605,14.335,-28.257,-25.413,-5.8066,-17.285,-66.132,-66.132,-17.285,-5.8066,-25.413,-28.257,14.335,27.605,-30.827,10.831,40.982,-13.609,102.06,102.06,-13.609,40.982,63.985,40.982,19.958,29.003,48.611,16.713,1.267,-5.8066,-28.208,-8.5906,-28.208,-5.8066,1.267,16.713,48.611,29.003,19.958,40.982,63.985,35.018,-56.42,105.65,-56.42,35.018,-39.673,35.018,-13.609,-52.604,182.7,-64.824,16.713,-25.413,95.077,-82.782,-82.782,95.077,-25.413,16.713,-64.824,182.7,-52.604,-13.609,35.018,-39.673,203.63,10.481,10.481,203.63,-44.412,203.63,-56.42,102.06,238.53,182.7,48.611,-28.257,79.291,-80.359,58.212,-80.359,79.291,-28.257,48.611,182.7,238.53,102.06,-56.42,203.63,-44.412,97.465,89.631,97.465,97.149,97.465,10.481,105.65,102.06,-52.604,29.003,14.335,46.673,-22.095,-6.6852,-6.6852,-22.095,46.673,14.335,29.003,-52.604,102.06,105.65,10.481,97.465,97.149,-237.11,-237.11,84.636,-237.11,89.631,10.481,-56.42,-13.609,19.958,27.605,28.844,0.043488,26.865,60.987,26.865,0.043488,28.844,27.605,19.958,-13.609,-56.42,10.481,89.631,-237.11,84.636,166.37,65.717,166.37,-237.11,97.465,203.63,35.018,40.982,-30.827,-162.97,-41.513,74.965,49.406,49.406,74.965,-41.513,-162.97,-30.827,40.982,35.018,203.63,97.465,-237.11,166.37,65.717
0,-2.9561e-15,-1.7681e-15,-5.1835e-16,1.7349e-15,1.143e-15,-4.5441e-18,2.6385e-16,-1.7883e-15,-1.4825e-15,2.2204e-16,-2.7965e-16,0,2.7965e-16,-2.2204e-16,1.4825e-15,1.7883e-15,-2.6385e-16,4.5441e-18,-1.143e-15,-1.7349e-15,5.1835e-16,1.7681e-15,2.9561e-15,2.9561e-15,0,176.78,127.6,-6.9652,183.71,-70.177,27.133,-24.828,31.668,-82.711,28.852,-1.7905,-1.7905,28.852,-82.711,31.668,-24.828,27.133,-70.177,183.71,-6.9652,127.6,176.78,1.7681e-15,-176.78,0,127.6,327.36,-94.183,85.453,29.09,-64.534,8.1942,63.042,-91.155,23.425,14.198,23.425,-91.155,63.042,8.1942,-64.534,29.09,85.453,-94.183,327.36,127.6,5.1835e-16,-127.6,-127.6,0,-6.9652,-94.183,28.949,2.0042,79.84,28.53,19.104,-38.224,13.84,-32.929,-32.929,13.84,-38.224,19.104,28.53,79.84,2.0042,28.949,-94.183,-6.9652,-1.7349e-15,6.9652,-327.36,6.9652,0,183.71,85.453,2.0042,-437.68,144.67,1.1883,-57.762,66.918,-116.98,59.711,-116.98,66.918,-57.762,1.1883,144.67,-437.68,2.0042,85.453,183.71,-1.143e-15,-183.71,94.183,94.183,-183.71,0,-70.177,29.09,79.84,144.67,-66.253,10.401,0.33138,-30.9,-52.31,-52.31,-30.9,0.33138,10.401,-66.253,144.67,79.84,29.09,-70.177,4.5441e-18,70.177,-85.453,-28.949,-85.453,70.177,0,27.133,-64.534,28.53,1.1883,10.401,0.10524,-7.6904,-1.6986,-16.868,-1.6986,-7.6904,0.10524,10.401,1.1883,28.53,-64.534,27.133,-2.6385e-16,-27.133,-29.09,-2.0042,-2.0042,-29.09,-27.133,0,-24.828,8.1942,19.104,-57.762,0.33138,-7.6904,12.5,8.1813,8.1813,12.5,-7.6904,0.33138,-57.762,19.104,8.1942,-24.828,1.7883e-15,24.828,64.534,-79.84,437.68,-79.84,64.534,24.828,0,31.668,63.042,-38.224,66.918,-30.9,-1.6986,8.1813,146.8,8.1813,-1.6986,-30.9,66.918,-38.224,63.042,31.668,1.4825e-15,-31.668,-8.1942,-28.53,-144.67,-144.67,-28.53,-8.1942,-31.668,0,-82.711,-91.155,13.84,-116.98,-52.31,-16.868,8.1813,8.1813,-16.868,-52.31,-116.98,13.84,-91.155,-82.711,-2.2204e-16,82.711,-63.042,-19.104,-1.1883,66.253,-1.1883,-19.104,-63.042,82.711,0,28.852,23.425,-32.929,59.711,-52.31,-1.6986,12.5,-1.6986,-52.31,59.711,-32.929,23.425,28.852,2.7965e-16,-28.852,91.155,38.224,57.762,-10.401,-10.401,57.762,38.224,91.155,-28.852,0,-1.7905,14.198,-32.929,-116.98,-30.9,-7.6904,-7.6904,-30.9,-116.98,-32.929,14.198,-1.7905,0,1.7905,-23.425,-13.84,-66.918,-0.33138,-0.10524,-0.33138,-66.918,-13.84,-23.425,1.7905,0,-1.7905,23.425,13.84,66.918,0.33138,0.10524,0.33138,66.918,13.84,23.425,-1.7905,-2.7965e-16,1.7905,-14.198,32.929,116.98,30.9,7.6904,7.6904,30.9,116.98,32.929,-14.198,1.7905,0,28.852,-91.155,-38.224,-57.762,10.401,10.401,-57.762,-38.224,-91.155,28.852,2.2204e-16,-28.852,-23.425,32.929,-59.711,52.31,1.6986,-12.5,1.6986,52.31,-59.711,32.929,-23.425,-28.852,0,-82.711,63.042,19.104,1.1883,-66.253,1.1883,19.104,63.042,-82.711,-1.4825e-15,82.711,91.155,-13.84,116.98,52.31,16.868,-8.1813,-8.1813,16.868,52.31,116.98,-13.84,91.155,82.711,0,31.668,8.1942,28.53,144.67,144.67,28.53,8.1942,31.668,-1.7883e-15,-31.668,-63.042,38.224,-66.918,30.9,1.6986,-8.1813,-146.8,-8.1813,1.6986,30.9,-66.918,38.224,-63.042,-31.668,0,-24.828,-64.534,79.84,-437.68,79.84,-64.534,-24.828,2.6385e-16,24.828,-8.1942,-19.104,57.762,-0.33138,7.6904,-12.5,-8.1813,-8.1813,-12.5,7.6904,-0.33138,57.762,-19.104,-8.1942,24.828,0,27.133,29.09,2.0042,2.0042,29.09,27.133,-4.5441e-18,-27.133,64.534,-28.53,-1.1883,-10.401,-0.10524,7.6904,1.6986,16.868,1.6986,7.6904,-0.10524,-10.401,-1.1883,-28.53,64.534,-27.133,0,-70.177,85.453,28.949,85.453,-70.177,1.143e-15,70.177,-29.09,-79.84,-144.67,66.253,-10.401,-0.33138,30.9,52.31,52.31,30.9,-0.33138,-10.401,66.253,-144.67,-79.84,-29.09,70.177,0,183.71,-94.183,-94.183,183.71,1.7349e-15,-183.71,-85.453,-2.0042,437.68,-144.67,-1.1883,57.762,-66.918,116.98,-59.711,116.98,-66.918,57.762,-1.1883,-144.67,437.68,-2.0042,-85.453,-183.71,0,-6.9652,327.36,-6.9652,-5.1835e-16,6.9652,94.183,-28.949,-2.0042,-79.84,-28.53,-19.104,38.224,-13.84,32.929,32.929,-13.84,38.224,-19.104,-28.53,-79.84,-2.0042,-28.949,94.183,6.9652,0,127.6,127.6,-1.7681e-15,-127.6,-327.36,94.183,-85.453,-29.09,64.534,-8.1942,-63.042,91.155,-23.425,-14.198,-23.425,91.155,-63.042,-8.1942,64.534,-29.09,-85.453,94.183,-327.36,-127.6,0,176.78,-2.9561e-15,-176.78,-127.6,6.9652,-183.71,70.177,-27.133,24.828,-31.668,82.711,-28.852,1.7905,1.7905,-28.852,82.711,-31.668,24.828,-27.133,70.177,-183.71,6.9652,-127.6,-176.78,0
