-14.033,-2.7636,-5.5385,-19.945,-54.939,-41.308,-33.731,-11.362,-106.99,-94.987,-84.653,-39.883,-3.1108,-39.883,-84.653,-94.987,-106.99,-11.362,-33.731,-41.308,-54.939,-19.945,-5.5385,-2.7636,-2.7636,-2.7636,-1.6558,-5.6253,1.4914,14.429,5.2562,12.253,-18.3,-20.319,-30.976,-13.84,-1.4224,-1.4224,-13.84,-30.976,-20.319,-18.3,12.253,5.2562,14.429,1.4914,-5.6253,-1.6558,-5.5385,-1.6558,-5.5385,-5.6253,-7.1881,-0.77876,19.143,2.9634,-2.2252,-23.204,18.775,-35.433,-2.4442,-16.751,-2.4442,-35.433,18.775,-23.204,-2.2252,2.9634,19.143,-0.77876,-7.1881,-5.6253,-19.945,-5.6253,-5.6253,-19.945,1.4914,-0.77876,19.522,-8.2748,-30.02,86.742,-21.245,-90.217,-17.044,42.024,42.024,-17.044,-90.217,-21.245,86.742,-30.02,-8.2748,19.522,-0.77876,1.4914,-54.939,1.4914,-7.1881,1.4914,-54.939,14.429,19.143,-8.2748,75.376,102.13,2.3189,8.1059,1.9974,11.99,25.455,11.99,1.9974,8.1059,2.3189,102.13,75.376,-8.2748,19.143,14.429,-41.308,14.429,-0.77876,-0.77876,14.429,-41.308,5.2562,2.9634,-30.02,102.13,-93.084,25.886,0.14012,-32.684,-95.289,-95.289,-32.684,0.14012,25.886,-93.084,102.13,-30.02,2.9634,5.2562,-33.731,5.2562,19.143,19.522,19.143,5.2562,-33.731,12.253,-2.2252,86.742,2.3189,25.886,1.5012,29.68,164.37,-31.891,164.37,29.68,1.5012,25.886,2.3189,86.742,-2.2252,12.253,-11.362,12.253,2.9634,-8.2748,-8.2748,2.9634,12.253,-11.362,-18.3,-23.204,-21.245,8.1059,0.14012,29.68,-36.977,29.006,29.006,-36.977,29.68,0.14012,8.1059,-21.245,-23.204,-18.3,-106.99,-18.3,-2.2252,-30.02,75.376,-30.02,-2.2252,-18.3,-106.99,-20.319,18.775,-90.217,1.9974,-32.684,164.37,29.006,189.63,29.006,164.37,-32.684,1.9974,-90.217,18.775,-20.319,-94.987,-20.319,-23.204,86.742,102.13,102.13,86.742,-23.204,-20.319,-94.987,-30.976,-35.433,-17.044,11.99,-95.289,-31.891,29.006,29.006,-31.891,-95.289,11.99,-17.044,-35.433,-30.976,-84.653,-30.976,18.775,-21.245,2.3189,-93.084,2.3189,-21.245,18.775,-30.976,-84.653,-13.84,-2.4442,42.024,25.455,-95.289,164.37,-36.977,164.37,-95.289,25.455,42.024,-2.4442,-13.84,-39.883,-13.84,-35.433,-90.217,8.1059,25.886,25.886,8.1059,-90.217,-35.433,-13.84,-39.883,-1.4224,-16.751,42.024,11.99,-32.684,29.68,29.68,-32.684,11.99,42.024,-16.751,-1.4224,-3.1108,-1.4224,-2.4442,-17.044,1.9974,0.14012,1.5012,0.14012,1.9974,-17.044,-2.4442,-1.4224,-3.1108,-1.4224,-2.4442,-17.044,1.9974,0.14012,1.5012,0.14012,1.9974,-17.044,-2.4442,-1.4224,-39.883,-1.4224,-16.751,42.024,11.99,-32.684,29.68,29.68,-32.684,11.99,42.024,-16.751,-1.4224,-39.883,-13.84,-35.433,-90.217,8.1059,25.886,25.886,8.1059,-90.217,-35.433,-13.84,-84.653,-13.84,-2.4442,42.024,25.455,-95.289,164.37,-36.977,164.37,-95.289,25.455,42.024,-2.4442,-13.84,-84.653,-30.976,18.775,-21.245,2.3189,-93.084,2.3189,-21.245,18.775,-30.976,-94.987,-30.976,-35.433,-17.044,11.99,-95.289,-31.891,29.006,29.006,-31.891,-95.289,11.99,-17.044,-35.433,-30.976,-94.987,-20.319,-23.204,86.742,102.13,102.13,86.742,-23.204,-20.319,-106.99,-20.319,18.775,-90.217,1.9974,-32.684,164.37,29.006,189.63,29.006,164.37,-32.684,1.9974,-90.217,18.775,-20.319,-106.99,-18.3,-2.2252,-30.02,75.376,-30.02,-2.2252,-18.3,-11.362,-18.3,-23.204,-21.245,8.1059,0.14012,29.68,-36.977,29.006,29.006,-36.977,29.68,0.14012,8.1059,-21.245,-23.204,-18.3,-11.362,12.253,2.9634,-8.2748,-8.2748,2.9634,12.253,-33.731,12.253,-2.2252,86.742,2.3189,25.886,1.5012,29.68,164.37,-31.891,164.37,29.68,1.5012,25.886,2.3189,86.742,-2.2252,12.253,-33.731,5.2562,19.143,19.522,19.143,5.2562,-41.308,5.2562,2.9634,-30.02,102.13,-93.084,25.886,0.14012,-32.684,-95.289,-95.289,-32.684,0.14012,25.886,-93.084,102.13,-30.02,2.9634,5.2562,-41.308,14.429,-0.77876,-0.77876,14.429,-54.939,14.429,19.143,-8.2748,75.376,102.13,2.3189,8.1059,1.9974,11.99,25.455,11.99,1.9974,8.1059,2.3189,102.13,75.376,-8.2748,19.143,14.429,-54.939,1.4914,-7.1881,1.4914,-19.945,1.4914,-0.77876,19.522,-8.2748,-30.02,86.742,-21.245,-90.217,-17.044,42.024,42.024,-17.044,-90.217,-21.245,86.742,-30.02,-8.2748,19.522,-0.77876,1.4914,-19.945,-5.6253,-5.6253,-5.5385,-5.6253,-7.1881,-0.77876,19.143,2.9634,-2.2252,-23.204,18.775,-35.433,-2.4442,-16.751,-2.4442,-35.433,18.775,-23.204,-2.2252,2.9634,19.143,-0.77876,-7.1881,-5.6253,-5.5385,-1.6558,-2.7636,-1.6558,-5.6253,1.4914,14.429,5.2562,12.253,-18.3,-20.319,-30.976,-13.84,-1.4224,-1.4224,-13.84,-30.976,-20.319,-18.3,12.253,5.2562,14.429,1.4914,-5.6253,-1.6558,-2.7636
0,-1.7721e-17,-1.3967e-16,1.485e-16,-5.7823e-16,-1.6889e-17,-2.8695e-16,-1.1154e-16,3.2049e-16,2.9615e-16,1.4424e-15,4.1053e-16,0,-4.1053e-16,-1.4424e-15,-2.9615e-16,-3.2049e-16,1.1154e-16,2.8695e-16,1.6889e-17,5.7823e-16,-1.485e-16,1.3967e-16,1.7721e-17,1.7721e-17,0,0.36669,0.20324,3.633,2.726,2.4942,-4.7332,5.0201,-33.649,-38.272,26.552,0.67758,0.67758,26.552,-38.272,-33.649,5.0201,-4.7332,2.4942,2.726,3.633,0.20324,0.36669,1.3967e-16,-0.36669,0,0.20324,-6.0172,11.181,11.512,10.88,-38.76,0.21655,1.5193,11.907,-4.6022,19.866,-4.6022,11.907,1.5193,0.21655,-38.76,10.88,11.512,11.181,-6.0172,0.20324,-1.485e-16,-0.20324,-0.20324,0,3.633,11.181,-58.74,-10.484,85.817,-30.581,-57.752,-120,-3.4712,100.51,100.51,-3.4712,-120,-57.752,-30.581,85.817,-10.484,-58.74,11.181,3.633,5.7823e-16,-3.633,6.0172,-3.633,0,2.726,11.512,-10.484,98.654,-3.8401,69.267,19.957,27.981,56.968,-124.75,56.968,27.981,19.957,69.267,-3.8401,98.654,-10.484,11.512,2.726,1.6889e-17,-2.726,-11.181,-11.181,-2.726,0,2.4942,10.88,85.817,-3.8401,-38.934,60.812,-0.38286,-14.746,142.84,142.84,-14.746,-0.38286,60.812,-38.934,-3.8401,85.817,10.88,2.4942,2.8695e-16,-2.4942,-11.512,58.74,-11.512,-2.4942,0,-4.7332,-38.76,-30.581,69.267,60.812,-12.601,21.473,-22.279,64.023,-22.279,21.473,-12.601,60.812,69.267,-30.581,-38.76,-4.7332,1.1154e-16,4.7332,-10.88,10.484,10.484,-10.88,4.7332,0,5.0201,0.21655,-57.752,19.957,-0.38286,21.473,-28.667,-65.522,-65.522,-28.667,21.473,-0.38286,19.957,-57.752,0.21655,5.0201,-3.2049e-16,-5.0201,38.76,-85.817,-98.654,-85.817,38.76,-5.0201,0,-33.649,1.5193,-120,27.981,-14.746,-22.279,-65.522,52.573,-65.522,-22.279,-14.746,27.981,-120,1.5193,-33.649,-2.9615e-16,33.649,-0.21655,30.581,3.8401,3.8401,30.581,-0.21655,33.649,0,-38.272,11.907,-3.4712,56.968,142.84,64.023,-65.522,-65.522,64.023,142.84,56.968,-3.4712,11.907,-38.272,-1.4424e-15,38.272,-1.5193,57.752,-69.267,38.934,-69.267,57.752,-1.5193,38.272,0,26.552,-4.6022,100.51,-124.75,142.84,-22.279,-28.667,-22.279,142.84,-124.75,100.51,-4.6022,26.552,-4.1053e-16,-26.552,-11.907,120,-19.957,-60.812,-60.812,-19.957,120,-11.907,-26.552,0,0.67758,19.866,100.51,56.968,-14.746,21.473,21.473,-14.746,56.968,100.51,19.866,0.67758,0,-0.67758,4.6022,3.4712,-27.981,0.38286,12.601,0.38286,-27.981,3.4712,4.6022,-0.67758,0,0.67758,-4.6022,-3.4712,27.981,-0.38286,-12.601,-0.38286,27.981,-3.4712,-4.6022,0.67758,4.1053e-16,-0.67758,-19.866,-100.51,-56.968,14.746,-21.473,-21.473,14.746,-56.968,-100.51,-19.866,-0.67758,0,26.552,11.907,-120,19.957,60.812,60.812,19.957,-120,11.907,26.552,1.4424e-15,-26.552,4.6022,-100.51,124.75,-142.84,22.279,28.667,22.279,-142.84,124.75,-100.51,4.6022,-26.552,0,-38.272,1.5193,-57.752,69.267,-38.934,69.267,-57.752,1.5193,-38.272,2.9615e-16,38.272,-11.907,3.4712,-56.968,-142.84,-64.023,65.522,65.522,-64.023,-142.84,-56.968,3.4712,-11.907,38.272,0,-33.649,0.21655,-30.581,-3.8401,-3.8401,-30.581,0.21655,-33.649,3.2049e-16,33.649,-1.5193,120,-27.981,14.746,22.279,65.522,-52.573,65.522,22.279,14.746,-27.981,120,-1.5193,33.649,0,5.0201,-38.76,85.817,98.654,85.817,-38.76,5.0201,-1.1154e-16,-5.0201,-0.21655,57.752,-19.957,0.38286,-21.473,28.667,65.522,65.522,28.667,-21.473,0.38286,-19.957,57.752,-0.21655,-5.0201,0,-4.7332,10.88,-10.484,-10.484,10.88,-4.7332,-2.8695e-16,4.7332,38.76,30.581,-69.267,-60.812,12.601,-21.473,22.279,-64.023,22.279,-21.473,12.601,-60.812,-69.267,30.581,38.76,4.7332,0,2.4942,11.512,-58.74,11.512,2.4942,-1.6889e-17,-2.4942,-10.88,-85.817,3.8401,38.934,-60.812,0.38286,14.746,-142.84,-142.84,14.746,0.38286,-60.812,38.934,3.8401,-85.817,-10.88,-2.4942,0,2.726,11.181,11.181,2.726,-5.7823e-16,-2.726,-11.512,10.484,-98.654,3.8401,-69.267,-19.957,-27.981,-56.968,124.75,-56.968,-27.981,-19.957,-69.267,3.8401,-98.654,10.484,-11.512,-2.726,0,3.633,-6.0172,3.633,1.485e-16,-3.633,-11.181,58.74,10.484,-85.817,30.581,57.752,120,3.4712,-100.51,-100.51,3.4712,120,57.752,30.581,-85.817,10.484,58.74,-11.181,-3.633,0,0.20324,0.20324,-1.3967e-16,-0.20324,6.0172,-11.181,-11.512,-10.88,38.76,-0.21655,-1.5193,-11.907,4.6022,-19.866,4.6022,-11.907,-1.5193,-0.21655,38.76,-10.88,-11.512,-11.181,6.0172,-0.20324,0,0.36669,-1.7721e-17,-0.36669,-0.20324,-3.633,-2.726,-2.4942,4.7332,-5.0201,33.649,38.272,-26.552,-0.67758,-0.67758,-26.552,38.272,33.649,-5.0201,4.7332,-2.4942,-2.726,-3.633,-0.20324,-0.36669,0
