-71.57,-12.643,-5.7641,-29.923,-65.988,39.013,-88.376,-121.05,6.4234,-44.697,-162.05,-0.98572,-15.673,-0.98572,-162.05,-44.697,6.4234,-121.05,-88.376,39.013,-65.988,-29.923,-5.7641,-12.643,-12.643,-12.643,-78.632,-49.954,-46.672,47.863,-18.647,11.469,-13.307,-20.584,-45.318,-11.668,20.042,20.042,-11.668,-45.318,-20.584,-13.307,11.469,-18.647,47.863,-46.672,-49.954,-78.632,-5.7641,-78.632,-5.7641,-49.954,-77.569,78.166,75.909,32.987,-34.772,10.058,14.588,-44.636,-83.632,-57.209,-83.632,-44.636,14.588,10.058,-34.772,32.987,75.909,78.166,-77.569,-49.954,-29.923,-49.954,-49.954,-29.923,-46.672,78.166,35.89,-44.182,34.444,-41.69,36.031,-25.961,-20.133,21.69,21.69,-20.133,-25.961,36.031,-41.69,34.444,-44.182,35.89,78.166,-46.672,-65.988,-46.672,-77.569,-46.672,-65.988,47.863,75.909,-44.182,3.5413,4.2008,-124.21,24.286,17.058,0.81954,132.29,0.81954,17.058,24.286,-124.21,4.2008,3.5413,-44.182,75.909,47.863,39.013,47.863,78.166,78.166,47.863,39.013,-18.647,32.987,34.444,4.2008,63.949,5.6805,-47.298,49.949,-16.378,-16.378,49.949,-47.298,5.6805,63.949,4.2008,34.444,32.987,-18.647,-88.376,-18.647,75.909,35.89,75.909,-18.647,-88.376,11.469,-34.772,-41.69,-124.21,5.6805,7.7722,-17.491,-33.901,6.0687,-33.901,-17.491,7.7722,5.6805,-124.21,-41.69,-34.772,11.469,-121.05,11.469,32.987,-44.182,-44.182,32.987,11.469,-121.05,-13.307,10.058,36.031,24.286,-47.298,-17.491,199.65,-16.217,-16.217,199.65,-17.491,-47.298,24.286,36.031,10.058,-13.307,6.4234,-13.307,-34.772,34.444,3.5413,34.444,-34.772,-13.307,6.4234,-20.584,14.588,-25.961,17.058,49.949,-33.901,-16.217,-28.411,-16.217,-33.901,49.949,17.058,-25.961,14.588,-20.584,-44.697,-20.584,10.058,-41.69,4.2008,4.2008,-41.69,10.058,-20.584,-44.697,-45.318,-44.636,-20.133,0.81954,-16.378,6.0687,-16.217,-16.217,6.0687,-16.378,0.81954,-20.133,-44.636,-45.318,-162.05,-45.318,14.588,36.031,-124.21,63.949,-124.21,36.031,14.588,-45.318,-162.05,-11.668,-83.632,21.69,132.29,-16.378,-33.901,199.65,-33.901,-16.378,132.29,21.69,-83.632,-11.668,-0.98572,-11.668,-44.636,-25.961,24.286,5.6805,5.6805,24.286,-25.961,-44.636,-11.668,-0.98572,20.042,-57.209,21.69,0.81954,49.949,-17.491,-17.491,49.949,0.81954,21.69,-57.209,20.042,-15.673,20.042,-83.632,-20.133,17.058,-47.298,7.7722,-47.298,17.058,-20.133,-83.632,20.042,-15.673,20.042,-83.632,-20.133,17.058,-47.298,7.7722,-47.298,17.058,-20.133,-83.632,20.042,-0.98572,20.042,-57.209,21.69,0.81954,49.949,-17.491,-17.491,49.949,0.81954,21.69,-57.209,20.042,-0.98572,-11.668,-44.636,-25.961,24.286,5.6805,5.6805,24.286,-25.961,-44.636,-11.668,-162.05,-11.668,-83.632,21.69,132.29,-16.378,-33.901,199.65,-33.901,-16.378,132.29,21.69,-83.632,-11.668,-162.05,-45.318,14.588,36.031,-124.21,63.949,-124.21,36.031,14.588,-45.318,-44.697,-45.318,-44.636,-20.133,0.81954,-16.378,6.0687,-16.217,-16.217,6.0687,-16.378,0.81954,-20.133,-44.636,-45.318,-44.697,-20.584,10.058,-41.69,4.2008,4.2008,-41.69,10.058,-20.584,6.4234,-20.584,14.588,-25.961,17.058,49.949,-33.901,-16.217,-28.411,-16.217,-33.901,49.949,17.058,-25.961,14.588,-20.584,6.4234,-13.307,-34.772,34.444,3.5413,34.444,-34.772,-13.307,-121.05,-13.307,10.058,36.031,24.286,-47.298,-17.491,199.65,-16.217,-16.217,199.65,-17.491,-47.298,24.286,36.031,10.058,-13.307,-121.05,11.469,32.987,-44.182,-44.182,32.987,11.469,-88.376,11.469,-34.772,-41.69,-124.21,5.6805,7.7722,-17.491,-33.901,6.0687,-33.901,-17.491,7.7722,5.6805,-124.21,-41.69,-34.772,11.469,-88.376,-18.647,75.909,35.89,75.909,-18.647,39.013,-18.647,32.987,34.444,4.2008,63.949,5.6805,-47.298,49.949,-16.378,-16.378,49.949,-47.298,5.6805,63.949,4.2008,34.444,32.987,-18.647,39.013,47.863,78.166,78.166,47.863,-65.988,47.863,75.909,-44.182,3.5413,4.2008,-124.21,24.286,17.058,0.81954,132.29,0.81954,17.058,24.286,-124.21,4.2008,3.5413,-44.182,75.909,47.863,-65.988,-46.672,-77.569,-46.672,-29.923,-46.672,78.166,35.89,-44.182,34.444,-41.69,36.031,-25.961,-20.133,21.69,21.69,-20.133,-25.961,36.031,-41.69,34.444,-44.182,35.89,78.166,-46.672,-29.923,-49.954,-49.954,-5.7641,-49.954,-77.569,78.166,75.909,32.987,-34.772,10.058,14.588,-44.636,-83.632,-57.209,-83.632,-44.636,14.588,10.058,-34.772,32.987,75.909,78.166,-77.569,-49.954,-5.7641,-78.632,-12.643,-78.632,-49.954,-46.672,47.863,-18.647,11.469,-13.307,-20.584,-45.318,-11.668,20.042,20.042,-11.668,-45.318,-20.584,-13.307,11.469,-18.647,47.863,-46.672,-49.954,-78.632,-12.643
0,-4.3833e-16,-1.189e-15,-3.6922e-16,7.3772e-17,-2.7246e-16,-4.4054e-18,-1.9919e-15,1.8608e-16,1.3055e-15,-2.4807e-15,1.1001e-16,0,-1.1001e-16,2.4807e-15,-1.3055e-15,-1.8608e-16,1.9919e-15,4.4054e-18,2.7246e-16,-7.3772e-17,3.6922e-16,1.189e-15,4.3833e-16,4.3833e-16,0,32.176,27.203,-0.84115,3.4394,-12.96,-68.076,9.7199,20.734,-10.802,-0.91395,5.0667,5.0667,-0.91395,-10.802,20.734,9.7199,-68.076,-12.96,3.4394,-0.84115,27.203,32.176,1.189e-15,-32.176,0,27.203,31.79,12.744,48.322,-96.504,-27.214,82.751,-9.2433,-26.643,74.278,12.512,74.278,-26.643,-9.2433,82.751,-27.214,-96.504,48.322,12.744,31.79,27.203,3.6922e-16,-27.203,-27.203,0,-0.84115,12.744,17.23,65.588,-6.0858,18.262,109.9,-7.638,24.409,31.584,31.584,24.409,-7.638,109.9,18.262,-6.0858,65.588,17.23,12.744,-0.84115,-7.3772e-17,0.84115,-31.79,0.84115,0,3.4394,48.322,65.588,-20.894,-14.039,34.842,3.2822,32.577,13.147,98.837,13.147,32.577,3.2822,34.842,-14.039,-20.894,65.588,48.322,3.4394,2.7246e-16,-3.4394,-12.744,-12.744,-3.4394,0,-12.96,-96.504,-6.0858,-14.039,5.1426,12.913,-29.997,11.348,-22.083,-22.083,11.348,-29.997,12.913,5.1426,-14.039,-6.0858,-96.504,-12.96,4.4054e-18,12.96,-48.322,-17.23,-48.322,12.96,0,-68.076,-27.214,18.262,34.842,12.913,-57.704,35.365,-26.536,-51.131,-26.536,35.365,-57.704,12.913,34.842,18.262,-27.214,-68.076,1.9919e-15,68.076,96.504,-65.588,-65.588,96.504,68.076,0,9.7199,82.751,109.9,3.2822,-29.997,35.365,-27.934,5.543,5.543,-27.934,35.365,-29.997,3.2822,109.9,82.751,9.7199,-1.8608e-16,-9.7199,27.214,6.0858,20.894,6.0858,27.214,-9.7199,0,20.734,-9.2433,-7.638,32.577,11.348,-26.536,5.543,-34.238,5.543,-26.536,11.348,32.577,-7.638,-9.2433,20.734,-1.3055e-15,-20.734,-82.751,-18.262,14.039,14.039,-18.262,-82.751,-20.734,0,-10.802,-26.643,24.409,13.147,-22.083,-51.131,5.543,5.543,-51.131,-22.083,13.147,24.409,-26.643,-10.802,2.4807e-15,10.802,9.2433,-109.9,-34.842,-5.1426,-34.842,-109.9,9.2433,10.802,0,-0.91395,74.278,31.584,98.837,-22.083,-26.536,-27.934,-26.536,-22.083,98.837,31.584,74.278,-0.91395,-1.1001e-16,0.91395,26.643,7.638,-3.2822,-12.913,-12.913,-3.2822,7.638,26.643,0.91395,0,5.0667,12.512,31.584,13.147,11.348,35.365,35.365,11.348,13.147,31.584,12.512,5.0667,0,-5.0667,-74.278,-24.409,-32.577,29.997,57.704,29.997,-32.577,-24.409,-74.278,-5.0667,0,5.0667,74.278,24.409,32.577,-29.997,-57.704,-29.997,32.577,24.409,74.278,5.0667,1.1001e-16,-5.0667,-12.512,-31.584,-13.147,-11.348,-35.365,-35.365,-11.348,-13.147,-31.584,-12.512,-5.0667,0,-0.91395,-26.643,-7.638,3.2822,12.913,12.913,3.2822,-7.638,-26.643,-0.91395,-2.4807e-15,0.91395,-74.278,-31.584,-98.837,22.083,26.536,27.934,26.536,22.083,-98.837,-31.584,-74.278,0.91395,0,-10.802,-9.2433,109.9,34.842,5.1426,34.842,109.9,-9.2433,-10.802,1.3055e-15,10.802,26.643,-24.409,-13.147,22.083,51.131,-5.543,-5.543,51.131,22.083,-13.147,-24.409,26.643,10.802,0,20.734,82.751,18.262,-14.039,-14.039,18.262,82.751,20.734,1.8608e-16,-20.734,9.2433,7.638,-32.577,-11.348,26.536,-5.543,34.238,-5.543,26.536,-11.348,-32.577,7.638,9.2433,-20.734,0,9.7199,-27.214,-6.0858,-20.894,-6.0858,-27.214,9.7199,-1.9919e-15,-9.7199,-82.751,-109.9,-3.2822,29.997,-35.365,27.934,-5.543,-5.543,27.934,-35.365,29.997,-3.2822,-109.9,-82.751,-9.7199,0,-68.076,-96.504,65.588,65.588,-96.504,-68.076,-4.4054e-18,68.076,27.214,-18.262,-34.842,-12.913,57.704,-35.365,26.536,51.131,26.536,-35.365,57.704,-12.913,-34.842,-18.262,27.214,68.076,0,-12.96,48.322,17.23,48.322,-12.96,-2.7246e-16,12.96,96.504,6.0858,14.039,-5.1426,-12.913,29.997,-11.348,22.083,22.083,-11.348,29.997,-12.913,-5.1426,14.039,6.0858,96.504,12.96,0,3.4394,12.744,12.744,3.4394,7.3772e-17,-3.4394,-48.322,-65.588,20.894,14.039,-34.842,-3.2822,-32.577,-13.147,-98.837,-13.147,-32.577,-3.2822,-34.842,14.039,20.894,-65.588,-48.322,-3.4394,0,-0.84115,31.79,-0.84115,-3.6922e-16,0.84115,-12.744,-17.23,-65.588,6.0858,-18.262,-109.9,7.638,-24.409,-31.584,-31.584,-24.409,7.638,-109.9,-18.262,6.0858,-65.588,-17.23,-12.744,0.84115,0,27.203,27.203,-1.189e-15,-27.203,-31.79,-12.744,-48.322,96.504,27.214,-82.751,9.2433,26.643,-74.278,-12.512,-74.278,26.643,9.2433,-82.751,27.214,96.504,-48.322,-12.744,-31.79,-27.203,0,32.176,-4.3833e-16,-32.176,-27.203,0.84115,-3.4394,12.96,68.076,-9.7199,-20.734,10.802,0.91395,-5.0667,-5.0667,0.91395,10.802,-20.734,-9.7199,68.076,12.96,-3.4394,0.84115,-27.203,-32.176,0
