79.417,28.639,112.39,101.29,57.236,208.26,43.618,21.213,20.279,25.495,225.86,49.101,73.313,49.101,225.86,25.495,20.279,21.213,43.618,208.26,57.236,101.29,112.39,28.639,28.639,28.639,1.731,2.5493,-18.582,9.8112,7.8936,-8.0476,-3.7513,-5.2192,-22.014,-12.305,4.1334,4.1334,-12.305,-22.014,-5.2192,-3.7513,-8.0476,7.8936,9.8112,-18.582,2.5493,1.731,112.39,1.731,112.39,2.5493,23.563,-0.96164,42.014,27.346,-25.886,-9.7423,73.478,20.876,97.354,-30.882,97.354,20.876,73.478,-9.7423,-25.886,27.346,42.014,-0.96164,23.563,2.5493,101.29,2.5493,2.5493,101.29,-18.582,-0.96164,-36.076,-41.637,-13.965,21.822,-93.704,-1.2781,23.164,14.804,14.804,23.164,-1.2781,-93.704,21.822,-13.965,-41.637,-36.076,-0.96164,-18.582,57.236,-18.582,23.563,-18.582,57.236,9.8112,42.014,-41.637,-10.322,40.014,-41.921,-7.5338,20.326,-9.4695,128.55,-9.4695,20.326,-7.5338,-41.921,40.014,-10.322,-41.637,42.014,9.8112,208.26,9.8112,-0.96164,-0.96164,9.8112,208.26,7.8936,27.346,-13.965,40.014,-47.13,-23.906,21.797,18.977,-21.309,-21.309,18.977,21.797,-23.906,-47.13,40.014,-13.965,27.346,7.8936,43.618,7.8936,42.014,-36.076,42.014,7.8936,43.618,-8.0476,-25.886,21.822,-41.921,-23.906,-53.039,7.8505,56.553,0.023676,56.553,7.8505,-53.039,-23.906,-41.921,21.822,-25.886,-8.0476,21.213,-8.0476,27.346,-41.637,-41.637,27.346,-8.0476,21.213,-3.7513,-9.7423,-93.704,-7.5338,21.797,7.8505,43.317,-6.8744,-6.8744,43.317,7.8505,21.797,-7.5338,-93.704,-9.7423,-3.7513,20.279,-3.7513,-25.886,-13.965,-10.322,-13.965,-25.886,-3.7513,20.279,-5.2192,73.478,-1.2781,20.326,18.977,56.553,-6.8744,-9.3404,-6.8744,56.553,18.977,20.326,-1.2781,73.478,-5.2192,25.495,-5.2192,-9.7423,21.822,40.014,40.014,21.822,-9.7423,-5.2192,25.495,-22.014,20.876,23.164,-9.4695,-21.309,0.023676,-6.8744,-6.8744,0.023676,-21.309,-9.4695,23.164,20.876,-22.014,225.86,-22.014,73.478,-93.704,-41.921,-47.13,-41.921,-93.704,73.478,-22.014,225.86,-12.305,97.354,14.804,128.55,-21.309,56.553,43.317,56.553,-21.309,128.55,14.804,97.354,-12.305,49.101,-12.305,20.876,-1.2781,-7.5338,-23.906,-23.906,-7.5338,-1.2781,20.876,-12.305,49.101,4.1334,-30.882,14.804,-9.4695,18.977,7.8505,7.8505,18.977,-9.4695,14.804,-30.882,4.1334,73.313,4.1334,97.354,23.164,20.326,21.797,-53.039,21.797,20.326,23.164,97.354,4.1334,73.313,4.1334,97.354,23.164,20.326,21.797,-53.039,21.797,20.326,23.164,97.354,4.1334,49.101,4.1334,-30.882,14.804,-9.4695,18.977,7.8505,7.8505,18.977,-9.4695,14.804,-30.882,4.1334,49.101,-12.305,20.876,-1.2781,-7.5338,-23.906,-23.906,-7.5338,-1.2781,20.876,-12.305,225.86,-12.305,97.354,14.804,128.55,-21.309,56.553,43.317,56.553,-21.309,128.55,14.804,97.354,-12.305,225.86,-22.014,73.478,-93.704,-41.921,-47.13,-41.921,-93.704,73.478,-22.014,25.495,-22.014,20.876,23.164,-9.4695,-21.309,0.023676,-6.8744,-6.8744,0.023676,-21.309,-9.4695,23.164,20.876,-22.014,25.495,-5.2192,-9.7423,21.822,40.014,40.014,21.822,-9.7423,-5.2192,20.279,-5.2192,73.478,-1.2781,20.326,18.977,56.553,-6.8744,-9.3404,-6.8744,56.553,18.977,20.326,-1.2781,73.478,-5.2192,20.279,-3.7513,-25.886,-13.965,-10.322,-13.965,-25.886,-3.7513,21.213,-3.7513,-9.7423,-93.704,-7.5338,21.797,7.8505,43.317,-6.8744,-6.8744,43.317,7.8505,21.797,-7.5338,-93.704,-9.7423,-3.7513,21.213,-8.0476,27.346,-41.637,-41.637,27.346,-8.0476,43.618,-8.0476,-25.886,21.822,-41.921,-23.906,-53.039,7.8505,56.553,0.023676,56.553,7.8505,-53.039,-23.906,-41.921,21.822,-25.886,-8.0476,43.618,7.8936,42.014,-36.076,42.014,7.8936,208.26,7.8936,27.346,-13.965,40.014,-47.13,-23.906,21.797,18.977,-21.309,-21.309,18.977,21.797,-23.906,-47.13,40.014,-13.965,27.346,7.8936,208.26,9.8112,-0.96164,-0.96164,9.8112,57.236,9.8112,42.014,-41.637,-10.322,40.014,-41.921,-7.5338,20.326,-9.4695,128.55,-9.4695,20.326,-7.5338,-41.921,40.014,-10.322,-41.637,42.014,9.8112,57.236,-18.582,23.563,-18.582,101.29,-18.582,-0.96164,-36.076,-41.637,-13.965,21.822,-93.704,-1.2781,23.164,14.804,14.804,23.164,-1.2781,-93.704,21.822,-13.965,-41.637,-36.076,-0.96164,-18.582,101.29,2.5493,2.5493,112.39,2.5493,23.563,-0.96164,42.014,27.346,-25.886,-9.7423,73.478,20.876,97.354,-30.882,97.354,20.876,73.478,-9.7423,-25.886,27.346,42.014,-0.96164,23.563,2.5493,112.39,1.731,28.639,1.731,2.5493,-18.582,9.8112,7.8936,-8.0476,-3.7513,-5.2192,-22.014,-12.305,4.1334,4.1334,-12.305,-22.014,-5.2192,-3.7513,-8.0476,7.8936,9.8112,-18.582,2.5493,1.731,28.639
0,-5.2082e-16,8.6931e-16,3.2444e-15,-5.8932e-16,7.3666e-17,-2.9547e-16,1.6184e-16,-2.7889e-17,3.7018e-16,4.5136e-15,1.5559e-15,0,-1.5559e-15,-4.5136e-15,-3.7018e-16,2.7889e-17,-1.6184e-16,2.9547e-16,-7.3666e-17,5.8932e-16,-3.2444e-15,-8.6931e-16,5.2082e-16,5.2082e-16,0,-24.838,40.165,20.402,43.531,25.724,-2.7817,-2.2465,-1.8512,0.81903,41.472,7.46,7.46,41.472,0.81903,-1.8512,-2.2465,-2.7817,25.724,43.531,20.402,40.165,-24.838,-8.6931e-16,24.838,0,40.165,-101.31,-0.17176,27.689,-20.659,29.944,-0.14553,54.232,6.9606,-145.33,14.393,-145.33,6.9606,54.232,-0.14553,29.944,-20.659,27.689,-0.17176,-101.31,40.165,-3.2444e-15,-40.165,-40.165,0,20.402,-0.17176,86.419,-0.26807,2.1646,-14.762,6.5317,18.587,-27.351,6.3763,6.3763,-27.351,18.587,6.5317,-14.762,2.1646,-0.26807,86.419,-0.17176,20.402,5.8932e-16,-20.402,101.31,-20.402,0,43.531,27.689,-0.26807,-28.994,-19.491,-66.09,9.5731,32.663,-22.975,-49.48,-22.975,32.663,9.5731,-66.09,-19.491,-28.994,-0.26807,27.689,43.531,-7.3666e-17,-43.531,0.17176,0.17176,-43.531,0,25.724,-20.659,2.1646,-19.491,229.67,25.123,11.667,-14.001,-61.611,-61.611,-14.001,11.667,25.123,229.67,-19.491,2.1646,-20.659,25.724,2.9547e-16,-25.724,-27.689,-86.419,-27.689,-25.724,0,-2.7817,29.944,-14.762,-66.09,25.123,27.318,7.425,-31.269,6.649,-31.269,7.425,27.318,25.123,-66.09,-14.762,29.944,-2.7817,-1.6184e-16,2.7817,20.659,0.26807,0.26807,20.659,2.7817,0,-2.2465,-0.14553,6.5317,9.5731,11.667,7.425,-15.479,-0.30919,-0.30919,-15.479,7.425,11.667,9.5731,6.5317,-0.14553,-2.2465,2.7889e-17,2.2465,-29.944,-2.1646,28.994,-2.1646,-29.944,2.2465,0,-1.8512,54.232,18.587,32.663,-14.001,-31.269,-0.30919,-10.089,-0.30919,-31.269,-14.001,32.663,18.587,54.232,-1.8512,-3.7018e-16,1.8512,0.14553,14.762,19.491,19.491,14.762,0.14553,1.8512,0,0.81903,6.9606,-27.351,-22.975,-61.611,6.649,-0.30919,-0.30919,6.649,-61.611,-22.975,-27.351,6.9606,0.81903,-4.5136e-15,-0.81903,-54.232,-6.5317,66.09,-229.67,66.09,-6.5317,-54.232,-0.81903,0,41.472,-145.33,6.3763,-49.48,-61.611,-31.269,-15.479,-31.269,-61.611,-49.48,6.3763,-145.33,41.472,-1.5559e-15,-41.472,-6.9606,-18.587,-9.5731,-25.123,-25.123,-9.5731,-18.587,-6.9606,-41.472,0,7.46,14.393,6.3763,-22.975,-14.001,7.425,7.425,-14.001,-22.975,6.3763,14.393,7.46,0,-7.46,145.33,27.351,-32.663,-11.667,-27.318,-11.667,-32.663,27.351,145.33,-7.46,0,7.46,-145.33,-27.351,32.663,11.667,27.318,11.667,32.663,-27.351,-145.33,7.46,1.5559e-15,-7.46,-14.393,-6.3763,22.975,14.001,-7.425,-7.425,14.001,22.975,-6.3763,-14.393,-7.46,0,41.472,6.9606,18.587,9.5731,25.123,25.123,9.5731,18.587,6.9606,41.472,4.5136e-15,-41.472,145.33,-6.3763,49.48,61.611,31.269,15.479,31.269,61.611,49.48,-6.3763,145.33,-41.472,0,0.81903,54.232,6.5317,-66.09,229.67,-66.09,6.5317,54.232,0.81903,3.7018e-16,-0.81903,-6.9606,27.351,22.975,61.611,-6.649,0.30919,0.30919,-6.649,61.611,22.975,27.351,-6.9606,-0.81903,0,-1.8512,-0.14553,-14.762,-19.491,-19.491,-14.762,-0.14553,-1.8512,-2.7889e-17,1.8512,-54.232,-18.587,-32.663,14.001,31.269,0.30919,10.089,0.30919,31.269,14.001,-32.663,-18.587,-54.232,1.8512,0,-2.2465,29.944,2.1646,-28.994,2.1646,29.944,-2.2465,1.6184e-16,2.2465,0.14553,-6.5317,-9.5731,-11.667,-7.425,15.479,0.30919,0.30919,15.479,-7.425,-11.667,-9.5731,-6.5317,0.14553,2.2465,0,-2.7817,-20.659,-0.26807,-0.26807,-20.659,-2.7817,-2.9547e-16,2.7817,-29.944,14.762,66.09,-25.123,-27.318,-7.425,31.269,-6.649,31.269,-7.425,-27.318,-25.123,66.09,14.762,-29.944,2.7817,0,25.724,27.689,86.419,27.689,25.724,7.3666e-17,-25.724,20.659,-2.1646,19.491,-229.67,-25.123,-11.667,14.001,61.611,61.611,14.001,-11.667,-25.123,-229.67,19.491,-2.1646,20.659,-25.724,0,43.531,-0.17176,-0.17176,43.531,-5.8932e-16,-43.531,-27.689,0.26807,28.994,19.491,66.09,-9.5731,-32.663,22.975,49.48,22.975,-32.663,-9.5731,66.09,19.491,28.994,0.26807,-27.689,-43.531,0,20.402,-101.31,20.402,3.2444e-15,-20.402,0.17176,-86.419,0.26807,-2.1646,14.762,-6.5317,-18.587,27.351,-6.3763,-6.3763,27.351,-18.587,-6.5317,14.762,-2.1646,0.26807,-86.419,0.17176,-20.402,0,40.165,40.165,8.6931e-16,-40.165,101.31,0.17176,-27.689,20.659,-29.944,0.14553,-54.232,-6.9606,145.33,-14.393,145.33,-6.9606,-54.232,0.14553,-29.944,20.659,-27.689,0.17176,101.31,-40.165,0,-24.838,-5.2082e-16,24.838,-40.165,-20.402,-43.531,-25.724,2.7817,2.2465,1.8512,-0.81903,-41.472,-7.46,-7.46,-41.472,-0.81903,1.8512,2.2465,2.7817,-25.724,-43.531,-20.402,-40.165,24.838,0
