-10.821,-33.589,6.4467,-19.671,-19.158,-19.076,10.213,-104.86,-49.178,-21.2,-17.674,-13.062,-39.013,-13.062,-17.674,-21.2,-49.178,-104.86,10.213,-19.076,-19.158,-19.671,6.4467,-33.589,-33.589,-33.589,55.775,-34.694,180.6,-30.013,-38.843,17.371,132.22,-38.131,-18.978,20.997,-26.098,-26.098,20.997,-18.978,-38.131,132.22,17.371,-38.843,-30.013,180.6,-34.694,55.775,6.4467,55.775,6.4467,-34.694,119.35,41.958,-128.86,60.826,54.836,-90.333,18.139,4.8586,11.372,-1.9778,11.372,4.8586,18.139,-90.333,54.836,60.826,-128.86,41.958,119.35,-34.694,-19.671,-34.694,-34.694,-19.671,180.6,41.958,-90.321,138.61,-52.098,67.438,36.15,33.909,-11.017,19.741,19.741,-11.017,33.909,36.15,67.438,-52.098,138.61,-90.321,41.958,180.6,-19.158,180.6,119.35,180.6,-19.158,-30.013,-128.86,138.61,28.685,-47.032,52.227,47.633,-33.229,-30.549,23.204,-30.549,-33.229,47.633,52.227,-47.032,28.685,138.61,-128.86,-30.013,-19.076,-30.013,41.958,41.958,-30.013,-19.076,-38.843,60.826,-52.098,-47.032,-26.841,16.884,-7.1413,31.911,-26.559,-26.559,31.911,-7.1413,16.884,-26.841,-47.032,-52.098,60.826,-38.843,10.213,-38.843,-128.86,-90.321,-128.86,-38.843,10.213,17.371,54.836,67.438,52.227,16.884,42.338,33.035,7.8867,48.374,7.8867,33.035,42.338,16.884,52.227,67.438,54.836,17.371,-104.86,17.371,60.826,138.61,138.61,60.826,17.371,-104.86,132.22,-90.333,36.15,47.633,-7.1413,33.035,135.58,-94.484,-94.484,135.58,33.035,-7.1413,47.633,36.15,-90.333,132.22,-49.178,132.22,54.836,-52.098,28.685,-52.098,54.836,132.22,-49.178,-38.131,18.139,33.909,-33.229,31.911,7.8867,-94.484,-52.11,-94.484,7.8867,31.911,-33.229,33.909,18.139,-38.131,-21.2,-38.131,-90.333,67.438,-47.032,-47.032,67.438,-90.333,-38.131,-21.2,-18.978,4.8586,-11.017,-30.549,-26.559,48.374,-94.484,-94.484,48.374,-26.559,-30.549,-11.017,4.8586,-18.978,-17.674,-18.978,18.139,36.15,52.227,-26.841,52.227,36.15,18.139,-18.978,-17.674,20.997,11.372,19.741,23.204,-26.559,7.8867,135.58,7.8867,-26.559,23.204,19.741,11.372,20.997,-13.062,20.997,4.8586,33.909,47.633,16.884,16.884,47.633,33.909,4.8586,20.997,-13.062,-26.098,-1.9778,19.741,-30.549,31.911,33.035,33.035,31.911,-30.549,19.741,-1.9778,-26.098,-39.013,-26.098,11.372,-11.017,-33.229,-7.1413,42.338,-7.1413,-33.229,-11.017,11.372,-26.098,-39.013,-26.098,11.372,-11.017,-33.229,-7.1413,42.338,-7.1413,-33.229,-11.017,11.372,-26.098,-13.062,-26.098,-1.9778,19.741,-30.549,31.911,33.035,33.035,31.911,-30.549,19.741,-1.9778,-26.098,-13.062,20.997,4.8586,33.909,47.633,16.884,16.884,47.633,33.909,4.8586,20.997,-17.674,20.997,11.372,19.741,23.204,-26.559,7.8867,135.58,7.8867,-26.559,23.204,19.741,11.372,20.997,-17.674,-18.978,18.139,36.15,52.227,-26.841,52.227,36.15,18.139,-18.978,-21.2,-18.978,4.8586,-11.017,-30.549,-26.559,48.374,-94.484,-94.484,48.374,-26.559,-30.549,-11.017,4.8586,-18.978,-21.2,-38.131,-90.333,67.438,-47.032,-47.032,67.438,-90.333,-38.131,-49.178,-38.131,18.139,33.909,-33.229,31.911,7.8867,-94.484,-52.11,-94.484,7.8867,31.911,-33.229,33.909,18.139,-38.131,-49.178,132.22,54.836,-52.098,28.685,-52.098,54.836,132.22,-104.86,132.22,-90.333,36.15,47.633,-7.1413,33.035,135.58,-94.484,-94.484,135.58,33.035,-7.1413,47.633,36.15,-90.333,132.22,-104.86,17.371,60.826,138.61,138.61,60.826,17.371,10.213,17.371,54.836,67.438,52.227,16.884,42.338,33.035,7.8867,48.374,7.8867,33.035,42.338,16.884,52.227,67.438,54.836,17.371,10.213,-38.843,-128.86,-90.321,-128.86,-38.843,-19.076,-38.843,60.826,-52.098,-47.032,-26.841,16.884,-7.1413,31.911,-26.559,-26.559,31.911,-7.1413,16.884,-26.841,-47.032,-52.098,60.826,-38.843,-19.076,-30.013,41.958,41.958,-30.013,-19.158,-30.013,-128.86,138.61,28.685,-47.032,52.227,47.633,-33.229,-30.549,23.204,-30.549,-33.229,47.633,52.227,-47.032,28.685,138.61,-128.86,-30.013,-19.158,180.6,119.35,180.6,-19.671,180.6,41.958,-90.321,138.61,-52.098,67.438,36.15,33.909,-11.017,19.741,19.741,-11.017,33.909,36.15,67.438,-52.098,138.61,-90.321,41.958,180.6,-19.671,-34.694,-34.694,6.4467,-34.694,119.35,41.958,-128.86,60.826,54.836,-90.333,18.139,4.8586,11.372,-1.9778,11.372,4.8586,18.139,-90.333,54.836,60.826,-128.86,41.958,119.35,-34.694,6.4467,55.775,-33.589,55.775,-34.694,180.6,-30.013,-38.843,17.371,132.22,-38.131,-18.978,20.997,-26.098,-26.098,20.997,-18.978,-38.131,132.22,17.371,-38.843,-30.013,180.6,-34.694,55.775,-33.589
0,-4.8366e-16,1.1022e-16,2.9534e-16,5.8776e-16,-5.8204e-16,3.006e-16,-7.3452e-17,-1.556e-16,2.6197e-16,-1.5138e-16,1.1114e-16,0,-1.1114e-16,1.5138e-16,-2.6197e-16,1.556e-16,7.3452e-17,-3.006e-16,5.8204e-16,-5.8776e-16,-2.9534e-16,-1.1022e-16,4.8366e-16,4.8366e-16,0,-157.41,-122.85,33.328,-91.508,68.024,55.963,-49.024,44.783,37.408,-24.425,66.266,66.266,-24.425,37.408,44.783,-49.024,55.963,68.024,-91.508,33.328,-122.85,-157.41,-1.1022e-16,157.41,0,-122.85,-43.618,-18.755,65.841,3.3603,21.433,27.791,-24.751,-2.0998,34.477,-17.645,34.477,-2.0998,-24.751,27.791,21.433,3.3603,65.841,-18.755,-43.618,-122.85,-2.9534e-16,122.85,122.85,0,33.328,-18.755,-86.179,65.027,-19.935,17.087,56.452,26.264,70.002,4.6335,4.6335,70.002,26.264,56.452,17.087,-19.935,65.027,-86.179,-18.755,33.328,-5.8776e-16,-33.328,43.618,-33.328,0,-91.508,65.841,65.027,-8.8729,-38.103,28.879,7.759,89.824,1.7996,-14.777,1.7996,89.824,7.759,28.879,-38.103,-8.8729,65.027,65.841,-91.508,5.8204e-16,91.508,18.755,18.755,91.508,0,68.024,3.3603,-19.935,-38.103,-6.3082,14.133,-98.773,9.2897,-29.124,-29.124,9.2897,-98.773,14.133,-6.3082,-38.103,-19.935,3.3603,68.024,-3.006e-16,-68.024,-65.841,86.179,-65.841,-68.024,0,55.963,21.433,17.087,28.879,14.133,-74.846,-62.025,-48.549,61.151,-48.549,-62.025,-74.846,14.133,28.879,17.087,21.433,55.963,7.3452e-17,-55.963,-3.3603,-65.027,-65.027,-3.3603,-55.963,0,-49.024,27.791,56.452,7.759,-98.773,-62.025,-67.043,81.322,81.322,-67.043,-62.025,-98.773,7.759,56.452,27.791,-49.024,1.556e-16,49.024,-21.433,19.935,8.8729,19.935,-21.433,49.024,0,44.783,-24.751,26.264,89.824,9.2897,-48.549,81.322,-104.25,81.322,-48.549,9.2897,89.824,26.264,-24.751,44.783,-2.6197e-16,-44.783,-27.791,-17.087,38.103,38.103,-17.087,-27.791,-44.783,0,37.408,-2.0998,70.002,1.7996,-29.124,61.151,81.322,81.322,61.151,-29.124,1.7996,70.002,-2.0998,37.408,1.5138e-16,-37.408,24.751,-56.452,-28.879,6.3082,-28.879,-56.452,24.751,-37.408,0,-24.425,34.477,4.6335,-14.777,-29.124,-48.549,-67.043,-48.549,-29.124,-14.777,4.6335,34.477,-24.425,-1.1114e-16,24.425,2.0998,-26.264,-7.759,-14.133,-14.133,-7.759,-26.264,2.0998,24.425,0,66.266,-17.645,4.6335,1.7996,9.2897,-62.025,-62.025,9.2897,1.7996,4.6335,-17.645,66.266,0,-66.266,-34.477,-70.002,-89.824,98.773,74.846,98.773,-89.824,-70.002,-34.477,-66.266,0,66.266,34.477,70.002,89.824,-98.773,-74.846,-98.773,89.824,70.002,34.477,66.266,1.1114e-16,-66.266,17.645,-4.6335,-1.7996,-9.2897,62.025,62.025,-9.2897,-1.7996,-4.6335,17.645,-66.266,0,-24.425,-2.0998,26.264,7.759,14.133,14.133,7.759,26.264,-2.0998,-24.425,-1.5138e-16,24.425,-34.477,-4.6335,14.777,29.124,48.549,67.043,48.549,29.124,14.777,-4.6335,-34.477,24.425,0,37.408,-24.751,56.452,28.879,-6.3082,28.879,56.452,-24.751,37.408,2.6197e-16,-37.408,2.0998,-70.002,-1.7996,29.124,-61.151,-81.322,-81.322,-61.151,29.124,-1.7996,-70.002,2.0998,-37.408,0,44.783,27.791,17.087,-38.103,-38.103,17.087,27.791,44.783,-1.556e-16,-44.783,24.751,-26.264,-89.824,-9.2897,48.549,-81.322,104.25,-81.322,48.549,-9.2897,-89.824,-26.264,24.751,-44.783,0,-49.024,21.433,-19.935,-8.8729,-19.935,21.433,-49.024,-7.3452e-17,49.024,-27.791,-56.452,-7.759,98.773,62.025,67.043,-81.322,-81.322,67.043,62.025,98.773,-7.759,-56.452,-27.791,49.024,0,55.963,3.3603,65.027,65.027,3.3603,55.963,3.006e-16,-55.963,-21.433,-17.087,-28.879,-14.133,74.846,62.025,48.549,-61.151,48.549,62.025,74.846,-14.133,-28.879,-17.087,-21.433,-55.963,0,68.024,65.841,-86.179,65.841,68.024,-5.8204e-16,-68.024,-3.3603,19.935,38.103,6.3082,-14.133,98.773,-9.2897,29.124,29.124,-9.2897,98.773,-14.133,6.3082,38.103,19.935,-3.3603,-68.024,0,-91.508,-18.755,-18.755,-91.508,5.8776e-16,91.508,-65.841,-65.027,8.8729,38.103,-28.879,-7.759,-89.824,-1.7996,14.777,-1.7996,-89.824,-7.759,-28.879,38.103,8.8729,-65.027,-65.841,91.508,0,33.328,-43.618,33.328,2.9534e-16,-33.328,18.755,86.179,-65.027,19.935,-17.087,-56.452,-26.264,-70.002,-4.6335,-4.6335,-70.002,-26.264,-56.452,-17.087,19.935,-65.027,86.179,18.755,-33.328,0,-122.85,-122.85,1.1022e-16,122.85,43.618,18.755,-65.841,-3.3603,-21.433,-27.791,24.751,2.0998,-34.477,17.645,-34.477,2.0998,24.751,-27.791,-21.433,-3.3603,-65.841,18.755,43.618,122.85,0,-157.41,-4.8366e-16,157.41,122.85,-33.328,91.508,-68.024,-55.963,49.024,-44.783,-37.408,24.425,-66.266,-66.266,24.425,-37.408,-44.783,49.024,-55.963,-68.024,91.508,-33.328,122.85,157.41,0
