8.0573,-0.0040911,15.996,40.687,7.5037,-2.9036,32.747,-35.581,37.454,82.869,16.874,-55.87,-40.517,-55.87,16.874,82.869,37.454,-35.581,32.747,-2.9036,7.5037,40.687,15.996,-0.0040911,-0.0040911,-0.0040911,-5.4262,11.815,-19.645,-0.9623,-3.6169,58.304,46.602,-70.96,-43.535,41.732,-30.761,-30.761,41.732,-43.535,-70.96,46.602,58.304,-3.6169,-0.9623,-19.645,11.815,-5.4262,15.996,-5.4262,15.996,11.815,-29.312,-31.444,-61.2,-75.681,-62.095,-95.693,52.207,-101.03,71.456,-97.417,71.456,-101.03,52.207,-95.693,-62.095,-75.681,-61.2,-31.444,-29.312,11.815,40.687,11.815,11.815,40.687,-19.645,-31.444,248.38,-60.094,-6.9784,321.74,-110.9,-31.956,-177.34,12.275,12.275,-177.34,-31.956,-110.9,321.74,-6.9784,-60.094,248.38,-31.444,-19.645,7.5037,-19.645,-29.312,-19.645,7.5037,-0.9623,-61.2,-60.094,25.051,-29.115,4.3351,41.477,-50.695,87.091,59.717,87.091,-50.695,41.477,4.3351,-29.115,25.051,-60.094,-61.2,-0.9623,-2.9036,-0.9623,-31.444,-31.444,-0.9623,-2.9036,-3.6169,-75.681,-6.9784,-29.115,-77.903,145.03,6.0877,-145.54,94.023,94.023,-145.54,6.0877,145.03,-77.903,-29.115,-6.9784,-75.681,-3.6169,32.747,-3.6169,-61.2,248.38,-61.2,-3.6169,32.747,58.304,-62.095,321.74,4.3351,145.03,-160.74,177.24,192.54,-247.66,192.54,177.24,-160.74,145.03,4.3351,321.74,-62.095,58.304,-35.581,58.304,-75.681,-60.094,-60.094,-75.681,58.304,-35.581,46.602,-95.693,-110.9,41.477,6.0877,177.24,332.55,-117.94,-117.94,332.55,177.24,6.0877,41.477,-110.9,-95.693,46.602,37.454,46.602,-62.095,-6.9784,25.051,-6.9784,-62.095,46.602,37.454,-70.96,52.207,-31.956,-50.695,-145.54,192.54,-117.94,-25.25,-117.94,192.54,-145.54,-50.695,-31.956,52.207,-70.96,82.869,-70.96,-95.693,321.74,-29.115,-29.115,321.74,-95.693,-70.96,82.869,-43.535,-101.03,-177.34,87.091,94.023,-247.66,-117.94,-117.94,-247.66,94.023,87.091,-177.34,-101.03,-43.535,16.874,-43.535,52.207,-110.9,4.3351,-77.903,4.3351,-110.9,52.207,-43.535,16.874,41.732,71.456,12.275,59.717,94.023,192.54,332.55,192.54,94.023,59.717,12.275,71.456,41.732,-55.87,41.732,-101.03,-31.956,41.477,145.03,145.03,41.477,-31.956,-101.03,41.732,-55.87,-30.761,-97.417,12.275,87.091,-145.54,177.24,177.24,-145.54,87.091,12.275,-97.417,-30.761,-40.517,-30.761,71.456,-177.34,-50.695,6.0877,-160.74,6.0877,-50.695,-177.34,71.456,-30.761,-40.517,-30.761,71.456,-177.34,-50.695,6.0877,-160.74,6.0877,-50.695,-177.34,71.456,-30.761,-55.87,-30.761,-97.417,12.275,87.091,-145.54,177.24,177.24,-145.54,87.091,12.275,-97.417,-30.761,-55.87,41.732,-101.03,-31.956,41.477,145.03,145.03,41.477,-31.956,-101.03,41.732,16.874,41.732,71.456,12.275,59.717,94.023,192.54,332.55,192.54,94.023,59.717,12.275,71.456,41.732,16.874,-43.535,52.207,-110.9,4.3351,-77.903,4.3351,-110.9,52.207,-43.535,82.869,-43.535,-101.03,-177.34,87.091,94.023,-247.66,-117.94,-117.94,-247.66,94.023,87.091,-177.34,-101.03,-43.535,82.869,-70.96,-95.693,321.74,-29.115,-29.115,321.74,-95.693,-70.96,37.454,-70.96,52.207,-31.956,-50.695,-145.54,192.54,-117.94,-25.25,-117.94,192.54,-145.54,-50.695,-31.956,52.207,-70.96,37.454,46.602,-62.095,-6.9784,25.051,-6.9784,-62.095,46.602,-35.581,46.602,-95.693,-110.9,41.477,6.0877,177.24,332.55,-117.94,-117.94,332.55,177.24,6.0877,41.477,-110.9,-95.693,46.602,-35.581,58.304,-75.681,-60.094,-60.094,-75.681,58.304,32.747,58.304,-62.095,321.74,4.3351,145.03,-160.74,177.24,192.54,-247.66,192.54,177.24,-160.74,145.03,4.3351,321.74,-62.095,58.304,32.747,-3.6169,-61.2,248.38,-61.2,-3.6169,-2.9036,-3.6169,-75.681,-6.9784,-29.115,-77.903,145.03,6.0877,-145.54,94.023,94.023,-145.54,6.0877,145.03,-77.903,-29.115,-6.9784,-75.681,-3.6169,-2.9036,-0.9623,-31.444,-31.444,-0.9623,7.5037,-0.9623,-61.2,-60.094,25.051,-29.115,4.3351,41.477,-50.695,87.091,59.717,87.091,-50.695,41.477,4.3351,-29.115,25.051,-60.094,-61.2,-0.9623,7.5037,-19.645,-29.312,-19.645,40.687,-19.645,-31.444,248.38,-60.094,-6.9784,321.74,-110.9,-31.956,-177.34,12.275,12.275,-177.34,-31.956,-110.9,321.74,-6.9784,-60.094,248.38,-31.444,-19.645,40.687,11.815,11.815,15.996,11.815,-29.312,-31.444,-61.2,-75.681,-62.095,-95.693,52.207,-101.03,71.456,-97.417,71.456,-101.03,52.207,-95.693,-62.095,-75.681,-61.2,-31.444,-29.312,11.815,15.996,-5.4262,-0.0040911,-5.4262,11.815,-19.645,-0.9623,-3.6169,58.304,46.602,-70.96,-43.535,41.732,-30.761,-30.761,41.732,-43.535,-70.96,46.602,58.304,-3.6169,-0.9623,-19.645,11.815,-5.4262,-0.0040911
0,-4.5574e-17,-1.4287e-16,-5.3158e-16,-3.6473e-17,-1.4955e-16,-1.1979e-15,3.6564e-16,-5.2335e-16,5.9387e-16,-6.654e-16,-3.0949e-17,0,3.0949e-17,6.654e-16,-5.9387e-16,5.2335e-16,-3.6564e-16,1.1979e-15,1.4955e-16,3.6473e-17,5.3158e-16,1.4287e-16,4.5574e-17,4.5574e-17,0,7.4638,37.169,-15.6,6.991,-17.585,-12.355,34.915,-21.458,39.503,64.071,72.837,72.837,64.071,39.503,-21.458,34.915,-12.355,-17.585,6.991,-15.6,37.169,7.4638,1.4287e-16,-7.4638,0,37.169,20.961,-61.97,-23.05,62.877,-149.34,136.01,-13.017,133.65,133.96,210.1,133.96,133.65,-13.017,136.01,-149.34,62.877,-23.05,-61.97,20.961,37.169,5.3158e-16,-37.169,-37.169,0,-15.6,-61.97,-39.369,74.689,26.876,56.837,-112.21,-155.77,129.92,215.19,215.19,129.92,-155.77,-112.21,56.837,26.876,74.689,-39.369,-61.97,-15.6,3.6473e-17,15.6,-20.961,15.6,0,6.991,-23.05,74.689,-39.717,39.686,-21.71,106.94,39.529,85.901,-36.848,85.901,39.529,106.94,-21.71,39.686,-39.717,74.689,-23.05,6.991,1.4955e-16,-6.991,61.97,61.97,-6.991,0,-17.585,62.877,26.876,39.686,46.803,-119.45,214.71,47.623,-27.13,-27.13,47.623,214.71,-119.45,46.803,39.686,26.876,62.877,-17.585,1.1979e-15,17.585,23.05,39.369,23.05,17.585,0,-12.355,-149.34,56.837,-21.71,-119.45,3.2569,-240.57,-188.08,-300.63,-188.08,-240.57,3.2569,-119.45,-21.71,56.837,-149.34,-12.355,-3.6564e-16,12.355,-62.877,-74.689,-74.689,-62.877,12.355,0,34.915,136.01,-112.21,106.94,214.71,-240.57,97.881,117.19,117.19,97.881,-240.57,214.71,106.94,-112.21,136.01,34.915,5.2335e-16,-34.915,149.34,-26.876,39.717,-26.876,149.34,-34.915,0,-21.458,-13.017,-155.77,39.529,47.623,-188.08,117.19,39.423,117.19,-188.08,47.623,39.529,-155.77,-13.017,-21.458,-5.9387e-16,21.458,-136.01,-56.837,-39.686,-39.686,-56.837,-136.01,21.458,0,39.503,133.65,129.92,85.901,-27.13,-300.63,117.19,117.19,-300.63,-27.13,85.901,129.92,133.65,39.503,6.654e-16,-39.503,13.017,112.21,21.71,-46.803,21.71,112.21,13.017,-39.503,0,64.071,133.96,215.19,-36.848,-27.13,-188.08,97.881,-188.08,-27.13,-36.848,215.19,133.96,64.071,3.0949e-17,-64.071,-133.65,155.77,-106.94,119.45,119.45,-106.94,155.77,-133.65,-64.071,0,72.837,210.1,215.19,85.901,47.623,-240.57,-240.57,47.623,85.901,215.19,210.1,72.837,0,-72.837,-133.96,-129.92,-39.529,-214.71,-3.2569,-214.71,-39.529,-129.92,-133.96,-72.837,0,72.837,133.96,129.92,39.529,214.71,3.2569,214.71,39.529,129.92,133.96,72.837,-3.0949e-17,-72.837,-210.1,-215.19,-85.901,-47.623,240.57,240.57,-47.623,-85.901,-215.19,-210.1,-72.837,0,64.071,133.65,-155.77,106.94,-119.45,-119.45,106.94,-155.77,133.65,64.071,-6.654e-16,-64.071,-133.96,-215.19,36.848,27.13,188.08,-97.881,188.08,27.13,36.848,-215.19,-133.96,-64.071,0,39.503,-13.017,-112.21,-21.71,46.803,-21.71,-112.21,-13.017,39.503,5.9387e-16,-39.503,-133.65,-129.92,-85.901,27.13,300.63,-117.19,-117.19,300.63,27.13,-85.901,-129.92,-133.65,-39.503,0,-21.458,136.01,56.837,39.686,39.686,56.837,136.01,-21.458,-5.2335e-16,21.458,13.017,155.77,-39.529,-47.623,188.08,-117.19,-39.423,-117.19,188.08,-47.623,-39.529,155.77,13.017,21.458,0,34.915,-149.34,26.876,-39.717,26.876,-149.34,34.915,3.6564e-16,-34.915,-136.01,112.21,-106.94,-214.71,240.57,-97.881,-117.19,-117.19,-97.881,240.57,-214.71,-106.94,112.21,-136.01,-34.915,0,-12.355,62.877,74.689,74.689,62.877,-12.355,-1.1979e-15,12.355,149.34,-56.837,21.71,119.45,-3.2569,240.57,188.08,300.63,188.08,240.57,-3.2569,119.45,21.71,-56.837,149.34,12.355,0,-17.585,-23.05,-39.369,-23.05,-17.585,-1.4955e-16,17.585,-62.877,-26.876,-39.686,-46.803,119.45,-214.71,-47.623,27.13,27.13,-47.623,-214.71,119.45,-46.803,-39.686,-26.876,-62.877,17.585,0,6.991,-61.97,-61.97,6.991,-3.6473e-17,-6.991,23.05,-74.689,39.717,-39.686,21.71,-106.94,-39.529,-85.901,36.848,-85.901,-39.529,-106.94,21.71,-39.686,39.717,-74.689,23.05,-6.991,0,-15.6,20.961,-15.6,-5.3158e-16,15.6,61.97,39.369,-74.689,-26.876,-56.837,112.21,155.77,-129.92,-215.19,-215.19,-129.92,155.77,112.21,-56.837,-26.876,-74.689,39.369,61.97,15.6,0,37.169,37.169,-1.4287e-16,-37.169,-20.961,61.97,23.05,-62.877,149.34,-136.01,13.017,-133.65,-133.96,-210.1,-133.96,-133.65,13.017,-136.01,149.34,-62.877,23.05,61.97,-20.961,-37.169,0,7.4638,-4.5574e-17,-7.4638,-37.169,15.6,-6.991,17.585,12.355,-34.915,21.458,-39.503,-64.071,-72.837,-72.837,-64.071,-39.503,21.458,-34.915,12.355,17.585,-6.991,15.6,-37.169,-7.4638,0
