132.73,242.37,47.576,56.168,218.04,12.072,44.593,72.561,38.89,86.072,70.886,161.59,122.43,161.59,70.886,86.072,38.89,72.561,44.593,12.072,218.04,56.168,47.576,242.37,242.37,242.37,-64.348,12.002,9.0249,35.358,3.6904,106.33,-144.33,15.373,-71.961,-27.424,16.853,16.853,-27.424,-71.961,15.373,-144.33,106.33,3.6904,35.358,9.0249,12.002,-64.348,47.576,-64.348,47.576,12.002,-30.458,-3.4332,56.826,3.7743,-24.3,-2.5686,-11.279,-63.312,-12.351,-90.537,-12.351,-63.312,-11.279,-2.5686,-24.3,3.7743,56.826,-3.4332,-30.458,12.002,56.168,12.002,12.002,56.168,9.0249,-3.4332,-19.789,64.717,11.715,22.72,7.8231,10.872,-3.1223,-53.695,-53.695,-3.1223,10.872,7.8231,22.72,11.715,64.717,-19.789,-3.4332,9.0249,218.04,9.0249,-30.458,9.0249,218.04,35.358,56.826,64.717,-16.565,6.751,63.551,11.582,-92.07,-139.52,48.864,-139.52,-92.07,11.582,63.551,6.751,-16.565,64.717,56.826,35.358,12.072,35.358,-3.4332,-3.4332,35.358,12.072,3.6904,3.7743,11.715,6.751,-8.1297,-2.7373,-43.245,-4.3157,0.037373,0.037373,-4.3157,-43.245,-2.7373,-8.1297,6.751,11.715,3.7743,3.6904,44.593,3.6904,56.826,-19.789,56.826,3.6904,44.593,106.33,-24.3,22.72,63.551,-2.7373,-42.001,7.1619,28.932,37.782,28.932,7.1619,-42.001,-2.7373,63.551,22.72,-24.3,106.33,72.561,106.33,3.7743,64.717,64.717,3.7743,106.33,72.561,-144.33,-2.5686,7.8231,11.582,-43.245,7.1619,-17.974,3.4954,3.4954,-17.974,7.1619,-43.245,11.582,7.8231,-2.5686,-144.33,38.89,-144.33,-24.3,11.715,-16.565,11.715,-24.3,-144.33,38.89,15.373,-11.279,10.872,-92.07,-4.3157,28.932,3.4954,34.277,3.4954,28.932,-4.3157,-92.07,10.872,-11.279,15.373,86.072,15.373,-2.5686,22.72,6.751,6.751,22.72,-2.5686,15.373,86.072,-71.961,-63.312,-3.1223,-139.52,0.037373,37.782,3.4954,3.4954,37.782,0.037373,-139.52,-3.1223,-63.312,-71.961,70.886,-71.961,-11.279,7.8231,63.551,-8.1297,63.551,7.8231,-11.279,-71.961,70.886,-27.424,-12.351,-53.695,48.864,0.037373,28.932,-17.974,28.932,0.037373,48.864,-53.695,-12.351,-27.424,161.59,-27.424,-63.312,10.872,11.582,-2.7373,-2.7373,11.582,10.872,-63.312,-27.424,161.59,16.853,-90.537,-53.695,-139.52,-4.3157,7.1619,7.1619,-4.3157,-139.52,-53.695,-90.537,16.853,122.43,16.853,-12.351,-3.1223,-92.07,-43.245,-42.001,-43.245,-92.07,-3.1223,-12.351,16.853,122.43,16.853,-12.351,-3.1223,-92.07,-43.245,-42.001,-43.245,-92.07,-3.1223,-12.351,16.853,161.59,16.853,-90.537,-53.695,-139.52,-4.3157,7.1619,7.1619,-4.3157,-139.52,-53.695,-90.537,16.853,161.59,-27.424,-63.312,10.872,11.582,-2.7373,-2.7373,11.582,10.872,-63.312,-27.424,70.886,-27.424,-12.351,-53.695,48.864,0.037373,28.932,-17.974,28.932,0.037373,48.864,-53.695,-12.351,-27.424,70.886,-71.961,-11.279,7.8231,63.551,-8.1297,63.551,7.8231,-11.279,-71.961,86.072,-71.961,-63.312,-3.1223,-139.52,0.037373,37.782,3.4954,3.4954,37.782,0.037373,-139.52,-3.1223,-63.312,-71.961,86.072,15.373,-2.5686,22.72,6.751,6.751,22.72,-2.5686,15.373,38.89,15.373,-11.279,10.872,-92.07,-4.3157,28.932,3.4954,34.277,3.4954,28.932,-4.3157,-92.07,10.872,-11.279,15.373,38.89,-144.33,-24.3,11.715,-16.565,11.715,-24.3,-144.33,72.561,-144.33,-2.5686,7.8231,11.582,-43.245,7.1619,-17.974,3.4954,3.4954,-17.974,7.1619,-43.245,11.582,7.8231,-2.5686,-144.33,72.561,106.33,3.7743,64.717,64.717,3.7743,106.33,44.593,106.33,-24.3,22.72,63.551,-2.7373,-42.001,7.1619,28.932,37.782,28.932,7.1619,-42.001,-2.7373,63.551,22.72,-24.3,106.33,44.593,3.6904,56.826,-19.789,56.826,3.6904,12.072,3.6904,3.7743,11.715,6.751,-8.1297,-2.7373,-43.245,-4.3157,0.037373,0.037373,-4.3157,-43.245,-2.7373,-8.1297,6.751,11.715,3.7743,3.6904,12.072,35.358,-3.4332,-3.4332,35.358,218.04,35.358,56.826,64.717,-16.565,6.751,63.551,11.582,-92.07,-139.52,48.864,-139.52,-92.07,11.582,63.551,6.751,-16.565,64.717,56.826,35.358,218.04,9.0249,-30.458,9.0249,56.168,9.0249,-3.4332,-19.789,64.717,11.715,22.72,7.8231,10.872,-3.1223,-53.695,-53.695,-3.1223,10.872,7.8231,22.72,11.715,64.717,-19.789,-3.4332,9.0249,56.168,12.002,12.002,47.576,12.002,-30.458,-3.4332,56.826,3.7743,-24.3,-2.5686,-11.279,-63.312,-12.351,-90.537,-12.351,-63.312,-11.279,-2.5686,-24.3,3.7743,56.826,-3.4332,-30.458,12.002,47.576,-64.348,242.37,-64.348,12.002,9.0249,35.358,3.6904,106.33,-144.33,15.373,-71.961,-27.424,16.853,16.853,-27.424,-71.961,15.373,-144.33,106.33,3.6904,35.358,9.0249,12.002,-64.348,242.37
0,1.0417e-15,8.2085e-16,-5.1738e-16,-1.4538e-16,-1.7847e-17,0,5.8082e-16,9.4126e-16,5.6767e-19,2.0777e-16,-2.3653e-15,0,2.3653e-15,-2.0777e-16,-5.6767e-19,-9.4126e-16,-5.8082e-16,0,1.7847e-17,1.4538e-16,5.1738e-16,-8.2085e-16,-1.0417e-15,-1.0417e-15,0,-161.55,-80.643,139.08,8.6472,0.41647,-80.537,36.314,11.774,49.922,-121.55,3.8167,3.8167,-121.55,49.922,11.774,36.314,-80.537,0.41647,8.6472,139.08,-80.643,-161.55,-8.2085e-16,161.55,0,-80.643,44.491,-12.344,-16.94,6.7704,-27.542,-28.554,10.442,16.345,36.006,12.838,36.006,16.345,10.442,-28.554,-27.542,6.7704,-16.94,-12.344,44.491,-80.643,5.1738e-16,80.643,80.643,0,139.08,-12.344,22.467,38.471,0.32406,-20.107,31.43,-1.1372,-25.256,31.507,31.507,-25.256,-1.1372,31.43,-20.107,0.32406,38.471,22.467,-12.344,139.08,1.4538e-16,-139.08,-44.491,-139.08,0,8.6472,-16.94,38.471,36.872,36.212,-12.202,-74.332,-64.991,-48.64,-64.188,-48.64,-64.991,-74.332,-12.202,36.212,36.872,38.471,-16.94,8.6472,1.7847e-17,-8.6472,12.344,12.344,-8.6472,0,0.41647,6.7704,0.32406,36.212,-3.6508,-20.045,-21.877,-7.5882,21.025,21.025,-7.5882,-21.877,-20.045,-3.6508,36.212,0.32406,6.7704,0.41647,0,-0.41647,16.94,-22.467,16.94,-0.41647,0,-80.537,-27.542,-20.107,-12.202,-20.045,87.013,31.497,9.7442,8.4203,9.7442,31.497,87.013,-20.045,-12.202,-20.107,-27.542,-80.537,-5.8082e-16,80.537,-6.7704,-38.471,-38.471,-6.7704,80.537,0,36.314,-28.554,31.43,-74.332,-21.877,31.497,-35.553,10.913,10.913,-35.553,31.497,-21.877,-74.332,31.43,-28.554,36.314,-9.4126e-16,-36.314,27.542,-0.32406,-36.872,-0.32406,27.542,-36.314,0,11.774,10.442,-1.1372,-64.991,-7.5882,9.7442,10.913,-103.84,10.913,9.7442,-7.5882,-64.991,-1.1372,10.442,11.774,-5.6767e-19,-11.774,28.554,20.107,-36.212,-36.212,20.107,28.554,-11.774,0,49.922,16.345,-25.256,-48.64,21.025,8.4203,10.913,10.913,8.4203,21.025,-48.64,-25.256,16.345,49.922,-2.0777e-16,-49.922,-10.442,-31.43,12.202,3.6508,12.202,-31.43,-10.442,-49.922,0,-121.55,36.006,31.507,-64.188,21.025,9.7442,-35.553,9.7442,21.025,-64.188,31.507,36.006,-121.55,2.3653e-15,121.55,-16.345,1.1372,74.332,20.045,20.045,74.332,1.1372,-16.345,121.55,0,3.8167,12.838,31.507,-48.64,-7.5882,31.497,31.497,-7.5882,-48.64,31.507,12.838,3.8167,0,-3.8167,-36.006,25.256,64.991,21.877,-87.013,21.877,64.991,25.256,-36.006,-3.8167,0,3.8167,36.006,-25.256,-64.991,-21.877,87.013,-21.877,-64.991,-25.256,36.006,3.8167,-2.3653e-15,-3.8167,-12.838,-31.507,48.64,7.5882,-31.497,-31.497,7.5882,48.64,-31.507,-12.838,-3.8167,0,-121.55,16.345,-1.1372,-74.332,-20.045,-20.045,-74.332,-1.1372,16.345,-121.55,2.0777e-16,121.55,-36.006,-31.507,64.188,-21.025,-9.7442,35.553,-9.7442,-21.025,64.188,-31.507,-36.006,121.55,0,49.922,10.442,31.43,-12.202,-3.6508,-12.202,31.43,10.442,49.922,5.6767e-19,-49.922,-16.345,25.256,48.64,-21.025,-8.4203,-10.913,-10.913,-8.4203,-21.025,48.64,25.256,-16.345,-49.922,0,11.774,-28.554,-20.107,36.212,36.212,-20.107,-28.554,11.774,9.4126e-16,-11.774,-10.442,1.1372,64.991,7.5882,-9.7442,-10.913,103.84,-10.913,-9.7442,7.5882,64.991,1.1372,-10.442,-11.774,0,36.314,-27.542,0.32406,36.872,0.32406,-27.542,36.314,5.8082e-16,-36.314,28.554,-31.43,74.332,21.877,-31.497,35.553,-10.913,-10.913,35.553,-31.497,21.877,74.332,-31.43,28.554,-36.314,0,-80.537,6.7704,38.471,38.471,6.7704,-80.537,0,80.537,27.542,20.107,12.202,20.045,-87.013,-31.497,-9.7442,-8.4203,-9.7442,-31.497,-87.013,20.045,12.202,20.107,27.542,80.537,0,0.41647,-16.94,22.467,-16.94,0.41647,-1.7847e-17,-0.41647,-6.7704,-0.32406,-36.212,3.6508,20.045,21.877,7.5882,-21.025,-21.025,7.5882,21.877,20.045,3.6508,-36.212,-0.32406,-6.7704,-0.41647,0,8.6472,-12.344,-12.344,8.6472,-1.4538e-16,-8.6472,16.94,-38.471,-36.872,-36.212,12.202,74.332,64.991,48.64,64.188,48.64,64.991,74.332,12.202,-36.212,-36.872,-38.471,16.94,-8.6472,0,139.08,44.491,139.08,-5.1738e-16,-139.08,12.344,-22.467,-38.471,-0.32406,20.107,-31.43,1.1372,25.256,-31.507,-31.507,25.256,1.1372,-31.43,20.107,-0.32406,-38.471,-22.467,12.344,-139.08,0,-80.643,-80.643,8.2085e-16,80.643,-44.491,12.344,16.94,-6.7704,27.542,28.554,-10.442,-16.345,-36.006,-12.838,-36.006,-16.345,-10.442,28.554,27.542,-6.7704,16.94,12.344,-44.491,80.643,0,-161.55,1.0417e-15,161.55,80.643,-139.08,-8.6472,-0.41647,80.537,-36.314,-11.774,-49.922,121.55,-3.8167,-3.8167,121.55,-49.922,-11.774,-36.314,80.537,-0.41647,-8.6472,-139.08,80.643,161.55,0
