119.11,-49.896,2.1298,157.88,219.4,53.923,18.844,164.35,62.647,31.665,2.6816,24.019,-171.99,24.019,2.6816,31.665,62.647,164.35,18.844,53.923,219.4,157.88,2.1298,-49.896,-49.896,-49.896,61.719,55.073,-124.11,69.902,7.7057,-79.873,289.13,-68.62,-5.4613,-84.428,-302.25,-302.25,-84.428,-5.4613,-68.62,289.13,-79.873,7.7057,69.902,-124.11,55.073,61.719,2.1298,61.719,2.1298,55.073,-0.79547,8.7043,-14.472,18.867,1.1327,10.498,5.9553,-0.70788,33.852,15.748,33.852,-0.70788,5.9553,10.498,1.1327,18.867,-14.472,8.7043,-0.79547,55.073,157.88,55.073,55.073,157.88,-124.11,8.7043,26.32,213.06,18.992,-40.278,-20.074,26.974,-194.08,-16.161,-16.161,-194.08,26.974,-20.074,-40.278,18.992,213.06,26.32,8.7043,-124.11,219.4,-124.11,-0.79547,-124.11,219.4,69.902,-14.472,213.06,-85.835,7.5527,27.548,-88.727,160.35,-103.61,28.888,-103.61,160.35,-88.727,27.548,7.5527,-85.835,213.06,-14.472,69.902,53.923,69.902,8.7043,8.7043,69.902,53.923,7.7057,18.867,18.992,7.5527,-22.24,20.559,-84.571,61.607,10.818,10.818,61.607,-84.571,20.559,-22.24,7.5527,18.992,18.867,7.7057,18.844,7.7057,-14.472,26.32,-14.472,7.7057,18.844,-79.873,1.1327,-40.278,27.548,20.559,-33.977,15.595,-9.8393,-27.934,-9.8393,15.595,-33.977,20.559,27.548,-40.278,1.1327,-79.873,164.35,-79.873,18.867,213.06,213.06,18.867,-79.873,164.35,289.13,10.498,-20.074,-88.727,-84.571,15.595,-14.253,-91.101,-91.101,-14.253,15.595,-84.571,-88.727,-20.074,10.498,289.13,62.647,289.13,1.1327,18.992,-85.835,18.992,1.1327,289.13,62.647,-68.62,5.9553,26.974,160.35,61.607,-9.8393,-91.101,-152.75,-91.101,-9.8393,61.607,160.35,26.974,5.9553,-68.62,31.665,-68.62,10.498,-40.278,7.5527,7.5527,-40.278,10.498,-68.62,31.665,-5.4613,-0.70788,-194.08,-103.61,10.818,-27.934,-91.101,-91.101,-27.934,10.818,-103.61,-194.08,-0.70788,-5.4613,2.6816,-5.4613,5.9553,-20.074,27.548,-22.24,27.548,-20.074,5.9553,-5.4613,2.6816,-84.428,33.852,-16.161,28.888,10.818,-9.8393,-14.253,-9.8393,10.818,28.888,-16.161,33.852,-84.428,24.019,-84.428,-0.70788,26.974,-88.727,20.559,20.559,-88.727,26.974,-0.70788,-84.428,24.019,-302.25,15.748,-16.161,-103.61,61.607,15.595,15.595,61.607,-103.61,-16.161,15.748,-302.25,-171.99,-302.25,33.852,-194.08,160.35,-84.571,-33.977,-84.571,160.35,-194.08,33.852,-302.25,-171.99,-302.25,33.852,-194.08,160.35,-84.571,-33.977,-84.571,160.35,-194.08,33.852,-302.25,24.019,-302.25,15.748,-16.161,-103.61,61.607,15.595,15.595,61.607,-103.61,-16.161,15.748,-302.25,24.019,-84.428,-0.70788,26.974,-88.727,20.559,20.559,-88.727,26.974,-0.70788,-84.428,2.6816,-84.428,33.852,-16.161,28.888,10.818,-9.8393,-14.253,-9.8393,10.818,28.888,-16.161,33.852,-84.428,2.6816,-5.4613,5.9553,-20.074,27.548,-22.24,27.548,-20.074,5.9553,-5.4613,31.665,-5.4613,-0.70788,-194.08,-103.61,10.818,-27.934,-91.101,-91.101,-27.934,10.818,-103.61,-194.08,-0.70788,-5.4613,31.665,-68.62,10.498,-40.278,7.5527,7.5527,-40.278,10.498,-68.62,62.647,-68.62,5.9553,26.974,160.35,61.607,-9.8393,-91.101,-152.75,-91.101,-9.8393,61.607,160.35,26.974,5.9553,-68.62,62.647,289.13,1.1327,18.992,-85.835,18.992,1.1327,289.13,164.35,289.13,10.498,-20.074,-88.727,-84.571,15.595,-14.253,-91.101,-91.101,-14.253,15.595,-84.571,-88.727,-20.074,10.498,289.13,164.35,-79.873,18.867,213.06,213.06,18.867,-79.873,18.844,-79.873,1.1327,-40.278,27.548,20.559,-33.977,15.595,-9.8393,-27.934,-9.8393,15.595,-33.977,20.559,27.548,-40.278,1.1327,-79.873,18.844,7.7057,-14.472,26.32,-14.472,7.7057,53.923,7.7057,18.867,18.992,7.5527,-22.24,20.559,-84.571,61.607,10.818,10.818,61.607,-84.571,20.559,-22.24,7.5527,18.992,18.867,7.7057,53.923,69.902,8.7043,8.7043,69.902,219.4,69.902,-14.472,213.06,-85.835,7.5527,27.548,-88.727,160.35,-103.61,28.888,-103.61,160.35,-88.727,27.548,7.5527,-85.835,213.06,-14.472,69.902,219.4,-124.11,-0.79547,-124.11,157.88,-124.11,8.7043,26.32,213.06,18.992,-40.278,-20.074,26.974,-194.08,-16.161,-16.161,-194.08,26.974,-20.074,-40.278,18.992,213.06,26.32,8.7043,-124.11,157.88,55.073,55.073,2.1298,55.073,-0.79547,8.7043,-14.472,18.867,1.1327,10.498,5.9553,-0.70788,33.852,15.748,33.852,-0.70788,5.9553,10.498,1.1327,18.867,-14.472,8.7043,-0.79547,55.073,2.1298,61.719,-49.896,61.719,55.073,-124.11,69.902,7.7057,-79.873,289.13,-68.62,-5.4613,-84.428,-302.25,-302.25,-84.428,-5.4613,-68.62,289.13,-79.873,7.7057,69.902,-124.11,55.073,61.719,-49.896
0,2.3473e-15,1.2791e-16,-2.392e-15,8.9818e-15,-3.7721e-17,-7.4048e-16,-6.7354e-16,-2.8962e-16,-5.9256e-16,5.8907e-16,8.9244e-16,0,-8.9244e-16,-5.8907e-16,5.9256e-16,2.8962e-16,6.7354e-16,7.4048e-16,3.7721e-17,-8.9818e-15,2.392e-15,-1.2791e-16,-2.3473e-15,-2.3473e-15,0,6.1753,6.2002,-284.35,-171.58,38.014,85.85,53.923,212.03,-70.836,23.832,-26.079,-26.079,23.832,-70.836,212.03,53.923,85.85,38.014,-171.58,-284.35,6.2002,6.1753,-1.2791e-16,-6.1753,0,6.2002,2.4772,7.3496,0.042262,6.4523,8.6727,10.341,18.881,2.0153,-14.057,4.2981,-14.057,2.0153,18.881,10.341,8.6727,6.4523,0.042262,7.3496,2.4772,6.2002,2.392e-15,-6.2002,-6.2002,0,-284.35,7.3496,79.536,-149.73,59.78,12.737,77.864,-20.246,-76.686,-8.1572,-8.1572,-76.686,-20.246,77.864,12.737,59.78,-149.73,79.536,7.3496,-284.35,-8.9818e-15,284.35,-2.4772,284.35,0,-171.58,0.042262,-149.73,151.24,-61.414,-1.001,55.414,166.25,47.136,-31.935,47.136,166.25,55.414,-1.001,-61.414,151.24,-149.73,0.042262,-171.58,3.7721e-17,171.58,-7.3496,-7.3496,171.58,0,38.014,6.4523,59.78,-61.414,36.307,1.8546,179.78,-54.739,8.117,8.117,-54.739,179.78,1.8546,36.307,-61.414,59.78,6.4523,38.014,7.4048e-16,-38.014,-0.042262,-79.536,-0.042262,-38.014,0,85.85,8.6727,12.737,-1.001,1.8546,13.848,-16.719,-13.217,6.6392,-13.217,-16.719,13.848,1.8546,-1.001,12.737,8.6727,85.85,6.7354e-16,-85.85,-6.4523,149.73,149.73,-6.4523,-85.85,0,53.923,10.341,77.864,55.414,179.78,-16.719,96.627,85.233,85.233,96.627,-16.719,179.78,55.414,77.864,10.341,53.923,2.8962e-16,-53.923,-8.6727,-59.78,-151.24,-59.78,-8.6727,-53.923,0,212.03,18.881,-20.246,166.25,-54.739,-13.217,85.233,-112.27,85.233,-13.217,-54.739,166.25,-20.246,18.881,212.03,5.9256e-16,-212.03,-10.341,-12.737,61.414,61.414,-12.737,-10.341,-212.03,0,-70.836,2.0153,-76.686,47.136,8.117,6.6392,85.233,85.233,6.6392,8.117,47.136,-76.686,2.0153,-70.836,-5.8907e-16,70.836,-18.881,-77.864,1.001,-36.307,1.001,-77.864,-18.881,70.836,0,23.832,-14.057,-8.1572,-31.935,8.117,-13.217,96.627,-13.217,8.117,-31.935,-8.1572,-14.057,23.832,-8.9244e-16,-23.832,-2.0153,20.246,-55.414,-1.8546,-1.8546,-55.414,20.246,-2.0153,-23.832,0,-26.079,4.2981,-8.1572,47.136,-54.739,-16.719,-16.719,-54.739,47.136,-8.1572,4.2981,-26.079,0,26.079,14.057,76.686,-166.25,-179.78,-13.848,-179.78,-166.25,76.686,14.057,26.079,0,-26.079,-14.057,-76.686,166.25,179.78,13.848,179.78,166.25,-76.686,-14.057,-26.079,8.9244e-16,26.079,-4.2981,8.1572,-47.136,54.739,16.719,16.719,54.739,-47.136,8.1572,-4.2981,26.079,0,23.832,2.0153,-20.246,55.414,1.8546,1.8546,55.414,-20.246,2.0153,23.832,5.8907e-16,-23.832,14.057,8.1572,31.935,-8.117,13.217,-96.627,13.217,-8.117,31.935,8.1572,14.057,-23.832,0,-70.836,18.881,77.864,-1.001,36.307,-1.001,77.864,18.881,-70.836,-5.9256e-16,70.836,-2.0153,76.686,-47.136,-8.117,-6.6392,-85.233,-85.233,-6.6392,-8.117,-47.136,76.686,-2.0153,70.836,0,212.03,10.341,12.737,-61.414,-61.414,12.737,10.341,212.03,-2.8962e-16,-212.03,-18.881,20.246,-166.25,54.739,13.217,-85.233,112.27,-85.233,13.217,54.739,-166.25,20.246,-18.881,-212.03,0,53.923,8.6727,59.78,151.24,59.78,8.6727,53.923,-6.7354e-16,-53.923,-10.341,-77.864,-55.414,-179.78,16.719,-96.627,-85.233,-85.233,-96.627,16.719,-179.78,-55.414,-77.864,-10.341,-53.923,0,85.85,6.4523,-149.73,-149.73,6.4523,85.85,-7.4048e-16,-85.85,-8.6727,-12.737,1.001,-1.8546,-13.848,16.719,13.217,-6.6392,13.217,16.719,-13.848,-1.8546,1.001,-12.737,-8.6727,-85.85,0,38.014,0.042262,79.536,0.042262,38.014,-3.7721e-17,-38.014,-6.4523,-59.78,61.414,-36.307,-1.8546,-179.78,54.739,-8.117,-8.117,54.739,-179.78,-1.8546,-36.307,61.414,-59.78,-6.4523,-38.014,0,-171.58,7.3496,7.3496,-171.58,8.9818e-15,171.58,-0.042262,149.73,-151.24,61.414,1.001,-55.414,-166.25,-47.136,31.935,-47.136,-166.25,-55.414,1.001,61.414,-151.24,149.73,-0.042262,171.58,0,-284.35,2.4772,-284.35,-2.392e-15,284.35,-7.3496,-79.536,149.73,-59.78,-12.737,-77.864,20.246,76.686,8.1572,8.1572,76.686,20.246,-77.864,-12.737,-59.78,149.73,-79.536,-7.3496,284.35,0,6.2002,6.2002,1.2791e-16,-6.2002,-2.4772,-7.3496,-0.042262,-6.4523,-8.6727,-10.341,-18.881,-2.0153,14.057,-4.2981,14.057,-2.0153,-18.881,-10.341,-8.6727,-6.4523,-0.042262,-7.3496,-2.4772,-6.2002,0,6.1753,2.3473e-15,-6.1753,-6.2002,284.35,171.58,-38.014,-85.85,-53.923,-212.03,70.836,-23.832,26.079,26.079,-23.832,70.836,-212.03,-53.923,-85.85,-38.014,171.58,284.35,-6.2002,-6.1753,0
