63.867,23.766,291.9,27.749,48.452,37.231,24.393,26.615,65.603,20.944,133.69,125.11,17.786,125.11,133.69,20.944,65.603,26.615,24.393,37.231,48.452,27.749,291.9,23.766,23.766,23.766,-25.565,34.155,-16.541,47.223,6.2195,-43.062,-58.808,-36.213,14.638,-81.012,-6.0038,-6.0038,-81.012,14.638,-36.213,-58.808,-43.062,6.2195,47.223,-16.541,34.155,-25.565,291.9,-25.565,291.9,34.155,-108.95,66.479,-24.604,14.682,-42.131,9.5499,153.62,-41.278,-16.572,-228.6,-16.572,-41.278,153.62,9.5499,-42.131,14.682,-24.604,66.479,-108.95,34.155,27.749,34.155,34.155,27.749,-16.541,66.479,-15.333,32.451,-44.627,21.97,-0.72999,-15.148,-32.762,79.871,79.871,-32.762,-15.148,-0.72999,21.97,-44.627,32.451,-15.333,66.479,-16.541,48.452,-16.541,-108.95,-16.541,48.452,47.223,-24.604,32.451,217.31,-66.172,50.383,89.075,58.897,-60.436,24.669,-60.436,58.897,89.075,50.383,-66.172,217.31,32.451,-24.604,47.223,37.231,47.223,66.479,66.479,47.223,37.231,6.2195,14.682,-44.627,-66.172,-47.656,10.701,-58.524,69.594,-12.541,-12.541,69.594,-58.524,10.701,-47.656,-66.172,-44.627,14.682,6.2195,24.393,6.2195,-24.604,-15.333,-24.604,6.2195,24.393,-43.062,-42.131,21.97,50.383,10.701,36.234,46.999,-3.5886,-27.198,-3.5886,46.999,36.234,10.701,50.383,21.97,-42.131,-43.062,26.615,-43.062,14.682,32.451,32.451,14.682,-43.062,26.615,-58.808,9.5499,-0.72999,89.075,-58.524,46.999,75.279,-43.804,-43.804,75.279,46.999,-58.524,89.075,-0.72999,9.5499,-58.808,65.603,-58.808,-42.131,-44.627,217.31,-44.627,-42.131,-58.808,65.603,-36.213,153.62,-15.148,58.897,69.594,-3.5886,-43.804,5.6122,-43.804,-3.5886,69.594,58.897,-15.148,153.62,-36.213,20.944,-36.213,9.5499,21.97,-66.172,-66.172,21.97,9.5499,-36.213,20.944,14.638,-41.278,-32.762,-60.436,-12.541,-27.198,-43.804,-43.804,-27.198,-12.541,-60.436,-32.762,-41.278,14.638,133.69,14.638,153.62,-0.72999,50.383,-47.656,50.383,-0.72999,153.62,14.638,133.69,-81.012,-16.572,79.871,24.669,-12.541,-3.5886,75.279,-3.5886,-12.541,24.669,79.871,-16.572,-81.012,125.11,-81.012,-41.278,-15.148,89.075,10.701,10.701,89.075,-15.148,-41.278,-81.012,125.11,-6.0038,-228.6,79.871,-60.436,69.594,46.999,46.999,69.594,-60.436,79.871,-228.6,-6.0038,17.786,-6.0038,-16.572,-32.762,58.897,-58.524,36.234,-58.524,58.897,-32.762,-16.572,-6.0038,17.786,-6.0038,-16.572,-32.762,58.897,-58.524,36.234,-58.524,58.897,-32.762,-16.572,-6.0038,125.11,-6.0038,-228.6,79.871,-60.436,69.594,46.999,46.999,69.594,-60.436,79.871,-228.6,-6.0038,125.11,-81.012,-41.278,-15.148,89.075,10.701,10.701,89.075,-15.148,-41.278,-81.012,133.69,-81.012,-16.572,79.871,24.669,-12.541,-3.5886,75.279,-3.5886,-12.541,24.669,79.871,-16.572,-81.012,133.69,14.638,153.62,-0.72999,50.383,-47.656,50.383,-0.72999,153.62,14.638,20.944,14.638,-41.278,-32.762,-60.436,-12.541,-27.198,-43.804,-43.804,-27.198,-12.541,-60.436,-32.762,-41.278,14.638,20.944,-36.213,9.5499,21.97,-66.172,-66.172,21.97,9.5499,-36.213,65.603,-36.213,153.62,-15.148,58.897,69.594,-3.5886,-43.804,5.6122,-43.804,-3.5886,69.594,58.897,-15.148,153.62,-36.213,65.603,-58.808,-42.131,-44.627,217.31,-44.627,-42.131,-58.808,26.615,-58.808,9.5499,-0.72999,89.075,-58.524,46.999,75.279,-43.804,-43.804,75.279,46.999,-58.524,89.075,-0.72999,9.5499,-58.808,26.615,-43.062,14.682,32.451,32.451,14.682,-43.062,24.393,-43.062,-42.131,21.97,50.383,10.701,36.234,46.999,-3.5886,-27.198,-3.5886,46.999,36.234,10.701,50.383,21.97,-42.131,-43.062,24.393,6.2195,-24.604,-15.333,-24.604,6.2195,37.231,6.2195,14.682,-44.627,-66.172,-47.656,10.701,-58.524,69.594,-12.541,-12.541,69.594,-58.524,10.701,-47.656,-66.172,-44.627,14.682,6.2195,37.231,47.223,66.479,66.479,47.223,48.452,47.223,-24.604,32.451,217.31,-66.172,50.383,89.075,58.897,-60.436,24.669,-60.436,58.897,89.075,50.383,-66.172,217.31,32.451,-24.604,47.223,48.452,-16.541,-108.95,-16.541,27.749,-16.541,66.479,-15.333,32.451,-44.627,21.97,-0.72999,-15.148,-32.762,79.871,79.871,-32.762,-15.148,-0.72999,21.97,-44.627,32.451,-15.333,66.479,-16.541,27.749,34.155,34.155,291.9,34.155,-108.95,66.479,-24.604,14.682,-42.131,9.5499,153.62,-41.278,-16.572,-228.6,-16.572,-41.278,153.62,9.5499,-42.131,14.682,-24.604,66.479,-108.95,34.155,291.9,-25.565,23.766,-25.565,34.155,-16.541,47.223,6.2195,-43.062,-58.808,-36.213,14.638,-81.012,-6.0038,-6.0038,-81.012,14.638,-36.213,-58.808,-43.062,6.2195,47.223,-16.541,34.155,-25.565,23.766
0,3.7237e-17,7.202e-15,-2.9608e-16,-4.5892e-16,-1.4712e-16,2.9782e-16,2.7989e-16,6.9305e-17,-4.4409e-19,6.8082e-16,5.3508e-16,0,-5.3508e-16,-6.8082e-16,4.4409e-19,-6.9305e-17,-2.7989e-16,-2.9782e-16,1.4712e-16,4.5892e-16,2.9608e-16,-7.202e-15,-3.7237e-17,-3.7237e-17,0,0.40052,-45.488,-55.482,42.751,28.48,-22.761,-8.8512,-20.635,-29.789,20.109,-30.147,-30.147,20.109,-29.789,-20.635,-8.8512,-22.761,28.48,42.751,-55.482,-45.488,0.40052,-7.202e-15,-0.40052,0,-45.488,-75.043,-7.7095,-11.979,4.4299,59.47,36.475,-8.917,-74.691,30.235,131.93,30.235,-74.691,-8.917,36.475,59.47,4.4299,-11.979,-7.7095,-75.043,-45.488,2.9608e-16,45.488,45.488,0,-55.482,-7.7095,35.994,124.07,-43.817,-13.499,59.612,-0.70398,40.396,26.516,26.516,40.396,-0.70398,59.612,-13.499,-43.817,124.07,35.994,-7.7095,-55.482,4.5892e-16,55.482,75.043,55.482,0,42.751,-11.979,124.07,47.081,19.588,25.985,-13.785,136.57,32.726,9.6739,32.726,136.57,-13.785,25.985,19.588,47.081,124.07,-11.979,42.751,1.4712e-16,-42.751,7.7095,7.7095,-42.751,0,28.48,4.4299,-43.817,19.588,3.0938,7.201,-55.201,-24.612,-52.954,-52.954,-24.612,-55.201,7.201,3.0938,19.588,-43.817,4.4299,28.48,-2.9782e-16,-28.48,11.979,-35.994,11.979,-28.48,0,-22.761,59.47,-13.499,25.985,7.201,-26.167,21.809,9.8029,29.428,9.8029,21.809,-26.167,7.201,25.985,-13.499,59.47,-22.761,-2.7989e-16,22.761,-4.4299,-124.07,-124.07,-4.4299,22.761,0,-8.8512,36.475,59.612,-13.785,-55.201,21.809,-39.726,72.025,72.025,-39.726,21.809,-55.201,-13.785,59.612,36.475,-8.8512,-6.9305e-17,8.8512,-59.47,43.817,-47.081,43.817,-59.47,8.8512,0,-20.635,-8.917,-0.70398,136.57,-24.612,9.8029,72.025,75.924,72.025,9.8029,-24.612,136.57,-0.70398,-8.917,-20.635,4.4409e-19,20.635,-36.475,13.499,-19.588,-19.588,13.499,-36.475,20.635,0,-29.789,-74.691,40.396,32.726,-52.954,29.428,72.025,72.025,29.428,-52.954,32.726,40.396,-74.691,-29.789,-6.8082e-16,29.789,8.917,-59.612,-25.985,-3.0938,-25.985,-59.612,8.917,29.789,0,20.109,30.235,26.516,9.6739,-52.954,9.8029,-39.726,9.8029,-52.954,9.6739,26.516,30.235,20.109,-5.3508e-16,-20.109,74.691,0.70398,13.785,-7.201,-7.201,13.785,0.70398,74.691,-20.109,0,-30.147,131.93,26.516,32.726,-24.612,21.809,21.809,-24.612,32.726,26.516,131.93,-30.147,0,30.147,-30.235,-40.396,-136.57,55.201,26.167,55.201,-136.57,-40.396,-30.235,30.147,0,-30.147,30.235,40.396,136.57,-55.201,-26.167,-55.201,136.57,40.396,30.235,-30.147,5.3508e-16,30.147,-131.93,-26.516,-32.726,24.612,-21.809,-21.809,24.612,-32.726,-26.516,-131.93,30.147,0,20.109,-74.691,-0.70398,-13.785,7.201,7.201,-13.785,-0.70398,-74.691,20.109,6.8082e-16,-20.109,-30.235,-26.516,-9.6739,52.954,-9.8029,39.726,-9.8029,52.954,-9.6739,-26.516,-30.235,-20.109,0,-29.789,-8.917,59.612,25.985,3.0938,25.985,59.612,-8.917,-29.789,-4.4409e-19,29.789,74.691,-40.396,-32.726,52.954,-29.428,-72.025,-72.025,-29.428,52.954,-32.726,-40.396,74.691,29.789,0,-20.635,36.475,-13.499,19.588,19.588,-13.499,36.475,-20.635,6.9305e-17,20.635,8.917,0.70398,-136.57,24.612,-9.8029,-72.025,-75.924,-72.025,-9.8029,24.612,-136.57,0.70398,8.917,20.635,0,-8.8512,59.47,-43.817,47.081,-43.817,59.47,-8.8512,2.7989e-16,8.8512,-36.475,-59.612,13.785,55.201,-21.809,39.726,-72.025,-72.025,39.726,-21.809,55.201,13.785,-59.612,-36.475,8.8512,0,-22.761,4.4299,124.07,124.07,4.4299,-22.761,2.9782e-16,22.761,-59.47,13.499,-25.985,-7.201,26.167,-21.809,-9.8029,-29.428,-9.8029,-21.809,26.167,-7.201,-25.985,13.499,-59.47,22.761,0,28.48,-11.979,35.994,-11.979,28.48,-1.4712e-16,-28.48,-4.4299,43.817,-19.588,-3.0938,-7.201,55.201,24.612,52.954,52.954,24.612,55.201,-7.201,-3.0938,-19.588,43.817,-4.4299,-28.48,0,42.751,-7.7095,-7.7095,42.751,-4.5892e-16,-42.751,11.979,-124.07,-47.081,-19.588,-25.985,13.785,-136.57,-32.726,-9.6739,-32.726,-136.57,13.785,-25.985,-19.588,-47.081,-124.07,11.979,-42.751,0,-55.482,-75.043,-55.482,-2.9608e-16,55.482,7.7095,-35.994,-124.07,43.817,13.499,-59.612,0.70398,-40.396,-26.516,-26.516,-40.396,0.70398,-59.612,13.499,43.817,-124.07,-35.994,7.7095,55.482,0,-45.488,-45.488,7.202e-15,45.488,75.043,7.7095,11.979,-4.4299,-59.47,-36.475,8.917,74.691,-30.235,-131.93,-30.235,74.691,8.917,-36.475,-59.47,-4.4299,11.979,7.7095,75.043,45.488,0,0.40052,3.7237e-17,-0.40052,45.488,55.482,-42.751,-28.48,22.761,8.8512,20.635,29.789,-20.109,30.147,30.147,-20.109,29.789,20.635,8.8512,22.761,-28.48,-42.751,55.482,45.488,-0.40052,0
