139.62,21.873,-42.051,119.97,3.8347,-52.879,314.64,62.214,46.946,-7.8022,-13.643,-47.287,-231.99,-47.287,-13.643,-7.8022,46.946,62.214,314.64,-52.879,3.8347,119.97,-42.051,21.873,21.873,21.873,69.393,-30.229,57.048,-26.995,7.7821,13.343,43.784,26.607,50.917,52.427,-120.56,-120.56,52.427,50.917,26.607,43.784,13.343,7.7821,-26.995,57.048,-30.229,69.393,-42.051,69.393,-42.051,-30.229,28.575,-27.884,-36.514,-30.248,-28.781,-13.132,9.7201,-14.262,103.06,-32.057,103.06,-14.262,9.7201,-13.132,-28.781,-30.248,-36.514,-27.884,28.575,-30.229,119.97,-30.229,-30.229,119.97,57.048,-27.884,-55.211,36.078,-16.278,-7.2062,3.3727,-52.423,3.1096,47.019,47.019,3.1096,-52.423,3.3727,-7.2062,-16.278,36.078,-55.211,-27.884,57.048,3.8347,57.048,28.575,57.048,3.8347,-26.995,-36.514,36.078,7.827,3.9359,51.993,4.2409,27.285,3.8068,50.644,3.8068,27.285,4.2409,51.993,3.9359,7.827,36.078,-36.514,-26.995,-52.879,-26.995,-27.884,-27.884,-26.995,-52.879,7.7821,-30.248,-16.278,3.9359,49.492,49.283,-32.135,0.30934,-35.199,-35.199,0.30934,-32.135,49.283,49.492,3.9359,-16.278,-30.248,7.7821,314.64,7.7821,-36.514,-55.211,-36.514,7.7821,314.64,13.343,-28.781,-7.2062,51.993,49.283,-26.68,63.371,63.669,-0.40574,63.669,63.371,-26.68,49.283,51.993,-7.2062,-28.781,13.343,62.214,13.343,-30.248,36.078,36.078,-30.248,13.343,62.214,43.784,-13.132,3.3727,4.2409,-32.135,63.371,-23.284,24.557,24.557,-23.284,63.371,-32.135,4.2409,3.3727,-13.132,43.784,46.946,43.784,-28.781,-16.278,7.827,-16.278,-28.781,43.784,46.946,26.607,9.7201,-52.423,27.285,0.30934,63.669,24.557,28.653,24.557,63.669,0.30934,27.285,-52.423,9.7201,26.607,-7.8022,26.607,-13.132,-7.2062,3.9359,3.9359,-7.2062,-13.132,26.607,-7.8022,50.917,-14.262,3.1096,3.8068,-35.199,-0.40574,24.557,24.557,-0.40574,-35.199,3.8068,3.1096,-14.262,50.917,-13.643,50.917,9.7201,3.3727,51.993,49.492,51.993,3.3727,9.7201,50.917,-13.643,52.427,103.06,47.019,50.644,-35.199,63.669,-23.284,63.669,-35.199,50.644,47.019,103.06,52.427,-47.287,52.427,-14.262,-52.423,4.2409,49.283,49.283,4.2409,-52.423,-14.262,52.427,-47.287,-120.56,-32.057,47.019,3.8068,0.30934,63.371,63.371,0.30934,3.8068,47.019,-32.057,-120.56,-231.99,-120.56,103.06,3.1096,27.285,-32.135,-26.68,-32.135,27.285,3.1096,103.06,-120.56,-231.99,-120.56,103.06,3.1096,27.285,-32.135,-26.68,-32.135,27.285,3.1096,103.06,-120.56,-47.287,-120.56,-32.057,47.019,3.8068,0.30934,63.371,63.371,0.30934,3.8068,47.019,-32.057,-120.56,-47.287,52.427,-14.262,-52.423,4.2409,49.283,49.283,4.2409,-52.423,-14.262,52.427,-13.643,52.427,103.06,47.019,50.644,-35.199,63.669,-23.284,63.669,-35.199,50.644,47.019,103.06,52.427,-13.643,50.917,9.7201,3.3727,51.993,49.492,51.993,3.3727,9.7201,50.917,-7.8022,50.917,-14.262,3.1096,3.8068,-35.199,-0.40574,24.557,24.557,-0.40574,-35.199,3.8068,3.1096,-14.262,50.917,-7.8022,26.607,-13.132,-7.2062,3.9359,3.9359,-7.2062,-13.132,26.607,46.946,26.607,9.7201,-52.423,27.285,0.30934,63.669,24.557,28.653,24.557,63.669,0.30934,27.285,-52.423,9.7201,26.607,46.946,43.784,-28.781,-16.278,7.827,-16.278,-28.781,43.784,62.214,43.784,-13.132,3.3727,4.2409,-32.135,63.371,-23.284,24.557,24.557,-23.284,63.371,-32.135,4.2409,3.3727,-13.132,43.784,62.214,13.343,-30.248,36.078,36.078,-30.248,13.343,314.64,13.343,-28.781,-7.2062,51.993,49.283,-26.68,63.371,63.669,-0.40574,63.669,63.371,-26.68,49.283,51.993,-7.2062,-28.781,13.343,314.64,7.7821,-36.514,-55.211,-36.514,7.7821,-52.879,7.7821,-30.248,-16.278,3.9359,49.492,49.283,-32.135,0.30934,-35.199,-35.199,0.30934,-32.135,49.283,49.492,3.9359,-16.278,-30.248,7.7821,-52.879,-26.995,-27.884,-27.884,-26.995,3.8347,-26.995,-36.514,36.078,7.827,3.9359,51.993,4.2409,27.285,3.8068,50.644,3.8068,27.285,4.2409,51.993,3.9359,7.827,36.078,-36.514,-26.995,3.8347,57.048,28.575,57.048,119.97,57.048,-27.884,-55.211,36.078,-16.278,-7.2062,3.3727,-52.423,3.1096,47.019,47.019,3.1096,-52.423,3.3727,-7.2062,-16.278,36.078,-55.211,-27.884,57.048,119.97,-30.229,-30.229,-42.051,-30.229,28.575,-27.884,-36.514,-30.248,-28.781,-13.132,9.7201,-14.262,103.06,-32.057,103.06,-14.262,9.7201,-13.132,-28.781,-30.248,-36.514,-27.884,28.575,-30.229,-42.051,69.393,21.873,69.393,-30.229,57.048,-26.995,7.7821,13.343,43.784,26.607,50.917,52.427,-120.56,-120.56,52.427,50.917,26.607,43.784,13.343,7.7821,-26.995,57.048,-30.229,69.393,21.873
0,-3.2408e-16,-1.472e-15,1.4881e-16,1.4738e-16,4.6907e-17,-7.1054e-15,1.0405e-15,-7.7106e-16,-2.2002e-16,2.3611e-15,5.9444e-16,0,-5.9444e-16,-2.3611e-15,2.2002e-16,7.7106e-16,-1.0405e-15,7.1054e-15,-4.6907e-17,-1.4738e-16,-1.4881e-16,1.472e-15,3.2408e-16,3.2408e-16,0,21.024,-5.0814,-0.32918,-31.141,-31.647,96.026,10.964,16.241,12.687,-111.1,98.502,98.502,-111.1,12.687,16.241,10.964,96.026,-31.647,-31.141,-0.32918,-5.0814,21.024,1.472e-15,-21.024,0,-5.0814,23.765,-1.9894,30.799,-9.3108,18.208,27.249,20.087,-32.491,86.122,-67.027,86.122,-32.491,20.087,27.249,18.208,-9.3108,30.799,-1.9894,23.765,-5.0814,-1.4881e-16,5.0814,5.0814,0,-0.32918,-1.9894,-158.99,-29.419,9.5276,-67.153,-53.534,-4.9019,-38.248,65.71,65.71,-38.248,-4.9019,-53.534,-67.153,9.5276,-29.419,-158.99,-1.9894,-0.32918,-1.4738e-16,0.32918,-23.765,0.32918,0,-31.141,30.799,-29.419,-1.9812,-15.545,-43.185,-3.8411,1.4905,28.716,2.0788,28.716,1.4905,-3.8411,-43.185,-15.545,-1.9812,-29.419,30.799,-31.141,-4.6907e-17,31.141,1.9894,1.9894,31.141,0,-31.647,-9.3108,9.5276,-15.545,36.683,17.965,-62.214,-34.738,24.004,24.004,-34.738,-62.214,17.965,36.683,-15.545,9.5276,-9.3108,-31.647,7.1054e-15,31.647,-30.799,158.99,-30.799,31.647,0,96.026,18.208,-67.153,-43.185,17.965,-9.1611,74.562,-52.137,19.169,-52.137,74.562,-9.1611,17.965,-43.185,-67.153,18.208,96.026,-1.0405e-15,-96.026,9.3108,29.419,29.419,9.3108,-96.026,0,10.964,27.249,-53.534,-3.8411,-62.214,74.562,-15.228,-16.633,-16.633,-15.228,74.562,-62.214,-3.8411,-53.534,27.249,10.964,7.7106e-16,-10.964,-18.208,-9.5276,1.9812,-9.5276,-18.208,-10.964,0,16.241,20.087,-4.9019,1.4905,-34.738,-52.137,-16.633,-19.435,-16.633,-52.137,-34.738,1.4905,-4.9019,20.087,16.241,2.2002e-16,-16.241,-27.249,67.153,15.545,15.545,67.153,-27.249,-16.241,0,12.687,-32.491,-38.248,28.716,24.004,19.169,-16.633,-16.633,19.169,24.004,28.716,-38.248,-32.491,12.687,-2.3611e-15,-12.687,-20.087,53.534,43.185,-36.683,43.185,53.534,-20.087,-12.687,0,-111.1,86.122,65.71,2.0788,24.004,-52.137,-15.228,-52.137,24.004,2.0788,65.71,86.122,-111.1,-5.9444e-16,111.1,32.491,4.9019,3.8411,-17.965,-17.965,3.8411,4.9019,32.491,111.1,0,98.502,-67.027,65.71,28.716,-34.738,74.562,74.562,-34.738,28.716,65.71,-67.027,98.502,0,-98.502,-86.122,38.248,-1.4905,62.214,9.1611,62.214,-1.4905,38.248,-86.122,-98.502,0,98.502,86.122,-38.248,1.4905,-62.214,-9.1611,-62.214,1.4905,-38.248,86.122,98.502,5.9444e-16,-98.502,67.027,-65.71,-28.716,34.738,-74.562,-74.562,34.738,-28.716,-65.71,67.027,-98.502,0,-111.1,-32.491,-4.9019,-3.8411,17.965,17.965,-3.8411,-4.9019,-32.491,-111.1,2.3611e-15,111.1,-86.122,-65.71,-2.0788,-24.004,52.137,15.228,52.137,-24.004,-2.0788,-65.71,-86.122,111.1,0,12.687,20.087,-53.534,-43.185,36.683,-43.185,-53.534,20.087,12.687,-2.2002e-16,-12.687,32.491,38.248,-28.716,-24.004,-19.169,16.633,16.633,-19.169,-24.004,-28.716,38.248,32.491,-12.687,0,16.241,27.249,-67.153,-15.545,-15.545,-67.153,27.249,16.241,-7.7106e-16,-16.241,-20.087,4.9019,-1.4905,34.738,52.137,16.633,19.435,16.633,52.137,34.738,-1.4905,4.9019,-20.087,-16.241,0,10.964,18.208,9.5276,-1.9812,9.5276,18.208,10.964,1.0405e-15,-10.964,-27.249,53.534,3.8411,62.214,-74.562,15.228,16.633,16.633,15.228,-74.562,62.214,3.8411,53.534,-27.249,-10.964,0,96.026,-9.3108,-29.419,-29.419,-9.3108,96.026,-7.1054e-15,-96.026,-18.208,67.153,43.185,-17.965,9.1611,-74.562,52.137,-19.169,52.137,-74.562,9.1611,-17.965,43.185,67.153,-18.208,-96.026,0,-31.647,30.799,-158.99,30.799,-31.647,4.6907e-17,31.647,9.3108,-9.5276,15.545,-36.683,-17.965,62.214,34.738,-24.004,-24.004,34.738,62.214,-17.965,-36.683,15.545,-9.5276,9.3108,31.647,0,-31.141,-1.9894,-1.9894,-31.141,1.4738e-16,31.141,-30.799,29.419,1.9812,15.545,43.185,3.8411,-1.4905,-28.716,-2.0788,-28.716,-1.4905,3.8411,43.185,15.545,1.9812,29.419,-30.799,31.141,0,-0.32918,23.765,-0.32918,1.4881e-16,0.32918,1.9894,158.99,29.419,-9.5276,67.153,53.534,4.9019,38.248,-65.71,-65.71,38.248,4.9019,53.534,67.153,-9.5276,29.419,158.99,1.9894,0.32918,0,-5.0814,-5.0814,-1.472e-15,5.0814,-23.765,1.9894,-30.799,9.3108,-18.208,-27.249,-20.087,32.491,-86.122,67.027,-86.122,32.491,-20.087,-27.249,-18.208,9.3108,-30.799,1.9894,-23.765,5.0814,0,21.024,-3.2408e-16,-21.024,5.0814,0.32918,31.141,31.647,-96.026,-10.964,-16.241,-12.687,111.1,-98.502,-98.502,111.1,-12.687,-16.241,-10.964,-96.026,31.647,31.141,0.32918,5.0814,-21.024,0
