334.15,168.54,44.832,273.41,174.68,61.863,30.54,184.95,7.4172,180.54,175.18,667.85,5.7854,667.85,175.18,180.54,7.4172,184.95,30.54,61.863,174.68,273.41,44.832,168.54,168.54,168.54,57.704,-75.128,-81.286,163.33,-59.125,-78.961,37.82,-38.507,60.463,-60.468,114.18,114.18,-60.468,60.463,-38.507,37.82,-78.961,-59.125,163.33,-81.286,-75.128,57.704,44.832,57.704,44.832,-75.128,1.558,12.216,-23.026,-28.631,0.65754,41.089,73.865,73.407,-83.836,-165.3,-83.836,73.407,73.865,41.089,0.65754,-28.631,-23.026,12.216,1.558,-75.128,273.41,-75.128,-75.128,273.41,-81.286,12.216,-46.349,133.4,-33.988,6.9913,155.36,-49.203,24.102,214.64,214.64,24.102,-49.203,155.36,6.9913,-33.988,133.4,-46.349,12.216,-81.286,174.68,-81.286,1.558,-81.286,174.68,163.33,-23.026,133.4,40.364,-27.764,-129.31,83.14,31.304,-134.97,-194.23,-134.97,31.304,83.14,-129.31,-27.764,40.364,133.4,-23.026,163.33,61.863,163.33,12.216,12.216,163.33,61.863,-59.125,-28.631,-33.988,-27.764,17.682,-52.128,19.903,-7.2086,64.668,64.668,-7.2086,19.903,-52.128,17.682,-27.764,-33.988,-28.631,-59.125,30.54,-59.125,-23.026,-46.349,-23.026,-59.125,30.54,-78.961,0.65754,6.9913,-129.31,-52.128,-39.292,-72.903,91.345,-18.913,91.345,-72.903,-39.292,-52.128,-129.31,6.9913,0.65754,-78.961,184.95,-78.961,-28.631,133.4,133.4,-28.631,-78.961,184.95,37.82,41.089,155.36,83.14,19.903,-72.903,-137.96,-28.784,-28.784,-137.96,-72.903,19.903,83.14,155.36,41.089,37.82,7.4172,37.82,0.65754,-33.988,40.364,-33.988,0.65754,37.82,7.4172,-38.507,73.865,-49.203,31.304,-7.2086,91.345,-28.784,-1.5231,-28.784,91.345,-7.2086,31.304,-49.203,73.865,-38.507,180.54,-38.507,41.089,6.9913,-27.764,-27.764,6.9913,41.089,-38.507,180.54,60.463,73.407,24.102,-134.97,64.668,-18.913,-28.784,-28.784,-18.913,64.668,-134.97,24.102,73.407,60.463,175.18,60.463,73.865,155.36,-129.31,17.682,-129.31,155.36,73.865,60.463,175.18,-60.468,-83.836,214.64,-194.23,64.668,91.345,-137.96,91.345,64.668,-194.23,214.64,-83.836,-60.468,667.85,-60.468,73.407,-49.203,83.14,-52.128,-52.128,83.14,-49.203,73.407,-60.468,667.85,114.18,-165.3,214.64,-134.97,-7.2086,-72.903,-72.903,-7.2086,-134.97,214.64,-165.3,114.18,5.7854,114.18,-83.836,24.102,31.304,19.903,-39.292,19.903,31.304,24.102,-83.836,114.18,5.7854,114.18,-83.836,24.102,31.304,19.903,-39.292,19.903,31.304,24.102,-83.836,114.18,667.85,114.18,-165.3,214.64,-134.97,-7.2086,-72.903,-72.903,-7.2086,-134.97,214.64,-165.3,114.18,667.85,-60.468,73.407,-49.203,83.14,-52.128,-52.128,83.14,-49.203,73.407,-60.468,175.18,-60.468,-83.836,214.64,-194.23,64.668,91.345,-137.96,91.345,64.668,-194.23,214.64,-83.836,-60.468,175.18,60.463,73.865,155.36,-129.31,17.682,-129.31,155.36,73.865,60.463,180.54,60.463,73.407,24.102,-134.97,64.668,-18.913,-28.784,-28.784,-18.913,64.668,-134.97,24.102,73.407,60.463,180.54,-38.507,41.089,6.9913,-27.764,-27.764,6.9913,41.089,-38.507,7.4172,-38.507,73.865,-49.203,31.304,-7.2086,91.345,-28.784,-1.5231,-28.784,91.345,-7.2086,31.304,-49.203,73.865,-38.507,7.4172,37.82,0.65754,-33.988,40.364,-33.988,0.65754,37.82,184.95,37.82,41.089,155.36,83.14,19.903,-72.903,-137.96,-28.784,-28.784,-137.96,-72.903,19.903,83.14,155.36,41.089,37.82,184.95,-78.961,-28.631,133.4,133.4,-28.631,-78.961,30.54,-78.961,0.65754,6.9913,-129.31,-52.128,-39.292,-72.903,91.345,-18.913,91.345,-72.903,-39.292,-52.128,-129.31,6.9913,0.65754,-78.961,30.54,-59.125,-23.026,-46.349,-23.026,-59.125,61.863,-59.125,-28.631,-33.988,-27.764,17.682,-52.128,19.903,-7.2086,64.668,64.668,-7.2086,19.903,-52.128,17.682,-27.764,-33.988,-28.631,-59.125,61.863,163.33,12.216,12.216,163.33,174.68,163.33,-23.026,133.4,40.364,-27.764,-129.31,83.14,31.304,-134.97,-194.23,-134.97,31.304,83.14,-129.31,-27.764,40.364,133.4,-23.026,163.33,174.68,-81.286,1.558,-81.286,273.41,-81.286,12.216,-46.349,133.4,-33.988,6.9913,155.36,-49.203,24.102,214.64,214.64,24.102,-49.203,155.36,6.9913,-33.988,133.4,-46.349,12.216,-81.286,273.41,-75.128,-75.128,44.832,-75.128,1.558,12.216,-23.026,-28.631,0.65754,41.089,73.865,73.407,-83.836,-165.3,-83.836,73.407,73.865,41.089,0.65754,-28.631,-23.026,12.216,1.558,-75.128,44.832,57.704,168.54,57.704,-75.128,-81.286,163.33,-59.125,-78.961,37.82,-38.507,60.463,-60.468,114.18,114.18,-60.468,60.463,-38.507,37.82,-78.961,-59.125,163.33,-81.286,-75.128,57.704,168.54
0,2.4653e-15,1.5593e-17,1.1765e-15,4.8556e-15,-6.523e-16,6.6375e-16,-3.6033e-15,-3.8089e-17,-4.5652e-18,1.6931e-15,-1.9073e-14,0,1.9073e-14,-1.6931e-15,4.5652e-18,3.8089e-17,3.6033e-15,-6.6375e-16,6.523e-16,-4.8556e-15,-1.1765e-15,-1.5593e-17,-2.4653e-15,-2.4653e-15,0,-163.53,19.164,-95.122,-18.045,21.927,-5.1136,8.3347,-44.257,185.32,188.59,129.4,129.4,188.59,185.32,-44.257,8.3347,-5.1136,21.927,-18.045,-95.122,19.164,-163.53,-1.5593e-17,163.53,0,19.164,69.752,-38.074,-31.914,29.917,-44.609,40.763,-11.733,-59.832,28.264,-192.44,28.264,-59.832,-11.733,40.763,-44.609,29.917,-31.914,-38.074,69.752,19.164,-1.1765e-15,-19.164,-19.164,0,-95.122,-38.074,90.198,43.618,14.645,42.954,34.41,68.461,-14.616,-309.9,-309.9,-14.616,68.461,34.41,42.954,14.645,43.618,90.198,-38.074,-95.122,-4.8556e-15,95.122,-69.752,95.122,0,-18.045,-31.914,43.618,38.86,41.27,-28.602,-243.22,66.753,165.43,-247.58,165.43,66.753,-243.22,-28.602,41.27,38.86,43.618,-31.914,-18.045,6.523e-16,18.045,38.074,38.074,18.045,0,21.927,29.917,14.645,41.27,-60.806,6.4825,21.555,69.506,-95.146,-95.146,69.506,21.555,6.4825,-60.806,41.27,14.645,29.917,21.927,-6.6375e-16,-21.927,31.914,-90.198,31.914,-21.927,0,-5.1136,-44.609,42.954,-28.602,6.4825,61.31,-27.503,18.11,41.535,18.11,-27.503,61.31,6.4825,-28.602,42.954,-44.609,-5.1136,3.6033e-15,5.1136,-29.917,-43.618,-43.618,-29.917,5.1136,0,8.3347,40.763,34.41,-243.22,21.555,-27.503,-28.849,-13.17,-13.17,-28.849,-27.503,21.555,-243.22,34.41,40.763,8.3347,3.8089e-17,-8.3347,44.609,-14.645,-38.86,-14.645,44.609,-8.3347,0,-44.257,-11.733,68.461,66.753,69.506,18.11,-13.17,43.82,-13.17,18.11,69.506,66.753,68.461,-11.733,-44.257,4.5652e-18,44.257,-40.763,-42.954,-41.27,-41.27,-42.954,-40.763,44.257,0,185.32,-59.832,-14.616,165.43,-95.146,41.535,-13.17,-13.17,41.535,-95.146,165.43,-14.616,-59.832,185.32,-1.6931e-15,-185.32,11.733,-34.41,28.602,60.806,28.602,-34.41,11.733,-185.32,0,188.59,28.264,-309.9,-247.58,-95.146,18.11,-28.849,18.11,-95.146,-247.58,-309.9,28.264,188.59,1.9073e-14,-188.59,59.832,-68.461,243.22,-6.4825,-6.4825,243.22,-68.461,59.832,-188.59,0,129.4,-192.44,-309.9,165.43,69.506,-27.503,-27.503,69.506,165.43,-309.9,-192.44,129.4,0,-129.4,-28.264,14.616,-66.753,-21.555,-61.31,-21.555,-66.753,14.616,-28.264,-129.4,0,129.4,28.264,-14.616,66.753,21.555,61.31,21.555,66.753,-14.616,28.264,129.4,-1.9073e-14,-129.4,192.44,309.9,-165.43,-69.506,27.503,27.503,-69.506,-165.43,309.9,192.44,-129.4,0,188.59,-59.832,68.461,-243.22,6.4825,6.4825,-243.22,68.461,-59.832,188.59,1.6931e-15,-188.59,-28.264,309.9,247.58,95.146,-18.11,28.849,-18.11,95.146,247.58,309.9,-28.264,-188.59,0,185.32,-11.733,34.41,-28.602,-60.806,-28.602,34.41,-11.733,185.32,-4.5652e-18,-185.32,59.832,14.616,-165.43,95.146,-41.535,13.17,13.17,-41.535,95.146,-165.43,14.616,59.832,-185.32,0,-44.257,40.763,42.954,41.27,41.27,42.954,40.763,-44.257,-3.8089e-17,44.257,11.733,-68.461,-66.753,-69.506,-18.11,13.17,-43.82,13.17,-18.11,-69.506,-66.753,-68.461,11.733,44.257,0,8.3347,-44.609,14.645,38.86,14.645,-44.609,8.3347,-3.6033e-15,-8.3347,-40.763,-34.41,243.22,-21.555,27.503,28.849,13.17,13.17,28.849,27.503,-21.555,243.22,-34.41,-40.763,-8.3347,0,-5.1136,29.917,43.618,43.618,29.917,-5.1136,6.6375e-16,5.1136,44.609,-42.954,28.602,-6.4825,-61.31,27.503,-18.11,-41.535,-18.11,27.503,-61.31,-6.4825,28.602,-42.954,44.609,5.1136,0,21.927,-31.914,90.198,-31.914,21.927,-6.523e-16,-21.927,-29.917,-14.645,-41.27,60.806,-6.4825,-21.555,-69.506,95.146,95.146,-69.506,-21.555,-6.4825,60.806,-41.27,-14.645,-29.917,-21.927,0,-18.045,-38.074,-38.074,-18.045,4.8556e-15,18.045,31.914,-43.618,-38.86,-41.27,28.602,243.22,-66.753,-165.43,247.58,-165.43,-66.753,243.22,28.602,-41.27,-38.86,-43.618,31.914,18.045,0,-95.122,69.752,-95.122,1.1765e-15,95.122,38.074,-90.198,-43.618,-14.645,-42.954,-34.41,-68.461,14.616,309.9,309.9,14.616,-68.461,-34.41,-42.954,-14.645,-43.618,-90.198,38.074,95.122,0,19.164,19.164,1.5593e-17,-19.164,-69.752,38.074,31.914,-29.917,44.609,-40.763,11.733,59.832,-28.264,192.44,-28.264,59.832,11.733,-40.763,44.609,-29.917,31.914,38.074,-69.752,-19.164,0,-163.53,2.4653e-15,163.53,-19.164,95.122,18.045,-21.927,5.1136,-8.3347,44.257,-185.32,-188.59,-129.4,-129.4,-188.59,-185.32,44.257,-8.3347,5.1136,-21.927,18.045,95.122,-19.164,163.53,0
