374.95,77.292,321.38,212.19,123.16,268.76,159.63,174.11,151.56,86.585,111.76,12.626,3.5103,12.626,111.76,86.585,151.56,174.11,159.63,268.76,123.16,212.19,321.38,77.292,77.292,77.292,-23.714,3.5123,-23.224,-26.116,-68.763,25.903,-15.357,154.09,-55.748,-11.555,0.37818,0.37818,-11.555,-55.748,154.09,-15.357,25.903,-68.763,-26.116,-23.224,3.5123,-23.714,321.38,-23.714,321.38,3.5123,-19.048,-181.05,104.41,212.72,83.407,-30.306,32.675,-17.167,-4.543,2.9765,-4.543,-17.167,32.675,-30.306,83.407,212.72,104.41,-181.05,-19.048,3.5123,212.19,3.5123,3.5123,212.19,-23.224,-181.05,-112.18,44.558,46.806,73.373,-86.267,0.84413,-6.3709,12.999,12.999,-6.3709,0.84413,-86.267,73.373,46.806,44.558,-112.18,-181.05,-23.224,123.16,-23.224,-19.048,-23.224,123.16,-26.116,104.41,44.558,389.27,92.916,67.755,-7.6878,-14.865,-16.825,45.75,-16.825,-14.865,-7.6878,67.755,92.916,389.27,44.558,104.41,-26.116,268.76,-26.116,-181.05,-181.05,-26.116,268.76,-68.763,212.72,46.806,92.916,155.32,23.076,-11.96,-24.2,28.415,28.415,-24.2,-11.96,23.076,155.32,92.916,46.806,212.72,-68.763,159.63,-68.763,104.41,-112.18,104.41,-68.763,159.63,25.903,83.407,73.373,67.755,23.076,10.844,0.8366,-133.71,123.5,-133.71,0.8366,10.844,23.076,67.755,73.373,83.407,25.903,174.11,25.903,212.72,44.558,44.558,212.72,25.903,174.11,-15.357,-30.306,-86.267,-7.6878,-11.96,0.8366,40.767,128.98,128.98,40.767,0.8366,-11.96,-7.6878,-86.267,-30.306,-15.357,151.56,-15.357,83.407,46.806,389.27,46.806,83.407,-15.357,151.56,154.09,32.675,0.84413,-14.865,-24.2,-133.71,128.98,74.177,128.98,-133.71,-24.2,-14.865,0.84413,32.675,154.09,86.585,154.09,-30.306,73.373,92.916,92.916,73.373,-30.306,154.09,86.585,-55.748,-17.167,-6.3709,-16.825,28.415,123.5,128.98,128.98,123.5,28.415,-16.825,-6.3709,-17.167,-55.748,111.76,-55.748,32.675,-86.267,67.755,155.32,67.755,-86.267,32.675,-55.748,111.76,-11.555,-4.543,12.999,45.75,28.415,-133.71,40.767,-133.71,28.415,45.75,12.999,-4.543,-11.555,12.626,-11.555,-17.167,0.84413,-7.6878,23.076,23.076,-7.6878,0.84413,-17.167,-11.555,12.626,0.37818,2.9765,12.999,-16.825,-24.2,0.8366,0.8366,-24.2,-16.825,12.999,2.9765,0.37818,3.5103,0.37818,-4.543,-6.3709,-14.865,-11.96,10.844,-11.96,-14.865,-6.3709,-4.543,0.37818,3.5103,0.37818,-4.543,-6.3709,-14.865,-11.96,10.844,-11.96,-14.865,-6.3709,-4.543,0.37818,12.626,0.37818,2.9765,12.999,-16.825,-24.2,0.8366,0.8366,-24.2,-16.825,12.999,2.9765,0.37818,12.626,-11.555,-17.167,0.84413,-7.6878,23.076,23.076,-7.6878,0.84413,-17.167,-11.555,111.76,-11.555,-4.543,12.999,45.75,28.415,-133.71,40.767,-133.71,28.415,45.75,12.999,-4.543,-11.555,111.76,-55.748,32.675,-86.267,67.755,155.32,67.755,-86.267,32.675,-55.748,86.585,-55.748,-17.167,-6.3709,-16.825,28.415,123.5,128.98,128.98,123.5,28.415,-16.825,-6.3709,-17.167,-55.748,86.585,154.09,-30.306,73.373,92.916,92.916,73.373,-30.306,154.09,151.56,154.09,32.675,0.84413,-14.865,-24.2,-133.71,128.98,74.177,128.98,-133.71,-24.2,-14.865,0.84413,32.675,154.09,151.56,-15.357,83.407,46.806,389.27,46.806,83.407,-15.357,174.11,-15.357,-30.306,-86.267,-7.6878,-11.96,0.8366,40.767,128.98,128.98,40.767,0.8366,-11.96,-7.6878,-86.267,-30.306,-15.357,174.11,25.903,212.72,44.558,44.558,212.72,25.903,159.63,25.903,83.407,73.373,67.755,23.076,10.844,0.8366,-133.71,123.5,-133.71,0.8366,10.844,23.076,67.755,73.373,83.407,25.903,159.63,-68.763,104.41,-112.18,104.41,-68.763,268.76,-68.763,212.72,46.806,92.916,155.32,23.076,-11.96,-24.2,28.415,28.415,-24.2,-11.96,23.076,155.32,92.916,46.806,212.72,-68.763,268.76,-26.116,-181.05,-181.05,-26.116,123.16,-26.116,104.41,44.558,389.27,92.916,67.755,-7.6878,-14.865,-16.825,45.75,-16.825,-14.865,-7.6878,67.755,92.916,389.27,44.558,104.41,-26.116,123.16,-23.224,-19.048,-23.224,212.19,-23.224,-181.05,-112.18,44.558,46.806,73.373,-86.267,0.84413,-6.3709,12.999,12.999,-6.3709,0.84413,-86.267,73.373,46.806,44.558,-112.18,-181.05,-23.224,212.19,3.5123,3.5123,321.38,3.5123,-19.048,-181.05,104.41,212.72,83.407,-30.306,32.675,-17.167,-4.543,2.9765,-4.543,-17.167,32.675,-30.306,83.407,212.72,104.41,-181.05,-19.048,3.5123,321.38,-23.714,77.292,-23.714,3.5123,-23.224,-26.116,-68.763,25.903,-15.357,154.09,-55.748,-11.555,0.37818,0.37818,-11.555,-55.748,154.09,-15.357,25.903,-68.763,-26.116,-23.224,3.5123,-23.714,77.292
0,-3.7024e-16,-3.805e-17,-2.0111e-15,-3.5616e-15,-3.6151e-15,1.1907e-15,1.174e-15,4.8967e-15,-2.2211e-15,1.0486e-15,-2.0282e-16,0,2.0282e-16,-1.0486e-15,2.2211e-15,-4.8967e-15,-1.174e-15,-1.1907e-15,3.6151e-15,3.5616e-15,2.0111e-15,3.805e-17,3.7024e-16,3.7024e-16,0,19.962,54.834,57.665,-103.35,35.285,-67.408,122.9,-44.845,-44.257,7.9988,-1.1621,-1.1621,7.9988,-44.257,-44.845,122.9,-67.408,35.285,-103.35,57.665,54.834,19.962,3.805e-17,-19.962,0,54.834,-135.2,111.04,-126.08,12.379,-154.33,-106.66,101.45,-15.687,-10.624,2.6839,-10.624,-15.687,101.45,-106.66,-154.33,12.379,-126.08,111.04,-135.2,54.834,2.0111e-15,-54.834,-54.834,0,57.665,111.04,75.825,-6.6976,-15.281,-46.386,56.407,-1.843,-2.3705,-21.247,-21.247,-2.3705,-1.843,56.407,-46.386,-15.281,-6.6976,75.825,111.04,57.665,3.5616e-15,-57.665,135.2,-57.665,0,-103.35,-126.08,-6.6976,-254.46,110.35,111.26,-36.421,24.303,63.219,100.47,63.219,24.303,-36.421,111.26,110.35,-254.46,-6.6976,-126.08,-103.35,3.6151e-15,103.35,-111.04,-111.04,103.35,0,35.285,12.379,-15.281,110.35,-11.895,-34.959,-11.424,-23.305,8.9204,8.9204,-23.305,-11.424,-34.959,-11.895,110.35,-15.281,12.379,35.285,-1.1907e-15,-35.285,126.08,-75.825,126.08,-35.285,0,-67.408,-154.33,-46.386,111.26,-34.959,5.4404,-4.8905,18.816,91.591,18.816,-4.8905,5.4404,-34.959,111.26,-46.386,-154.33,-67.408,-1.174e-15,67.408,-12.379,6.6976,6.6976,-12.379,67.408,0,122.9,-106.66,56.407,-36.421,-11.424,-4.8905,33.588,77.484,77.484,33.588,-4.8905,-11.424,-36.421,56.407,-106.66,122.9,-4.8967e-15,-122.9,154.33,15.281,254.46,15.281,154.33,-122.9,0,-44.845,101.45,-1.843,24.303,-23.305,18.816,77.484,-329.87,77.484,18.816,-23.305,24.303,-1.843,101.45,-44.845,2.2211e-15,44.845,106.66,46.386,-110.35,-110.35,46.386,106.66,44.845,0,-44.257,-15.687,-2.3705,63.219,8.9204,91.591,77.484,77.484,91.591,8.9204,63.219,-2.3705,-15.687,-44.257,-1.0486e-15,44.257,-101.45,-56.407,-111.26,11.895,-111.26,-56.407,-101.45,44.257,0,7.9988,-10.624,-21.247,100.47,8.9204,18.816,33.588,18.816,8.9204,100.47,-21.247,-10.624,7.9988,2.0282e-16,-7.9988,15.687,1.843,36.421,34.959,34.959,36.421,1.843,15.687,-7.9988,0,-1.1621,2.6839,-21.247,63.219,-23.305,-4.8905,-4.8905,-23.305,63.219,-21.247,2.6839,-1.1621,0,1.1621,10.624,2.3705,-24.303,11.424,-5.4404,11.424,-24.303,2.3705,10.624,1.1621,0,-1.1621,-10.624,-2.3705,24.303,-11.424,5.4404,-11.424,24.303,-2.3705,-10.624,-1.1621,-2.0282e-16,1.1621,-2.6839,21.247,-63.219,23.305,4.8905,4.8905,23.305,-63.219,21.247,-2.6839,1.1621,0,7.9988,-15.687,-1.843,-36.421,-34.959,-34.959,-36.421,-1.843,-15.687,7.9988,1.0486e-15,-7.9988,10.624,21.247,-100.47,-8.9204,-18.816,-33.588,-18.816,-8.9204,-100.47,21.247,10.624,-7.9988,0,-44.257,101.45,56.407,111.26,-11.895,111.26,56.407,101.45,-44.257,-2.2211e-15,44.257,15.687,2.3705,-63.219,-8.9204,-91.591,-77.484,-77.484,-91.591,-8.9204,-63.219,2.3705,15.687,44.257,0,-44.845,-106.66,-46.386,110.35,110.35,-46.386,-106.66,-44.845,4.8967e-15,44.845,-101.45,1.843,-24.303,23.305,-18.816,-77.484,329.87,-77.484,-18.816,23.305,-24.303,1.843,-101.45,44.845,0,122.9,-154.33,-15.281,-254.46,-15.281,-154.33,122.9,1.174e-15,-122.9,106.66,-56.407,36.421,11.424,4.8905,-33.588,-77.484,-77.484,-33.588,4.8905,11.424,36.421,-56.407,106.66,-122.9,0,-67.408,12.379,-6.6976,-6.6976,12.379,-67.408,1.1907e-15,67.408,154.33,46.386,-111.26,34.959,-5.4404,4.8905,-18.816,-91.591,-18.816,4.8905,-5.4404,34.959,-111.26,46.386,154.33,67.408,0,35.285,-126.08,75.825,-126.08,35.285,-3.6151e-15,-35.285,-12.379,15.281,-110.35,11.895,34.959,11.424,23.305,-8.9204,-8.9204,23.305,11.424,34.959,11.895,-110.35,15.281,-12.379,-35.285,0,-103.35,111.04,111.04,-103.35,-3.5616e-15,103.35,126.08,6.6976,254.46,-110.35,-111.26,36.421,-24.303,-63.219,-100.47,-63.219,-24.303,36.421,-111.26,-110.35,254.46,6.6976,126.08,103.35,0,57.665,-135.2,57.665,-2.0111e-15,-57.665,-111.04,-75.825,6.6976,15.281,46.386,-56.407,1.843,2.3705,21.247,21.247,2.3705,1.843,-56.407,46.386,15.281,6.6976,-75.825,-111.04,-57.665,0,54.834,54.834,-3.805e-17,-54.834,135.2,-111.04,126.08,-12.379,154.33,106.66,-101.45,15.687,10.624,-2.6839,10.624,15.687,-101.45,106.66,154.33,-12.379,126.08,-111.04,135.2,-54.834,0,19.962,-3.7024e-16,-19.962,-54.834,-57.665,103.35,-35.285,67.408,-122.9,44.845,44.257,-7.9988,1.1621,1.1621,-7.9988,44.257,44.845,-122.9,67.408,-35.285,103.35,-57.665,-54.834,-19.962,0
