440.96,240.42,98.134,267.08,163.15,337.81,449.64,43.777,24.724,185.01,300.25,188.63,209.38,188.63,300.25,185.01,24.724,43.777,449.64,337.81,163.15,267.08,98.134,240.42,240.42,240.42,-32.666,-38.266,-10.817,70.856,-142.06,15.172,-9.1689,-7.2466,141.68,63.087,117.87,117.87,63.087,141.68,-7.2466,-9.1689,15.172,-142.06,70.856,-10.817,-38.266,-32.666,98.134,-32.666,98.134,-38.266,30.212,26.64,-7.7527,137.31,-143.87,162.57,-15.937,-56.501,-50.451,-12.194,-50.451,-56.501,-15.937,162.57,-143.87,137.31,-7.7527,26.64,30.212,-38.266,267.08,-38.266,-38.266,267.08,-10.817,26.64,64.204,21.079,117.5,9.6465,-41.09,6.1087,72.647,83.823,83.823,72.647,6.1087,-41.09,9.6465,117.5,21.079,64.204,26.64,-10.817,163.15,-10.817,30.212,-10.817,163.15,70.856,-7.7527,21.079,0.33725,69.661,-140.36,-31.182,7.5534,66.269,146.48,66.269,7.5534,-31.182,-140.36,69.661,0.33725,21.079,-7.7527,70.856,337.81,70.856,26.64,26.64,70.856,337.81,-142.06,137.31,117.5,69.661,-112.84,236.75,-83.087,30.803,73.421,73.421,30.803,-83.087,236.75,-112.84,69.661,117.5,137.31,-142.06,449.64,-142.06,-7.7527,64.204,-7.7527,-142.06,449.64,15.172,-143.87,9.6465,-140.36,236.75,-81.201,14.702,-29.295,48.587,-29.295,14.702,-81.201,236.75,-140.36,9.6465,-143.87,15.172,43.777,15.172,137.31,21.079,21.079,137.31,15.172,43.777,-9.1689,162.57,-41.09,-31.182,-83.087,14.702,24.314,-65.568,-65.568,24.314,14.702,-83.087,-31.182,-41.09,162.57,-9.1689,24.724,-9.1689,-143.87,117.5,0.33725,117.5,-143.87,-9.1689,24.724,-7.2466,-15.937,6.1087,7.5534,30.803,-29.295,-65.568,24.748,-65.568,-29.295,30.803,7.5534,6.1087,-15.937,-7.2466,185.01,-7.2466,162.57,9.6465,69.661,69.661,9.6465,162.57,-7.2466,185.01,141.68,-56.501,72.647,66.269,73.421,48.587,-65.568,-65.568,48.587,73.421,66.269,72.647,-56.501,141.68,300.25,141.68,-15.937,-41.09,-140.36,-112.84,-140.36,-41.09,-15.937,141.68,300.25,63.087,-50.451,83.823,146.48,73.421,-29.295,24.314,-29.295,73.421,146.48,83.823,-50.451,63.087,188.63,63.087,-56.501,6.1087,-31.182,236.75,236.75,-31.182,6.1087,-56.501,63.087,188.63,117.87,-12.194,83.823,66.269,30.803,14.702,14.702,30.803,66.269,83.823,-12.194,117.87,209.38,117.87,-50.451,72.647,7.5534,-83.087,-81.201,-83.087,7.5534,72.647,-50.451,117.87,209.38,117.87,-50.451,72.647,7.5534,-83.087,-81.201,-83.087,7.5534,72.647,-50.451,117.87,188.63,117.87,-12.194,83.823,66.269,30.803,14.702,14.702,30.803,66.269,83.823,-12.194,117.87,188.63,63.087,-56.501,6.1087,-31.182,236.75,236.75,-31.182,6.1087,-56.501,63.087,300.25,63.087,-50.451,83.823,146.48,73.421,-29.295,24.314,-29.295,73.421,146.48,83.823,-50.451,63.087,300.25,141.68,-15.937,-41.09,-140.36,-112.84,-140.36,-41.09,-15.937,141.68,185.01,141.68,-56.501,72.647,66.269,73.421,48.587,-65.568,-65.568,48.587,73.421,66.269,72.647,-56.501,141.68,185.01,-7.2466,162.57,9.6465,69.661,69.661,9.6465,162.57,-7.2466,24.724,-7.2466,-15.937,6.1087,7.5534,30.803,-29.295,-65.568,24.748,-65.568,-29.295,30.803,7.5534,6.1087,-15.937,-7.2466,24.724,-9.1689,-143.87,117.5,0.33725,117.5,-143.87,-9.1689,43.777,-9.1689,162.57,-41.09,-31.182,-83.087,14.702,24.314,-65.568,-65.568,24.314,14.702,-83.087,-31.182,-41.09,162.57,-9.1689,43.777,15.172,137.31,21.079,21.079,137.31,15.172,449.64,15.172,-143.87,9.6465,-140.36,236.75,-81.201,14.702,-29.295,48.587,-29.295,14.702,-81.201,236.75,-140.36,9.6465,-143.87,15.172,449.64,-142.06,-7.7527,64.204,-7.7527,-142.06,337.81,-142.06,137.31,117.5,69.661,-112.84,236.75,-83.087,30.803,73.421,73.421,30.803,-83.087,236.75,-112.84,69.661,117.5,137.31,-142.06,337.81,70.856,26.64,26.64,70.856,163.15,70.856,-7.7527,21.079,0.33725,69.661,-140.36,-31.182,7.5534,66.269,146.48,66.269,7.5534,-31.182,-140.36,69.661,0.33725,21.079,-7.7527,70.856,163.15,-10.817,30.212,-10.817,267.08,-10.817,26.64,64.204,21.079,117.5,9.6465,-41.09,6.1087,72.647,83.823,83.823,72.647,6.1087,-41.09,9.6465,117.5,21.079,64.204,26.64,-10.817,267.08,-38.266,-38.266,98.134,-38.266,30.212,26.64,-7.7527,137.31,-143.87,162.57,-15.937,-56.501,-50.451,-12.194,-50.451,-56.501,-15.937,162.57,-143.87,137.31,-7.7527,26.64,30.212,-38.266,98.134,-32.666,240.42,-32.666,-38.266,-10.817,70.856,-142.06,15.172,-9.1689,-7.2466,141.68,63.087,117.87,117.87,63.087,141.68,-7.2466,-9.1689,15.172,-142.06,70.856,-10.817,-38.266,-32.666,240.42
0,1.793e-15,-1.1673e-15,2.6468e-18,-1.7529e-15,1.7906e-17,0,7.5824e-17,1.5812e-16,-2.2074e-15,-4.5612e-17,4.6597e-15,0,-4.6597e-15,4.5612e-17,2.2074e-15,-1.5812e-16,-7.5824e-17,0,-1.7906e-17,1.7529e-15,-2.6468e-18,1.1673e-15,-1.793e-15,-1.793e-15,0,-5.2457,48.083,146.8,-97.278,-77.086,32.566,-14.401,-1.5233,-44.21,163.27,-79.411,-79.411,163.27,-44.21,-1.5233,-14.401,32.566,-77.086,-97.278,146.8,48.083,-5.2457,1.1673e-15,5.2457,0,48.083,-48.769,-279.21,4.2768,-201.6,-5.2999,34.37,19.251,13.98,-22.762,39.262,-22.762,13.98,19.251,34.37,-5.2999,-201.6,4.2768,-279.21,-48.769,48.083,-2.6468e-18,-48.083,-48.083,0,146.8,-279.21,-86.927,-50.177,24.718,-15.851,-45.836,28.119,152.52,155.48,155.48,152.52,28.119,-45.836,-15.851,24.718,-50.177,-86.927,-279.21,146.8,1.7529e-15,-146.8,48.769,-146.8,0,-97.278,4.2768,-50.177,16.579,114.82,-141.93,-17.904,-9.4183,-76.736,108.01,-76.736,-9.4183,-17.904,-141.93,114.82,16.579,-50.177,4.2768,-97.278,-1.7906e-17,97.278,279.21,279.21,97.278,0,-77.086,-201.6,24.718,114.82,78.003,-19.374,48.489,-45.602,86.875,86.875,-45.602,48.489,-19.374,78.003,114.82,24.718,-201.6,-77.086,0,77.086,-4.2768,86.927,-4.2768,77.086,0,32.566,-5.2999,-15.851,-141.93,-19.374,330.28,-13.027,31.536,-189.57,31.536,-13.027,330.28,-19.374,-141.93,-15.851,-5.2999,32.566,-7.5824e-17,-32.566,201.6,50.177,50.177,201.6,-32.566,0,-14.401,34.37,-45.836,-17.904,48.489,-13.027,1.1945,43.038,43.038,1.1945,-13.027,48.489,-17.904,-45.836,34.37,-14.401,-1.5812e-16,14.401,5.2999,-24.718,-16.579,-24.718,5.2999,14.401,0,-1.5233,19.251,28.119,-9.4183,-45.602,31.536,43.038,30.401,43.038,31.536,-45.602,-9.4183,28.119,19.251,-1.5233,2.2074e-15,1.5233,-34.37,15.851,-114.82,-114.82,15.851,-34.37,1.5233,0,-44.21,13.98,152.52,-76.736,86.875,-189.57,43.038,43.038,-189.57,86.875,-76.736,152.52,13.98,-44.21,4.5612e-17,44.21,-19.251,45.836,141.93,-78.003,141.93,45.836,-19.251,44.21,0,163.27,-22.762,155.48,108.01,86.875,31.536,1.1945,31.536,86.875,108.01,155.48,-22.762,163.27,-4.6597e-15,-163.27,-13.98,-28.119,17.904,19.374,19.374,17.904,-28.119,-13.98,-163.27,0,-79.411,39.262,155.48,-76.736,-45.602,-13.027,-13.027,-45.602,-76.736,155.48,39.262,-79.411,0,79.411,22.762,-152.52,9.4183,-48.489,-330.28,-48.489,9.4183,-152.52,22.762,79.411,0,-79.411,-22.762,152.52,-9.4183,48.489,330.28,48.489,-9.4183,152.52,-22.762,-79.411,4.6597e-15,79.411,-39.262,-155.48,76.736,45.602,13.027,13.027,45.602,76.736,-155.48,-39.262,79.411,0,163.27,13.98,28.119,-17.904,-19.374,-19.374,-17.904,28.119,13.98,163.27,-4.5612e-17,-163.27,22.762,-155.48,-108.01,-86.875,-31.536,-1.1945,-31.536,-86.875,-108.01,-155.48,22.762,-163.27,0,-44.21,19.251,-45.836,-141.93,78.003,-141.93,-45.836,19.251,-44.21,-2.2074e-15,44.21,-13.98,-152.52,76.736,-86.875,189.57,-43.038,-43.038,189.57,-86.875,76.736,-152.52,-13.98,44.21,0,-1.5233,34.37,-15.851,114.82,114.82,-15.851,34.37,-1.5233,1.5812e-16,1.5233,-19.251,-28.119,9.4183,45.602,-31.536,-43.038,-30.401,-43.038,-31.536,45.602,9.4183,-28.119,-19.251,1.5233,0,-14.401,-5.2999,24.718,16.579,24.718,-5.2999,-14.401,7.5824e-17,14.401,-34.37,45.836,17.904,-48.489,13.027,-1.1945,-43.038,-43.038,-1.1945,13.027,-48.489,17.904,45.836,-34.37,14.401,0,32.566,-201.6,-50.177,-50.177,-201.6,32.566,0,-32.566,5.2999,15.851,141.93,19.374,-330.28,13.027,-31.536,189.57,-31.536,13.027,-330.28,19.374,141.93,15.851,5.2999,-32.566,0,-77.086,4.2768,-86.927,4.2768,-77.086,1.7906e-17,77.086,201.6,-24.718,-114.82,-78.003,19.374,-48.489,45.602,-86.875,-86.875,45.602,-48.489,19.374,-78.003,-114.82,-24.718,201.6,77.086,0,-97.278,-279.21,-279.21,-97.278,-1.7529e-15,97.278,-4.2768,50.177,-16.579,-114.82,141.93,17.904,9.4183,76.736,-108.01,76.736,9.4183,17.904,141.93,-114.82,-16.579,50.177,-4.2768,97.278,0,146.8,-48.769,146.8,2.6468e-18,-146.8,279.21,86.927,50.177,-24.718,15.851,45.836,-28.119,-152.52,-155.48,-155.48,-152.52,-28.119,45.836,15.851,-24.718,50.177,86.927,279.21,-146.8,0,48.083,48.083,-1.1673e-15,-48.083,48.769,279.21,-4.2768,201.6,5.2999,-34.37,-19.251,-13.98,22.762,-39.262,22.762,-13.98,-19.251,-34.37,5.2999,201.6,-4.2768,279.21,48.769,-48.083,0,-5.2457,1.793e-15,5.2457,-48.083,-146.8,97.278,77.086,-32.566,14.401,1.5233,44.21,-163.27,79.411,79.411,-163.27,44.21,1.5233,14.401,-32.566,77.086,97.278,-146.8,-48.083,5.2457,0
