-25.819,-99.913,-7.7167,-130.32,-56.039,-153.48,-29.132,-48.227,-27.31,-176.14,-20.11,-148.2,-78.622,-148.2,-20.11,-176.14,-27.31,-48.227,-29.132,-153.48,-56.039,-130.32,-7.7167,-99.913,-99.913,-99.913,77.47,22.288,0.86134,11.561,-79.515,5.6906,58.666,-176.19,-97.795,-53.921,-81.419,-81.419,-53.921,-97.795,-176.19,58.666,5.6906,-79.515,11.561,0.86134,22.288,77.47,-7.7167,77.47,-7.7167,22.288,0.54065,9.782,13.124,-10.799,7.167,-26.466,13.478,32.477,-0.9897,33.38,-0.9897,32.477,13.478,-26.466,7.167,-10.799,13.124,9.782,0.54065,22.288,-130.32,22.288,22.288,-130.32,0.86134,9.782,110.94,57.366,-10.865,-92.194,-0.46611,17.887,185.28,50.059,50.059,185.28,17.887,-0.46611,-92.194,-10.865,57.366,110.94,9.782,0.86134,-56.039,0.86134,0.54065,0.86134,-56.039,11.561,13.124,57.366,-8.8241,-115.49,25.562,33.772,-14.933,-30.976,-7.2879,-30.976,-14.933,33.772,25.562,-115.49,-8.8241,57.366,13.124,11.561,-153.48,11.561,9.782,9.782,11.561,-153.48,-79.515,-10.799,-10.865,-115.49,-50.425,-113.42,17.753,-132.47,-70.701,-70.701,-132.47,17.753,-113.42,-50.425,-115.49,-10.865,-10.799,-79.515,-29.132,-79.515,13.124,110.94,13.124,-79.515,-29.132,5.6906,7.167,-92.194,25.562,-113.42,24.894,80.491,-23.655,-30.099,-23.655,80.491,24.894,-113.42,25.562,-92.194,7.167,5.6906,-48.227,5.6906,-10.799,57.366,57.366,-10.799,5.6906,-48.227,58.666,-26.466,-0.46611,33.772,17.753,80.491,1.8957,-12.262,-12.262,1.8957,80.491,17.753,33.772,-0.46611,-26.466,58.666,-27.31,58.666,7.167,-10.865,-8.8241,-10.865,7.167,58.666,-27.31,-176.19,13.478,17.887,-14.933,-132.47,-23.655,-12.262,-2.6997,-12.262,-23.655,-132.47,-14.933,17.887,13.478,-176.19,-176.14,-176.19,-26.466,-92.194,-115.49,-115.49,-92.194,-26.466,-176.19,-176.14,-97.795,32.477,185.28,-30.976,-70.701,-30.099,-12.262,-12.262,-30.099,-70.701,-30.976,185.28,32.477,-97.795,-20.11,-97.795,13.478,-0.46611,25.562,-50.425,25.562,-0.46611,13.478,-97.795,-20.11,-53.921,-0.9897,50.059,-7.2879,-70.701,-23.655,1.8957,-23.655,-70.701,-7.2879,50.059,-0.9897,-53.921,-148.2,-53.921,32.477,17.887,33.772,-113.42,-113.42,33.772,17.887,32.477,-53.921,-148.2,-81.419,33.38,50.059,-30.976,-132.47,80.491,80.491,-132.47,-30.976,50.059,33.38,-81.419,-78.622,-81.419,-0.9897,185.28,-14.933,17.753,24.894,17.753,-14.933,185.28,-0.9897,-81.419,-78.622,-81.419,-0.9897,185.28,-14.933,17.753,24.894,17.753,-14.933,185.28,-0.9897,-81.419,-148.2,-81.419,33.38,50.059,-30.976,-132.47,80.491,80.491,-132.47,-30.976,50.059,33.38,-81.419,-148.2,-53.921,32.477,17.887,33.772,-113.42,-113.42,33.772,17.887,32.477,-53.921,-20.11,-53.921,-0.9897,50.059,-7.2879,-70.701,-23.655,1.8957,-23.655,-70.701,-7.2879,50.059,-0.9897,-53.921,-20.11,-97.795,13.478,-0.46611,25.562,-50.425,25.562,-0.46611,13.478,-97.795,-176.14,-97.795,32.477,185.28,-30.976,-70.701,-30.099,-12.262,-12.262,-30.099,-70.701,-30.976,185.28,32.477,-97.795,-176.14,-176.19,-26.466,-92.194,-115.49,-115.49,-92.194,-26.466,-176.19,-27.31,-176.19,13.478,17.887,-14.933,-132.47,-23.655,-12.262,-2.6997,-12.262,-23.655,-132.47,-14.933,17.887,13.478,-176.19,-27.31,58.666,7.167,-10.865,-8.8241,-10.865,7.167,58.666,-48.227,58.666,-26.466,-0.46611,33.772,17.753,80.491,1.8957,-12.262,-12.262,1.8957,80.491,17.753,33.772,-0.46611,-26.466,58.666,-48.227,5.6906,-10.799,57.366,57.366,-10.799,5.6906,-29.132,5.6906,7.167,-92.194,25.562,-113.42,24.894,80.491,-23.655,-30.099,-23.655,80.491,24.894,-113.42,25.562,-92.194,7.167,5.6906,-29.132,-79.515,13.124,110.94,13.124,-79.515,-153.48,-79.515,-10.799,-10.865,-115.49,-50.425,-113.42,17.753,-132.47,-70.701,-70.701,-132.47,17.753,-113.42,-50.425,-115.49,-10.865,-10.799,-79.515,-153.48,11.561,9.782,9.782,11.561,-56.039,11.561,13.124,57.366,-8.8241,-115.49,25.562,33.772,-14.933,-30.976,-7.2879,-30.976,-14.933,33.772,25.562,-115.49,-8.8241,57.366,13.124,11.561,-56.039,0.86134,0.54065,0.86134,-130.32,0.86134,9.782,110.94,57.366,-10.865,-92.194,-0.46611,17.887,185.28,50.059,50.059,185.28,17.887,-0.46611,-92.194,-10.865,57.366,110.94,9.782,0.86134,-130.32,22.288,22.288,-7.7167,22.288,0.54065,9.782,13.124,-10.799,7.167,-26.466,13.478,32.477,-0.9897,33.38,-0.9897,32.477,13.478,-26.466,7.167,-10.799,13.124,9.782,0.54065,22.288,-7.7167,77.47,-99.913,77.47,22.288,0.86134,11.561,-79.515,5.6906,58.666,-176.19,-97.795,-53.921,-81.419,-81.419,-53.921,-97.795,-176.19,58.666,5.6906,-79.515,11.561,0.86134,22.288,77.47,-99.913
0,8.2595e-16,2.7103e-17,1.0889e-15,-5.5893e-16,2.967e-15,-8.898e-16,-5.1251e-16,3.6283e-16,4.7608e-15,-7.4918e-17,-1.1123e-15,0,1.1123e-15,7.4918e-17,-4.7608e-15,-3.6283e-16,5.1251e-16,8.898e-16,-2.967e-15,5.5893e-16,-1.0889e-15,-2.7103e-17,-8.2595e-16,-8.2595e-16,0,65.631,-5.2383,66.899,-103.19,-0.21803,-29.192,-21.743,-55.212,-173.15,-65.74,-132.3,-132.3,-65.74,-173.15,-55.212,-21.743,-29.192,-0.21803,-103.19,66.899,-5.2383,65.631,-2.7103e-17,-65.631,0,-5.2383,-3.3266,-46.68,4.8829,-16.239,-7.5063,28.764,10.741,61.267,41.216,53.522,41.216,61.267,10.741,28.764,-7.5063,-16.239,4.8829,-46.68,-3.3266,-5.2383,-1.0889e-15,5.2383,5.2383,0,66.899,-46.68,-7.2344,99.966,126.28,91.322,-15.659,94.246,-38.708,59.691,59.691,-38.708,94.246,-15.659,91.322,126.28,99.966,-7.2344,-46.68,66.899,5.5893e-16,-66.899,3.3266,-66.899,0,-103.19,4.8829,99.966,-36.823,-10.748,-3.5017,-116.95,7.6695,-183.81,-8.6406,-183.81,7.6695,-116.95,-3.5017,-10.748,-36.823,99.966,4.8829,-103.19,-2.967e-15,103.19,46.68,46.68,103.19,0,-0.21803,-16.239,126.28,-10.748,-53.408,-24.452,22.773,-35.615,4.6518,4.6518,-35.615,22.773,-24.452,-53.408,-10.748,126.28,-16.239,-0.21803,8.898e-16,0.21803,-4.8829,7.2344,-4.8829,0.21803,0,-29.192,-7.5063,91.322,-3.5017,-24.452,40.634,-38.866,-9.033,-229.57,-9.033,-38.866,40.634,-24.452,-3.5017,91.322,-7.5063,-29.192,5.1251e-16,29.192,16.239,-99.966,-99.966,16.239,29.192,0,-21.743,28.764,-15.659,-116.95,22.773,-38.866,-35.01,1.1747,1.1747,-35.01,-38.866,22.773,-116.95,-15.659,28.764,-21.743,-3.6283e-16,21.743,7.5063,-126.28,36.823,-126.28,7.5063,21.743,0,-55.212,10.741,94.246,7.6695,-35.615,-9.033,1.1747,-12.16,1.1747,-9.033,-35.615,7.6695,94.246,10.741,-55.212,-4.7608e-15,55.212,-28.764,-91.322,10.748,10.748,-91.322,-28.764,55.212,0,-173.15,61.267,-38.708,-183.81,4.6518,-229.57,1.1747,1.1747,-229.57,4.6518,-183.81,-38.708,61.267,-173.15,7.4918e-17,173.15,-10.741,15.659,3.5017,53.408,3.5017,15.659,-10.741,173.15,0,-65.74,41.216,59.691,-8.6406,4.6518,-9.033,-35.01,-9.033,4.6518,-8.6406,59.691,41.216,-65.74,1.1123e-15,65.74,-61.267,-94.246,116.95,24.452,24.452,116.95,-94.246,-61.267,65.74,0,-132.3,53.522,59.691,-183.81,-35.615,-38.866,-38.866,-35.615,-183.81,59.691,53.522,-132.3,0,132.3,-41.216,38.708,-7.6695,-22.773,-40.634,-22.773,-7.6695,38.708,-41.216,132.3,0,-132.3,41.216,-38.708,7.6695,22.773,40.634,22.773,7.6695,-38.708,41.216,-132.3,-1.1123e-15,132.3,-53.522,-59.691,183.81,35.615,38.866,38.866,35.615,183.81,-59.691,-53.522,132.3,0,-65.74,61.267,94.246,-116.95,-24.452,-24.452,-116.95,94.246,61.267,-65.74,-7.4918e-17,65.74,-41.216,-59.691,8.6406,-4.6518,9.033,35.01,9.033,-4.6518,8.6406,-59.691,-41.216,65.74,0,-173.15,10.741,-15.659,-3.5017,-53.408,-3.5017,-15.659,10.741,-173.15,4.7608e-15,173.15,-61.267,38.708,183.81,-4.6518,229.57,-1.1747,-1.1747,229.57,-4.6518,183.81,38.708,-61.267,173.15,0,-55.212,28.764,91.322,-10.748,-10.748,91.322,28.764,-55.212,3.6283e-16,55.212,-10.741,-94.246,-7.6695,35.615,9.033,-1.1747,12.16,-1.1747,9.033,35.615,-7.6695,-94.246,-10.741,55.212,0,-21.743,-7.5063,126.28,-36.823,126.28,-7.5063,-21.743,-5.1251e-16,21.743,-28.764,15.659,116.95,-22.773,38.866,35.01,-1.1747,-1.1747,35.01,38.866,-22.773,116.95,15.659,-28.764,21.743,0,-29.192,-16.239,99.966,99.966,-16.239,-29.192,-8.898e-16,29.192,7.5063,-91.322,3.5017,24.452,-40.634,38.866,9.033,229.57,9.033,38.866,-40.634,24.452,3.5017,-91.322,7.5063,29.192,0,-0.21803,4.8829,-7.2344,4.8829,-0.21803,2.967e-15,0.21803,16.239,-126.28,10.748,53.408,24.452,-22.773,35.615,-4.6518,-4.6518,35.615,-22.773,24.452,53.408,10.748,-126.28,16.239,0.21803,0,-103.19,-46.68,-46.68,-103.19,-5.5893e-16,103.19,-4.8829,-99.966,36.823,10.748,3.5017,116.95,-7.6695,183.81,8.6406,183.81,-7.6695,116.95,3.5017,10.748,36.823,-99.966,-4.8829,103.19,0,66.899,-3.3266,66.899,1.0889e-15,-66.899,46.68,7.2344,-99.966,-126.28,-91.322,15.659,-94.246,38.708,-59.691,-59.691,38.708,-94.246,15.659,-91.322,-126.28,-99.966,7.2344,46.68,-66.899,0,-5.2383,-5.2383,2.7103e-17,5.2383,3.3266,46.68,-4.8829,16.239,7.5063,-28.764,-10.741,-61.267,-41.216,-53.522,-41.216,-61.267,-10.741,-28.764,7.5063,16.239,-4.8829,46.68,3.3266,5.2383,0,65.631,8.2595e-16,-65.631,5.2383,-66.899,103.19,0.21803,29.192,21.743,55.212,173.15,65.74,132.3,132.3,65.74,173.15,55.212,21.743,29.192,0.21803,103.19,-66.899,5.2383,-65.631,0
