16.336,-69.022,142.33,11.057,12.429,7.1929,45.547,26.49,17.139,50.782,3.511,-56.578,-25.134,-56.578,3.511,50.782,17.139,26.49,45.547,7.1929,12.429,11.057,142.33,-69.022,-69.022,-69.022,328.19,28.78,35.943,130.84,-41.219,64.584,83.415,104.24,-31.994,37.715,157.38,157.38,37.715,-31.994,104.24,83.415,64.584,-41.219,130.84,35.943,28.78,328.19,142.33,328.19,142.33,28.78,-111.8,-40.678,-79.477,-34.467,88.008,172.92,4.0768,-32.854,19.918,100.18,19.918,-32.854,4.0768,172.92,88.008,-34.467,-79.477,-40.678,-111.8,28.78,11.057,28.78,28.78,11.057,35.943,-40.678,-42.408,27.603,18.252,110.57,11.408,29.92,18.668,19.788,19.788,18.668,29.92,11.408,110.57,18.252,27.603,-42.408,-40.678,35.943,12.429,35.943,-111.8,35.943,12.429,130.84,-79.477,27.603,13.295,58.527,-20.808,18.38,12.271,-23.97,4.3271,-23.97,12.271,18.38,-20.808,58.527,13.295,27.603,-79.477,130.84,7.1929,130.84,-40.678,-40.678,130.84,7.1929,-41.219,-34.467,18.252,58.527,-83.92,-118.83,41.196,4.3789,-12.885,-12.885,4.3789,41.196,-118.83,-83.92,58.527,18.252,-34.467,-41.219,45.547,-41.219,-79.477,-42.408,-79.477,-41.219,45.547,64.584,88.008,110.57,-20.808,-118.83,36.102,55.809,-12.867,-98.136,-12.867,55.809,36.102,-118.83,-20.808,110.57,88.008,64.584,26.49,64.584,-34.467,27.603,27.603,-34.467,64.584,26.49,83.415,172.92,11.408,18.38,41.196,55.809,21.163,-27.797,-27.797,21.163,55.809,41.196,18.38,11.408,172.92,83.415,17.139,83.415,88.008,18.252,13.295,18.252,88.008,83.415,17.139,104.24,4.0768,29.92,12.271,4.3789,-12.867,-27.797,-1.3586,-27.797,-12.867,4.3789,12.271,29.92,4.0768,104.24,50.782,104.24,172.92,110.57,58.527,58.527,110.57,172.92,104.24,50.782,-31.994,-32.854,18.668,-23.97,-12.885,-98.136,-27.797,-27.797,-98.136,-12.885,-23.97,18.668,-32.854,-31.994,3.511,-31.994,4.0768,11.408,-20.808,-83.92,-20.808,11.408,4.0768,-31.994,3.511,37.715,19.918,19.788,4.3271,-12.885,-12.867,21.163,-12.867,-12.885,4.3271,19.788,19.918,37.715,-56.578,37.715,-32.854,29.92,18.38,-118.83,-118.83,18.38,29.92,-32.854,37.715,-56.578,157.38,100.18,19.788,-23.97,4.3789,55.809,55.809,4.3789,-23.97,19.788,100.18,157.38,-25.134,157.38,19.918,18.668,12.271,41.196,36.102,41.196,12.271,18.668,19.918,157.38,-25.134,157.38,19.918,18.668,12.271,41.196,36.102,41.196,12.271,18.668,19.918,157.38,-56.578,157.38,100.18,19.788,-23.97,4.3789,55.809,55.809,4.3789,-23.97,19.788,100.18,157.38,-56.578,37.715,-32.854,29.92,18.38,-118.83,-118.83,18.38,29.92,-32.854,37.715,3.511,37.715,19.918,19.788,4.3271,-12.885,-12.867,21.163,-12.867,-12.885,4.3271,19.788,19.918,37.715,3.511,-31.994,4.0768,11.408,-20.808,-83.92,-20.808,11.408,4.0768,-31.994,50.782,-31.994,-32.854,18.668,-23.97,-12.885,-98.136,-27.797,-27.797,-98.136,-12.885,-23.97,18.668,-32.854,-31.994,50.782,104.24,172.92,110.57,58.527,58.527,110.57,172.92,104.24,17.139,104.24,4.0768,29.92,12.271,4.3789,-12.867,-27.797,-1.3586,-27.797,-12.867,4.3789,12.271,29.92,4.0768,104.24,17.139,83.415,88.008,18.252,13.295,18.252,88.008,83.415,26.49,83.415,172.92,11.408,18.38,41.196,55.809,21.163,-27.797,-27.797,21.163,55.809,41.196,18.38,11.408,172.92,83.415,26.49,64.584,-34.467,27.603,27.603,-34.467,64.584,45.547,64.584,88.008,110.57,-20.808,-118.83,36.102,55.809,-12.867,-98.136,-12.867,55.809,36.102,-118.83,-20.808,110.57,88.008,64.584,45.547,-41.219,-79.477,-42.408,-79.477,-41.219,7.1929,-41.219,-34.467,18.252,58.527,-83.92,-118.83,41.196,4.3789,-12.885,-12.885,4.3789,41.196,-118.83,-83.92,58.527,18.252,-34.467,-41.219,7.1929,130.84,-40.678,-40.678,130.84,12.429,130.84,-79.477,27.603,13.295,58.527,-20.808,18.38,12.271,-23.97,4.3271,-23.97,12.271,18.38,-20.808,58.527,13.295,27.603,-79.477,130.84,12.429,35.943,-111.8,35.943,11.057,35.943,-40.678,-42.408,27.603,18.252,110.57,11.408,29.92,18.668,19.788,19.788,18.668,29.92,11.408,110.57,18.252,27.603,-42.408,-40.678,35.943,11.057,28.78,28.78,142.33,28.78,-111.8,-40.678,-79.477,-34.467,88.008,172.92,4.0768,-32.854,19.918,100.18,19.918,-32.854,4.0768,172.92,88.008,-34.467,-79.477,-40.678,-111.8,28.78,142.33,328.19,-69.022,328.19,28.78,35.943,130.84,-41.219,64.584,83.415,104.24,-31.994,37.715,157.38,157.38,37.715,-31.994,104.24,83.415,64.584,-41.219,130.84,35.943,28.78,328.19,-69.022
0,3.0131e-16,-2.168e-16,7.4357e-16,-1.0701e-16,6.7008e-16,8.9177e-16,8.2232e-16,-5.5603e-16,5.9188e-16,-1.0965e-16,1.8374e-16,0,-1.8374e-16,1.0965e-16,-5.9188e-16,5.5603e-16,-8.2232e-16,-8.9177e-16,-6.7008e-16,1.0701e-16,-7.4357e-16,2.168e-16,-3.0131e-16,-3.0131e-16,0,-82.625,7.9824,69.991,19.284,-41.432,-170.71,12.003,27.18,-94.248,-45.868,-37.172,-37.172,-45.868,-94.248,27.18,12.003,-170.71,-41.432,19.284,69.991,7.9824,-82.625,2.168e-16,82.625,0,7.9824,63.055,146.05,36.923,184.28,15.635,184.17,-41.247,-26.474,-40.273,-30.848,-40.273,-26.474,-41.247,184.17,15.635,184.28,36.923,146.05,63.055,7.9824,-7.4357e-16,-7.9824,-7.9824,0,69.991,146.05,37.713,9.9141,15.335,-6.7776,-12.827,-1.9606,-17.852,25.593,25.593,-17.852,-1.9606,-12.827,-6.7776,15.335,9.9141,37.713,146.05,69.991,1.0701e-16,-69.991,-63.055,-69.991,0,19.284,36.923,9.9141,1.9753,-66.647,3.3805,-49.464,1.7652,-55.258,3.7736,-55.258,1.7652,-49.464,3.3805,-66.647,1.9753,9.9141,36.923,19.284,-6.7008e-16,-19.284,-146.05,-146.05,-19.284,0,-41.432,184.28,15.335,-66.647,4.5111,-54.296,-55.706,-42.378,-58.632,-58.632,-42.378,-55.706,-54.296,4.5111,-66.647,15.335,184.28,-41.432,-8.9177e-16,41.432,-36.923,-37.713,-36.923,41.432,0,-170.71,15.635,-6.7776,3.3805,-54.296,-84.41,34.651,-12.274,132.13,-12.274,34.651,-84.41,-54.296,3.3805,-6.7776,15.635,-170.71,-8.2232e-16,170.71,-184.28,-9.9141,-9.9141,-184.28,170.71,0,12.003,184.17,-12.827,-49.464,-55.706,34.651,-13.078,35.869,35.869,-13.078,34.651,-55.706,-49.464,-12.827,184.17,12.003,5.5603e-16,-12.003,-15.635,-15.335,-1.9753,-15.335,-15.635,-12.003,0,27.18,-41.247,-1.9606,1.7652,-42.378,-12.274,35.869,20.27,35.869,-12.274,-42.378,1.7652,-1.9606,-41.247,27.18,-5.9188e-16,-27.18,-184.17,6.7776,66.647,66.647,6.7776,-184.17,-27.18,0,-94.248,-26.474,-17.852,-55.258,-58.632,132.13,35.869,35.869,132.13,-58.632,-55.258,-17.852,-26.474,-94.248,1.0965e-16,94.248,41.247,12.827,-3.3805,-4.5111,-3.3805,12.827,41.247,94.248,0,-45.868,-40.273,25.593,3.7736,-58.632,-12.274,-13.078,-12.274,-58.632,3.7736,25.593,-40.273,-45.868,-1.8374e-16,45.868,26.474,1.9606,49.464,54.296,54.296,49.464,1.9606,26.474,45.868,0,-37.172,-30.848,25.593,-55.258,-42.378,34.651,34.651,-42.378,-55.258,25.593,-30.848,-37.172,0,37.172,40.273,17.852,-1.7652,55.706,84.41,55.706,-1.7652,17.852,40.273,37.172,0,-37.172,-40.273,-17.852,1.7652,-55.706,-84.41,-55.706,1.7652,-17.852,-40.273,-37.172,1.8374e-16,37.172,30.848,-25.593,55.258,42.378,-34.651,-34.651,42.378,55.258,-25.593,30.848,37.172,0,-45.868,-26.474,-1.9606,-49.464,-54.296,-54.296,-49.464,-1.9606,-26.474,-45.868,-1.0965e-16,45.868,40.273,-25.593,-3.7736,58.632,12.274,13.078,12.274,58.632,-3.7736,-25.593,40.273,45.868,0,-94.248,-41.247,-12.827,3.3805,4.5111,3.3805,-12.827,-41.247,-94.248,5.9188e-16,94.248,26.474,17.852,55.258,58.632,-132.13,-35.869,-35.869,-132.13,58.632,55.258,17.852,26.474,94.248,0,27.18,184.17,-6.7776,-66.647,-66.647,-6.7776,184.17,27.18,-5.5603e-16,-27.18,41.247,1.9606,-1.7652,42.378,12.274,-35.869,-20.27,-35.869,12.274,42.378,-1.7652,1.9606,41.247,-27.18,0,12.003,15.635,15.335,1.9753,15.335,15.635,12.003,8.2232e-16,-12.003,-184.17,12.827,49.464,55.706,-34.651,13.078,-35.869,-35.869,13.078,-34.651,55.706,49.464,12.827,-184.17,-12.003,0,-170.71,184.28,9.9141,9.9141,184.28,-170.71,8.9177e-16,170.71,-15.635,6.7776,-3.3805,54.296,84.41,-34.651,12.274,-132.13,12.274,-34.651,84.41,54.296,-3.3805,6.7776,-15.635,170.71,0,-41.432,36.923,37.713,36.923,-41.432,6.7008e-16,41.432,-184.28,-15.335,66.647,-4.5111,54.296,55.706,42.378,58.632,58.632,42.378,55.706,54.296,-4.5111,66.647,-15.335,-184.28,41.432,0,19.284,146.05,146.05,19.284,-1.0701e-16,-19.284,-36.923,-9.9141,-1.9753,66.647,-3.3805,49.464,-1.7652,55.258,-3.7736,55.258,-1.7652,49.464,-3.3805,66.647,-1.9753,-9.9141,-36.923,-19.284,0,69.991,63.055,69.991,7.4357e-16,-69.991,-146.05,-37.713,-9.9141,-15.335,6.7776,12.827,1.9606,17.852,-25.593,-25.593,17.852,1.9606,12.827,6.7776,-15.335,-9.9141,-37.713,-146.05,-69.991,0,7.9824,7.9824,-2.168e-16,-7.9824,-63.055,-146.05,-36.923,-184.28,-15.635,-184.17,41.247,26.474,40.273,30.848,40.273,26.474,41.247,-184.17,-15.635,-184.28,-36.923,-146.05,-63.055,-7.9824,0,-82.625,3.0131e-16,82.625,-7.9824,-69.991,-19.284,41.432,170.71,-12.003,-27.18,94.248,45.868,37.172,37.172,45.868,94.248,-27.18,-12.003,170.71,41.432,-19.284,-69.991,-7.9824,82.625,0
