-216.1,-14.504,-78.227,-29.377,51.095,-93.037,-53.847,-7.58,-24.67,-25.812,142.63,105.31,49.164,105.31,142.63,-25.812,-24.67,-7.58,-53.847,-93.037,51.095,-29.377,-78.227,-14.504,-14.504,-14.504,20.421,29.454,10.563,-18.426,27.694,-14.025,-8.0803,19.288,-16.961,-44.77,31.798,31.798,-44.77,-16.961,19.288,-8.0803,-14.025,27.694,-18.426,10.563,29.454,20.421,-78.227,20.421,-78.227,29.454,-30.884,40.254,-53.406,-47.565,29.592,2.6602,6.5119,-29.117,-52.158,104.91,-52.158,-29.117,6.5119,2.6602,29.592,-47.565,-53.406,40.254,-30.884,29.454,-29.377,29.454,29.454,-29.377,10.563,40.254,-32.475,36.876,81.655,23.971,-17.516,8.0546,28.231,-38.683,-38.683,28.231,8.0546,-17.516,23.971,81.655,36.876,-32.475,40.254,10.563,51.095,10.563,-30.884,10.563,51.095,-18.426,-53.406,36.876,-58.411,47.727,-11.057,-4.0806,30.343,-44.516,-63.334,-44.516,30.343,-4.0806,-11.057,47.727,-58.411,36.876,-53.406,-18.426,-93.037,-18.426,40.254,40.254,-18.426,-93.037,27.694,-47.565,81.655,47.727,-52.258,-17.712,19.361,109.74,-65.435,-65.435,109.74,19.361,-17.712,-52.258,47.727,81.655,-47.565,27.694,-53.847,27.694,-53.406,-32.475,-53.406,27.694,-53.847,-14.025,29.592,23.971,-11.057,-17.712,4.0588,5.5793,24.748,-38.488,24.748,5.5793,4.0588,-17.712,-11.057,23.971,29.592,-14.025,-7.58,-14.025,-47.565,36.876,36.876,-47.565,-14.025,-7.58,-8.0803,2.6602,-17.516,-4.0806,19.361,5.5793,15.146,24.703,24.703,15.146,5.5793,19.361,-4.0806,-17.516,2.6602,-8.0803,-24.67,-8.0803,29.592,81.655,-58.411,81.655,29.592,-8.0803,-24.67,19.288,6.5119,8.0546,30.343,109.74,24.748,24.703,-22.964,24.703,24.748,109.74,30.343,8.0546,6.5119,19.288,-25.812,19.288,2.6602,23.971,47.727,47.727,23.971,2.6602,19.288,-25.812,-16.961,-29.117,28.231,-44.516,-65.435,-38.488,24.703,24.703,-38.488,-65.435,-44.516,28.231,-29.117,-16.961,142.63,-16.961,6.5119,-17.516,-11.057,-52.258,-11.057,-17.516,6.5119,-16.961,142.63,-44.77,-52.158,-38.683,-63.334,-65.435,24.748,15.146,24.748,-65.435,-63.334,-38.683,-52.158,-44.77,105.31,-44.77,-29.117,8.0546,-4.0806,-17.712,-17.712,-4.0806,8.0546,-29.117,-44.77,105.31,31.798,104.91,-38.683,-44.516,109.74,5.5793,5.5793,109.74,-44.516,-38.683,104.91,31.798,49.164,31.798,-52.158,28.231,30.343,19.361,4.0588,19.361,30.343,28.231,-52.158,31.798,49.164,31.798,-52.158,28.231,30.343,19.361,4.0588,19.361,30.343,28.231,-52.158,31.798,105.31,31.798,104.91,-38.683,-44.516,109.74,5.5793,5.5793,109.74,-44.516,-38.683,104.91,31.798,105.31,-44.77,-29.117,8.0546,-4.0806,-17.712,-17.712,-4.0806,8.0546,-29.117,-44.77,142.63,-44.77,-52.158,-38.683,-63.334,-65.435,24.748,15.146,24.748,-65.435,-63.334,-38.683,-52.158,-44.77,142.63,-16.961,6.5119,-17.516,-11.057,-52.258,-11.057,-17.516,6.5119,-16.961,-25.812,-16.961,-29.117,28.231,-44.516,-65.435,-38.488,24.703,24.703,-38.488,-65.435,-44.516,28.231,-29.117,-16.961,-25.812,19.288,2.6602,23.971,47.727,47.727,23.971,2.6602,19.288,-24.67,19.288,6.5119,8.0546,30.343,109.74,24.748,24.703,-22.964,24.703,24.748,109.74,30.343,8.0546,6.5119,19.288,-24.67,-8.0803,29.592,81.655,-58.411,81.655,29.592,-8.0803,-7.58,-8.0803,2.6602,-17.516,-4.0806,19.361,5.5793,15.146,24.703,24.703,15.146,5.5793,19.361,-4.0806,-17.516,2.6602,-8.0803,-7.58,-14.025,-47.565,36.876,36.876,-47.565,-14.025,-53.847,-14.025,29.592,23.971,-11.057,-17.712,4.0588,5.5793,24.748,-38.488,24.748,5.5793,4.0588,-17.712,-11.057,23.971,29.592,-14.025,-53.847,27.694,-53.406,-32.475,-53.406,27.694,-93.037,27.694,-47.565,81.655,47.727,-52.258,-17.712,19.361,109.74,-65.435,-65.435,109.74,19.361,-17.712,-52.258,47.727,81.655,-47.565,27.694,-93.037,-18.426,40.254,40.254,-18.426,51.095,-18.426,-53.406,36.876,-58.411,47.727,-11.057,-4.0806,30.343,-44.516,-63.334,-44.516,30.343,-4.0806,-11.057,47.727,-58.411,36.876,-53.406,-18.426,51.095,10.563,-30.884,10.563,-29.377,10.563,40.254,-32.475,36.876,81.655,23.971,-17.516,8.0546,28.231,-38.683,-38.683,28.231,8.0546,-17.516,23.971,81.655,36.876,-32.475,40.254,10.563,-29.377,29.454,29.454,-78.227,29.454,-30.884,40.254,-53.406,-47.565,29.592,2.6602,6.5119,-29.117,-52.158,104.91,-52.158,-29.117,6.5119,2.6602,29.592,-47.565,-53.406,40.254,-30.884,29.454,-78.227,20.421,-14.504,20.421,29.454,10.563,-18.426,27.694,-14.025,-8.0803,19.288,-16.961,-44.77,31.798,31.798,-44.77,-16.961,19.288,-8.0803,-14.025,27.694,-18.426,10.563,29.454,20.421,-14.504
0,-4.426e-16,5.9817e-16,1.496e-15,-2.3668e-15,-4.1469e-15,2.892e-16,2.9445e-16,4.4743e-16,-9.7156e-16,-4.0909e-15,-3.0396e-15,0,3.0396e-15,4.0909e-15,9.7156e-16,-4.4743e-16,-2.9445e-16,-2.892e-16,4.1469e-15,2.3668e-15,-1.496e-15,-5.9817e-16,4.426e-16,4.426e-16,0,-1.2029,10.199,5.1469,-21.362,-6.1325,-5.3826,-2.6016,-1.0899,-13.868,-22.9,-5.9847,-5.9847,-22.9,-13.868,-1.0899,-2.6016,-5.3826,-6.1325,-21.362,5.1469,10.199,-1.2029,-5.9817e-16,1.2029,0,10.199,-27.136,71.914,2.222,5.1757,5.2688,14.235,-42.136,42.858,-18.403,-96.158,-18.403,42.858,-42.136,14.235,5.2688,5.1757,2.222,71.914,-27.136,10.199,-1.496e-15,-10.199,-10.199,0,5.1469,71.914,41.244,-17.922,-24.061,-3.8993,33.347,55.447,-9.4455,123.92,123.92,-9.4455,55.447,33.347,-3.8993,-24.061,-17.922,41.244,71.914,5.1469,2.3668e-15,-5.1469,27.136,-5.1469,0,-21.362,2.222,-17.922,3.8927,-21.881,-36.326,-46.008,-25.096,-74.197,-126.35,-74.197,-25.096,-46.008,-36.326,-21.881,3.8927,-17.922,2.222,-21.362,4.1469e-15,21.362,-71.914,-71.914,21.362,0,-6.1325,5.1757,-24.061,-21.881,-86.233,52.485,-16.716,4.8592,-3.6449,-3.6449,4.8592,-16.716,52.485,-86.233,-21.881,-24.061,5.1757,-6.1325,-2.892e-16,6.1325,-2.222,-41.244,-2.222,6.1325,0,-5.3826,5.2688,-3.8993,-36.326,52.485,-7.1954,38.659,-6.063,7.6406,-6.063,38.659,-7.1954,52.485,-36.326,-3.8993,5.2688,-5.3826,-2.9445e-16,5.3826,-5.1757,17.922,17.922,-5.1757,5.3826,0,-2.6016,14.235,33.347,-46.008,-16.716,38.659,15.983,-16.589,-16.589,15.983,38.659,-16.716,-46.008,33.347,14.235,-2.6016,-4.4743e-16,2.6016,-5.2688,24.061,-3.8927,24.061,-5.2688,2.6016,0,-1.0899,-42.136,55.447,-25.096,4.8592,-6.063,-16.589,40.446,-16.589,-6.063,4.8592,-25.096,55.447,-42.136,-1.0899,9.7156e-16,1.0899,-14.235,3.8993,21.881,21.881,3.8993,-14.235,1.0899,0,-13.868,42.858,-9.4455,-74.197,-3.6449,7.6406,-16.589,-16.589,7.6406,-3.6449,-74.197,-9.4455,42.858,-13.868,4.0909e-15,13.868,42.136,-33.347,36.326,86.233,36.326,-33.347,42.136,13.868,0,-22.9,-18.403,123.92,-126.35,-3.6449,-6.063,15.983,-6.063,-3.6449,-126.35,123.92,-18.403,-22.9,3.0396e-15,22.9,-42.858,-55.447,46.008,-52.485,-52.485,46.008,-55.447,-42.858,22.9,0,-5.9847,-96.158,123.92,-74.197,4.8592,38.659,38.659,4.8592,-74.197,123.92,-96.158,-5.9847,0,5.9847,18.403,9.4455,25.096,16.716,7.1954,16.716,25.096,9.4455,18.403,5.9847,0,-5.9847,-18.403,-9.4455,-25.096,-16.716,-7.1954,-16.716,-25.096,-9.4455,-18.403,-5.9847,-3.0396e-15,5.9847,96.158,-123.92,74.197,-4.8592,-38.659,-38.659,-4.8592,74.197,-123.92,96.158,5.9847,0,-22.9,42.858,55.447,-46.008,52.485,52.485,-46.008,55.447,42.858,-22.9,-4.0909e-15,22.9,18.403,-123.92,126.35,3.6449,6.063,-15.983,6.063,3.6449,126.35,-123.92,18.403,22.9,0,-13.868,-42.136,33.347,-36.326,-86.233,-36.326,33.347,-42.136,-13.868,-9.7156e-16,13.868,-42.858,9.4455,74.197,3.6449,-7.6406,16.589,16.589,-7.6406,3.6449,74.197,9.4455,-42.858,13.868,0,-1.0899,14.235,-3.8993,-21.881,-21.881,-3.8993,14.235,-1.0899,4.4743e-16,1.0899,42.136,-55.447,25.096,-4.8592,6.063,16.589,-40.446,16.589,6.063,-4.8592,25.096,-55.447,42.136,1.0899,0,-2.6016,5.2688,-24.061,3.8927,-24.061,5.2688,-2.6016,2.9445e-16,2.6016,-14.235,-33.347,46.008,16.716,-38.659,-15.983,16.589,16.589,-15.983,-38.659,16.716,46.008,-33.347,-14.235,2.6016,0,-5.3826,5.1757,-17.922,-17.922,5.1757,-5.3826,2.892e-16,5.3826,-5.2688,3.8993,36.326,-52.485,7.1954,-38.659,6.063,-7.6406,6.063,-38.659,7.1954,-52.485,36.326,3.8993,-5.2688,5.3826,0,-6.1325,2.222,41.244,2.222,-6.1325,-4.1469e-15,6.1325,-5.1757,24.061,21.881,86.233,-52.485,16.716,-4.8592,3.6449,3.6449,-4.8592,16.716,-52.485,86.233,21.881,24.061,-5.1757,6.1325,0,-21.362,71.914,71.914,-21.362,-2.3668e-15,21.362,-2.222,17.922,-3.8927,21.881,36.326,46.008,25.096,74.197,126.35,74.197,25.096,46.008,36.326,21.881,-3.8927,17.922,-2.222,21.362,0,5.1469,-27.136,5.1469,1.496e-15,-5.1469,-71.914,-41.244,17.922,24.061,3.8993,-33.347,-55.447,9.4455,-123.92,-123.92,9.4455,-55.447,-33.347,3.8993,24.061,17.922,-41.244,-71.914,-5.1469,0,10.199,10.199,5.9817e-16,-10.199,27.136,-71.914,-2.222,-5.1757,-5.2688,-14.235,42.136,-42.858,18.403,96.158,18.403,-42.858,42.136,-14.235,-5.2688,-5.1757,-2.222,-71.914,27.136,-10.199,0,-1.2029,-4.426e-16,1.2029,-10.199,-5.1469,21.362,6.1325,5.3826,2.6016,1.0899,13.868,22.9,5.9847,5.9847,22.9,13.868,1.0899,2.6016,5.3826,6.1325,21.362,-5.1469,-10.199,1.2029,0
