-0.10063,-32.858,-8.2423,-8.2697,-8.4731,-12.303,-17.543,-7.2338,-8.8594,-2.7025,-28.893,-5.8884,-3.9941,-5.8884,-28.893,-2.7025,-8.8594,-7.2338,-17.543,-12.303,-8.4731,-8.2697,-8.2423,-32.858,-32.858,-32.858,1.845,-86.366,14.877,30.767,117.9,88.208,26.904,-25.803,1.8077,36.815,19.82,19.82,36.815,1.8077,-25.803,26.904,88.208,117.9,30.767,14.877,-86.366,1.845,-8.2423,1.845,-8.2423,-86.366,-71.664,10.341,-62.789,-9.0123,50.309,-1.3461,140.32,-14.335,74.259,-5.6037,74.259,-14.335,140.32,-1.3461,50.309,-9.0123,-62.789,10.341,-71.664,-86.366,-8.2697,-86.366,-86.366,-8.2697,14.877,10.341,54.827,-14.44,82.714,31.936,-7.3625,-19.371,2.9826,-3.9388,-3.9388,2.9826,-19.371,-7.3625,31.936,82.714,-14.44,54.827,10.341,14.877,-8.4731,14.877,-71.664,14.877,-8.4731,30.767,-62.789,-14.44,41.783,21.45,-0.97985,40.147,-54.041,29.151,12.608,29.151,-54.041,40.147,-0.97985,21.45,41.783,-14.44,-62.789,30.767,-12.303,30.767,10.341,10.341,30.767,-12.303,117.9,-9.0123,82.714,21.45,40.941,-106.95,31.228,31.533,8.3979,8.3979,31.533,31.228,-106.95,40.941,21.45,82.714,-9.0123,117.9,-17.543,117.9,-62.789,54.827,-62.789,117.9,-17.543,88.208,50.309,31.936,-0.97985,-106.95,-4.0595,94.836,71.432,-14.738,71.432,94.836,-4.0595,-106.95,-0.97985,31.936,50.309,88.208,-7.2338,88.208,-9.0123,-14.44,-14.44,-9.0123,88.208,-7.2338,26.904,-1.3461,-7.3625,40.147,31.228,94.836,16.072,8.3415,8.3415,16.072,94.836,31.228,40.147,-7.3625,-1.3461,26.904,-8.8594,26.904,50.309,82.714,41.783,82.714,50.309,26.904,-8.8594,-25.803,140.32,-19.371,-54.041,31.533,71.432,8.3415,23.177,8.3415,71.432,31.533,-54.041,-19.371,140.32,-25.803,-2.7025,-25.803,-1.3461,31.936,21.45,21.45,31.936,-1.3461,-25.803,-2.7025,1.8077,-14.335,2.9826,29.151,8.3979,-14.738,8.3415,8.3415,-14.738,8.3979,29.151,2.9826,-14.335,1.8077,-28.893,1.8077,140.32,-7.3625,-0.97985,40.941,-0.97985,-7.3625,140.32,1.8077,-28.893,36.815,74.259,-3.9388,12.608,8.3979,71.432,16.072,71.432,8.3979,12.608,-3.9388,74.259,36.815,-5.8884,36.815,-14.335,-19.371,40.147,-106.95,-106.95,40.147,-19.371,-14.335,36.815,-5.8884,19.82,-5.6037,-3.9388,29.151,31.533,94.836,94.836,31.533,29.151,-3.9388,-5.6037,19.82,-3.9941,19.82,74.259,2.9826,-54.041,31.228,-4.0595,31.228,-54.041,2.9826,74.259,19.82,-3.9941,19.82,74.259,2.9826,-54.041,31.228,-4.0595,31.228,-54.041,2.9826,74.259,19.82,-5.8884,19.82,-5.6037,-3.9388,29.151,31.533,94.836,94.836,31.533,29.151,-3.9388,-5.6037,19.82,-5.8884,36.815,-14.335,-19.371,40.147,-106.95,-106.95,40.147,-19.371,-14.335,36.815,-28.893,36.815,74.259,-3.9388,12.608,8.3979,71.432,16.072,71.432,8.3979,12.608,-3.9388,74.259,36.815,-28.893,1.8077,140.32,-7.3625,-0.97985,40.941,-0.97985,-7.3625,140.32,1.8077,-2.7025,1.8077,-14.335,2.9826,29.151,8.3979,-14.738,8.3415,8.3415,-14.738,8.3979,29.151,2.9826,-14.335,1.8077,-2.7025,-25.803,-1.3461,31.936,21.45,21.45,31.936,-1.3461,-25.803,-8.8594,-25.803,140.32,-19.371,-54.041,31.533,71.432,8.3415,23.177,8.3415,71.432,31.533,-54.041,-19.371,140.32,-25.803,-8.8594,26.904,50.309,82.714,41.783,82.714,50.309,26.904,-7.2338,26.904,-1.3461,-7.3625,40.147,31.228,94.836,16.072,8.3415,8.3415,16.072,94.836,31.228,40.147,-7.3625,-1.3461,26.904,-7.2338,88.208,-9.0123,-14.44,-14.44,-9.0123,88.208,-17.543,88.208,50.309,31.936,-0.97985,-106.95,-4.0595,94.836,71.432,-14.738,71.432,94.836,-4.0595,-106.95,-0.97985,31.936,50.309,88.208,-17.543,117.9,-62.789,54.827,-62.789,117.9,-12.303,117.9,-9.0123,82.714,21.45,40.941,-106.95,31.228,31.533,8.3979,8.3979,31.533,31.228,-106.95,40.941,21.45,82.714,-9.0123,117.9,-12.303,30.767,10.341,10.341,30.767,-8.4731,30.767,-62.789,-14.44,41.783,21.45,-0.97985,40.147,-54.041,29.151,12.608,29.151,-54.041,40.147,-0.97985,21.45,41.783,-14.44,-62.789,30.767,-8.4731,14.877,-71.664,14.877,-8.2697,14.877,10.341,54.827,-14.44,82.714,31.936,-7.3625,-19.371,2.9826,-3.9388,-3.9388,2.9826,-19.371,-7.3625,31.936,82.714,-14.44,54.827,10.341,14.877,-8.2697,-86.366,-86.366,-8.2423,-86.366,-71.664,10.341,-62.789,-9.0123,50.309,-1.3461,140.32,-14.335,74.259,-5.6037,74.259,-14.335,140.32,-1.3461,50.309,-9.0123,-62.789,10.341,-71.664,-86.366,-8.2423,1.845,-32.858,1.845,-86.366,14.877,30.767,117.9,88.208,26.904,-25.803,1.8077,36.815,19.82,19.82,36.815,1.8077,-25.803,26.904,88.208,117.9,30.767,14.877,-86.366,1.845,-32.858
0,-1.8515e-16,-1.0894e-16,-3.3425e-16,-1.8356e-17,1.8248e-17,-3.689e-16,-1.9484e-16,1.1935e-19,-5.2121e-18,-2.233e-16,2.9975e-17,0,-2.9975e-17,2.233e-16,5.2121e-18,-1.1935e-19,1.9484e-16,3.689e-16,-1.8248e-17,1.8356e-17,3.3425e-16,1.0894e-16,1.8515e-16,1.8515e-16,0,86.698,5.0567,-7.0608,-30.697,-144.12,192.83,-14.157,-11.279,-24.533,-2.5606,-47.113,-47.113,-2.5606,-24.533,-11.279,-14.157,192.83,-144.12,-30.697,-7.0608,5.0567,86.698,1.0894e-16,-86.698,0,5.0567,2.3595,61.621,23.705,-49.74,41.037,15.551,96.947,-11.496,-85.121,21.365,-85.121,-11.496,96.947,15.551,41.037,-49.74,23.705,61.621,2.3595,5.0567,3.3425e-16,-5.0567,-5.0567,0,-7.0608,61.621,73.364,-39.789,-3.2154,-33.825,50.85,-24.94,1.4812,37.717,37.717,1.4812,-24.94,50.85,-33.825,-3.2154,-39.789,73.364,61.621,-7.0608,1.8356e-17,7.0608,-2.3595,7.0608,0,-30.697,23.705,-39.789,71.608,30.058,-121.06,14.039,5.3059,-2.024,300.58,-2.024,5.3059,14.039,-121.06,30.058,71.608,-39.789,23.705,-30.697,-1.8248e-17,30.697,-61.621,-61.621,30.697,0,-144.12,-49.74,-3.2154,30.058,-113.76,46.188,-5.1129,-9.2365,-26.371,-26.371,-9.2365,-5.1129,46.188,-113.76,30.058,-3.2154,-49.74,-144.12,3.689e-16,144.12,-23.705,-73.364,-23.705,144.12,0,192.83,41.037,-33.825,-121.06,46.188,49.462,25.566,-118.69,42.82,-118.69,25.566,49.462,46.188,-121.06,-33.825,41.037,192.83,1.9484e-16,-192.83,49.74,39.789,39.789,49.74,-192.83,0,-14.157,15.551,50.85,14.039,-5.1129,25.566,-11.094,-12.636,-12.636,-11.094,25.566,-5.1129,14.039,50.85,15.551,-14.157,-1.1935e-19,14.157,-41.037,3.2154,-71.608,3.2154,-41.037,14.157,0,-11.279,96.947,-24.94,5.3059,-9.2365,-118.69,-12.636,-91.534,-12.636,-118.69,-9.2365,5.3059,-24.94,96.947,-11.279,5.2121e-18,11.279,-15.551,33.825,-30.058,-30.058,33.825,-15.551,11.279,0,-24.533,-11.496,1.4812,-2.024,-26.371,42.82,-12.636,-12.636,42.82,-26.371,-2.024,1.4812,-11.496,-24.533,2.233e-16,24.533,-96.947,-50.85,121.06,113.76,121.06,-50.85,-96.947,24.533,0,-2.5606,-85.121,37.717,300.58,-26.371,-118.69,-11.094,-118.69,-26.371,300.58,37.717,-85.121,-2.5606,-2.9975e-17,2.5606,11.496,24.94,-14.039,-46.188,-46.188,-14.039,24.94,11.496,2.5606,0,-47.113,21.365,37.717,-2.024,-9.2365,25.566,25.566,-9.2365,-2.024,37.717,21.365,-47.113,0,47.113,85.121,-1.4812,-5.3059,5.1129,-49.462,5.1129,-5.3059,-1.4812,85.121,47.113,0,-47.113,-85.121,1.4812,5.3059,-5.1129,49.462,-5.1129,5.3059,1.4812,-85.121,-47.113,2.9975e-17,47.113,-21.365,-37.717,2.024,9.2365,-25.566,-25.566,9.2365,2.024,-37.717,-21.365,47.113,0,-2.5606,-11.496,-24.94,14.039,46.188,46.188,14.039,-24.94,-11.496,-2.5606,-2.233e-16,2.5606,85.121,-37.717,-300.58,26.371,118.69,11.094,118.69,26.371,-300.58,-37.717,85.121,2.5606,0,-24.533,96.947,50.85,-121.06,-113.76,-121.06,50.85,96.947,-24.533,-5.2121e-18,24.533,11.496,-1.4812,2.024,26.371,-42.82,12.636,12.636,-42.82,26.371,2.024,-1.4812,11.496,24.533,0,-11.279,15.551,-33.825,30.058,30.058,-33.825,15.551,-11.279,1.1935e-19,11.279,-96.947,24.94,-5.3059,9.2365,118.69,12.636,91.534,12.636,118.69,9.2365,-5.3059,24.94,-96.947,11.279,0,-14.157,41.037,-3.2154,71.608,-3.2154,41.037,-14.157,-1.9484e-16,14.157,-15.551,-50.85,-14.039,5.1129,-25.566,11.094,12.636,12.636,11.094,-25.566,5.1129,-14.039,-50.85,-15.551,14.157,0,192.83,-49.74,-39.789,-39.789,-49.74,192.83,-3.689e-16,-192.83,-41.037,33.825,121.06,-46.188,-49.462,-25.566,118.69,-42.82,118.69,-25.566,-49.462,-46.188,121.06,33.825,-41.037,-192.83,0,-144.12,23.705,73.364,23.705,-144.12,1.8248e-17,144.12,49.74,3.2154,-30.058,113.76,-46.188,5.1129,9.2365,26.371,26.371,9.2365,5.1129,-46.188,113.76,-30.058,3.2154,49.74,144.12,0,-30.697,61.621,61.621,-30.697,-1.8356e-17,30.697,-23.705,39.789,-71.608,-30.058,121.06,-14.039,-5.3059,2.024,-300.58,2.024,-5.3059,-14.039,121.06,-30.058,-71.608,39.789,-23.705,30.697,0,-7.0608,2.3595,-7.0608,-3.3425e-16,7.0608,-61.621,-73.364,39.789,3.2154,33.825,-50.85,24.94,-1.4812,-37.717,-37.717,-1.4812,24.94,-50.85,33.825,3.2154,39.789,-73.364,-61.621,7.0608,0,5.0567,5.0567,-1.0894e-16,-5.0567,-2.3595,-61.621,-23.705,49.74,-41.037,-15.551,-96.947,11.496,85.121,-21.365,85.121,11.496,-96.947,-15.551,-41.037,49.74,-23.705,-61.621,-2.3595,-5.0567,0,86.698,-1.8515e-16,-86.698,-5.0567,7.0608,30.697,144.12,-192.83,14.157,11.279,24.533,2.5606,47.113,47.113,2.5606,24.533,11.279,14.157,-192.83,144.12,30.697,7.0608,-5.0567,-86.698,0
