206.64,70.787,23.536,315.19,138.36,28.006,294.84,28.641,148.47,13.636,175.84,101.43,55.735,101.43,175.84,13.636,148.47,28.641,294.84,28.006,138.36,315.19,23.536,70.787,70.787,70.787,0.131,-23.191,-51.736,5.7657,9.2731,-33.205,18.875,14.602,-4.4539,22.635,-17.498,-17.498,22.635,-4.4539,14.602,18.875,-33.205,9.2731,5.7657,-51.736,-23.191,0.131,23.536,0.131,23.536,-23.191,8.1418,16.04,25.496,-7.1047,65.906,-3.5434,-40.585,-11.26,13.235,9.179,13.235,-11.26,-40.585,-3.5434,65.906,-7.1047,25.496,16.04,8.1418,-23.191,315.19,-23.191,-23.191,315.19,-51.736,16.04,-181.04,-46.177,72.89,-20.204,54.603,137.96,-2.4274,6.7536,6.7536,-2.4274,137.96,54.603,-20.204,72.89,-46.177,-181.04,16.04,-51.736,138.36,-51.736,8.1418,-51.736,138.36,5.7657,25.496,-46.177,31.506,-1.4368,-52.243,-16.55,-17.085,-8.3171,-118.84,-8.3171,-17.085,-16.55,-52.243,-1.4368,31.506,-46.177,25.496,5.7657,28.006,5.7657,16.04,16.04,5.7657,28.006,9.2731,-7.1047,72.89,-1.4368,-5.3545,-24.522,-2.5536,45.172,13.1,13.1,45.172,-2.5536,-24.522,-5.3545,-1.4368,72.89,-7.1047,9.2731,294.84,9.2731,25.496,-181.04,25.496,9.2731,294.84,-33.205,65.906,-20.204,-52.243,-24.522,-64.449,-1.2323,-43.768,-7.1894,-43.768,-1.2323,-64.449,-24.522,-52.243,-20.204,65.906,-33.205,28.641,-33.205,-7.1047,-46.177,-46.177,-7.1047,-33.205,28.641,18.875,-3.5434,54.603,-16.55,-2.5536,-1.2323,20.578,9.9547,9.9547,20.578,-1.2323,-2.5536,-16.55,54.603,-3.5434,18.875,148.47,18.875,65.906,72.89,31.506,72.89,65.906,18.875,148.47,14.602,-40.585,137.96,-17.085,45.172,-43.768,9.9547,74.985,9.9547,-43.768,45.172,-17.085,137.96,-40.585,14.602,13.636,14.602,-3.5434,-20.204,-1.4368,-1.4368,-20.204,-3.5434,14.602,13.636,-4.4539,-11.26,-2.4274,-8.3171,13.1,-7.1894,9.9547,9.9547,-7.1894,13.1,-8.3171,-2.4274,-11.26,-4.4539,175.84,-4.4539,-40.585,54.603,-52.243,-5.3545,-52.243,54.603,-40.585,-4.4539,175.84,22.635,13.235,6.7536,-118.84,13.1,-43.768,20.578,-43.768,13.1,-118.84,6.7536,13.235,22.635,101.43,22.635,-11.26,137.96,-16.55,-24.522,-24.522,-16.55,137.96,-11.26,22.635,101.43,-17.498,9.179,6.7536,-8.3171,45.172,-1.2323,-1.2323,45.172,-8.3171,6.7536,9.179,-17.498,55.735,-17.498,13.235,-2.4274,-17.085,-2.5536,-64.449,-2.5536,-17.085,-2.4274,13.235,-17.498,55.735,-17.498,13.235,-2.4274,-17.085,-2.5536,-64.449,-2.5536,-17.085,-2.4274,13.235,-17.498,101.43,-17.498,9.179,6.7536,-8.3171,45.172,-1.2323,-1.2323,45.172,-8.3171,6.7536,9.179,-17.498,101.43,22.635,-11.26,137.96,-16.55,-24.522,-24.522,-16.55,137.96,-11.26,22.635,175.84,22.635,13.235,6.7536,-118.84,13.1,-43.768,20.578,-43.768,13.1,-118.84,6.7536,13.235,22.635,175.84,-4.4539,-40.585,54.603,-52.243,-5.3545,-52.243,54.603,-40.585,-4.4539,13.636,-4.4539,-11.26,-2.4274,-8.3171,13.1,-7.1894,9.9547,9.9547,-7.1894,13.1,-8.3171,-2.4274,-11.26,-4.4539,13.636,14.602,-3.5434,-20.204,-1.4368,-1.4368,-20.204,-3.5434,14.602,148.47,14.602,-40.585,137.96,-17.085,45.172,-43.768,9.9547,74.985,9.9547,-43.768,45.172,-17.085,137.96,-40.585,14.602,148.47,18.875,65.906,72.89,31.506,72.89,65.906,18.875,28.641,18.875,-3.5434,54.603,-16.55,-2.5536,-1.2323,20.578,9.9547,9.9547,20.578,-1.2323,-2.5536,-16.55,54.603,-3.5434,18.875,28.641,-33.205,-7.1047,-46.177,-46.177,-7.1047,-33.205,294.84,-33.205,65.906,-20.204,-52.243,-24.522,-64.449,-1.2323,-43.768,-7.1894,-43.768,-1.2323,-64.449,-24.522,-52.243,-20.204,65.906,-33.205,294.84,9.2731,25.496,-181.04,25.496,9.2731,28.006,9.2731,-7.1047,72.89,-1.4368,-5.3545,-24.522,-2.5536,45.172,13.1,13.1,45.172,-2.5536,-24.522,-5.3545,-1.4368,72.89,-7.1047,9.2731,28.006,5.7657,16.04,16.04,5.7657,138.36,5.7657,25.496,-46.177,31.506,-1.4368,-52.243,-16.55,-17.085,-8.3171,-118.84,-8.3171,-17.085,-16.55,-52.243,-1.4368,31.506,-46.177,25.496,5.7657,138.36,-51.736,8.1418,-51.736,315.19,-51.736,16.04,-181.04,-46.177,72.89,-20.204,54.603,137.96,-2.4274,6.7536,6.7536,-2.4274,137.96,54.603,-20.204,72.89,-46.177,-181.04,16.04,-51.736,315.19,-23.191,-23.191,23.536,-23.191,8.1418,16.04,25.496,-7.1047,65.906,-3.5434,-40.585,-11.26,13.235,9.179,13.235,-11.26,-40.585,-3.5434,65.906,-7.1047,25.496,16.04,8.1418,-23.191,23.536,0.131,70.787,0.131,-23.191,-51.736,5.7657,9.2731,-33.205,18.875,14.602,-4.4539,22.635,-17.498,-17.498,22.635,-4.4539,14.602,18.875,-33.205,9.2731,5.7657,-51.736,-23.191,0.131,70.787
0,5.491e-16,-3.0135e-16,-6.5124e-15,1.3967e-16,1.9702e-17,1.4508e-14,2.5325e-16,-2.3867e-15,-3.701e-17,9.0496e-16,0,0,0,-9.0496e-16,3.701e-17,2.3867e-15,-2.5325e-16,-1.4508e-14,-1.9702e-17,-1.3967e-16,6.5124e-15,3.0135e-16,-5.491e-16,-5.491e-16,0,-10.453,-11.595,36.532,9.2735,-37.73,-1.4831,6.7107,-1.0866,-11.462,-22.857,-5.9715,-5.9715,-22.857,-11.462,-1.0866,6.7107,-1.4831,-37.73,9.2735,36.532,-11.595,-10.453,3.0135e-16,10.453,0,-11.595,-1.534,24.505,-12.683,-3.3814,-48.505,-0.36259,17.173,-0.90143,-18.168,26.448,-18.168,-0.90143,17.173,-0.36259,-48.505,-3.3814,-12.683,24.505,-1.534,-11.595,6.5124e-15,11.595,11.595,0,36.532,24.505,329.47,-8.0283,36.919,63.509,20.314,-51.571,19.537,-56.022,-56.022,19.537,-51.571,20.314,63.509,36.919,-8.0283,329.47,24.505,36.532,-1.3967e-16,-36.532,1.534,-36.532,0,9.2735,-12.683,-8.0283,-26.872,0.48054,86.493,1.9875,31.956,6.4557,29.069,6.4557,31.956,1.9875,86.493,0.48054,-26.872,-8.0283,-12.683,9.2735,-1.9702e-17,-9.2735,-24.505,-24.505,-9.2735,0,-37.73,-3.3814,36.919,0.48054,14.007,-58.14,-6.3615,-10.483,-0.98591,-0.98591,-10.483,-6.3615,-58.14,14.007,0.48054,36.919,-3.3814,-37.73,-1.4508e-14,37.73,12.683,-329.47,12.683,37.73,0,-1.4831,-48.505,63.509,86.493,-58.14,132.69,41.715,132.81,7.4575,132.81,41.715,132.69,-58.14,86.493,63.509,-48.505,-1.4831,-2.5325e-16,1.4831,3.3814,8.0283,8.0283,3.3814,1.4831,0,6.7107,-0.36259,20.314,1.9875,-6.3615,41.715,12.707,-7.2042,-7.2042,12.707,41.715,-6.3615,1.9875,20.314,-0.36259,6.7107,2.3867e-15,-6.7107,48.505,-36.919,26.872,-36.919,48.505,-6.7107,0,-1.0866,17.173,-51.571,31.956,-10.483,132.81,-7.2042,-130.19,-7.2042,132.81,-10.483,31.956,-51.571,17.173,-1.0866,3.701e-17,1.0866,0.36259,-63.509,-0.48054,-0.48054,-63.509,0.36259,1.0866,0,-11.462,-0.90143,19.537,6.4557,-0.98591,7.4575,-7.2042,-7.2042,7.4575,-0.98591,6.4557,19.537,-0.90143,-11.462,-9.0496e-16,11.462,-17.173,-20.314,-86.493,-14.007,-86.493,-20.314,-17.173,11.462,0,-22.857,-18.168,-56.022,29.069,-0.98591,132.81,12.707,132.81,-0.98591,29.069,-56.022,-18.168,-22.857,0,22.857,0.90143,51.571,-1.9875,58.14,58.14,-1.9875,51.571,0.90143,22.857,0,-5.9715,26.448,-56.022,6.4557,-10.483,41.715,41.715,-10.483,6.4557,-56.022,26.448,-5.9715,0,5.9715,18.168,-19.537,-31.956,6.3615,-132.69,6.3615,-31.956,-19.537,18.168,5.9715,0,-5.9715,-18.168,19.537,31.956,-6.3615,132.69,-6.3615,31.956,19.537,-18.168,-5.9715,0,5.9715,-26.448,56.022,-6.4557,10.483,-41.715,-41.715,10.483,-6.4557,56.022,-26.448,5.9715,0,-22.857,-0.90143,-51.571,1.9875,-58.14,-58.14,1.9875,-51.571,-0.90143,-22.857,9.0496e-16,22.857,18.168,56.022,-29.069,0.98591,-132.81,-12.707,-132.81,0.98591,-29.069,56.022,18.168,22.857,0,-11.462,17.173,20.314,86.493,14.007,86.493,20.314,17.173,-11.462,-3.701e-17,11.462,0.90143,-19.537,-6.4557,0.98591,-7.4575,7.2042,7.2042,-7.4575,0.98591,-6.4557,-19.537,0.90143,11.462,0,-1.0866,-0.36259,63.509,0.48054,0.48054,63.509,-0.36259,-1.0866,-2.3867e-15,1.0866,-17.173,51.571,-31.956,10.483,-132.81,7.2042,130.19,7.2042,-132.81,10.483,-31.956,51.571,-17.173,1.0866,0,6.7107,-48.505,36.919,-26.872,36.919,-48.505,6.7107,2.5325e-16,-6.7107,0.36259,-20.314,-1.9875,6.3615,-41.715,-12.707,7.2042,7.2042,-12.707,-41.715,6.3615,-1.9875,-20.314,0.36259,-6.7107,0,-1.4831,-3.3814,-8.0283,-8.0283,-3.3814,-1.4831,1.4508e-14,1.4831,48.505,-63.509,-86.493,58.14,-132.69,-41.715,-132.81,-7.4575,-132.81,-41.715,-132.69,58.14,-86.493,-63.509,48.505,1.4831,0,-37.73,-12.683,329.47,-12.683,-37.73,1.9702e-17,37.73,3.3814,-36.919,-0.48054,-14.007,58.14,6.3615,10.483,0.98591,0.98591,10.483,6.3615,58.14,-14.007,-0.48054,-36.919,3.3814,37.73,0,9.2735,24.505,24.505,9.2735,1.3967e-16,-9.2735,12.683,8.0283,26.872,-0.48054,-86.493,-1.9875,-31.956,-6.4557,-29.069,-6.4557,-31.956,-1.9875,-86.493,-0.48054,26.872,8.0283,12.683,-9.2735,0,36.532,-1.534,36.532,-6.5124e-15,-36.532,-24.505,-329.47,8.0283,-36.919,-63.509,-20.314,51.571,-19.537,56.022,56.022,-19.537,51.571,-20.314,-63.509,-36.919,8.0283,-329.47,-24.505,-36.532,0,-11.595,-11.595,-3.0135e-16,11.595,1.534,-24.505,12.683,3.3814,48.505,0.36259,-17.173,0.90143,18.168,-26.448,18.168,0.90143,-17.173,0.36259,48.505,3.3814,12.683,-24.505,1.534,11.595,0,-10.453,5.491e-16,10.453,11.595,-36.532,-9.2735,37.73,1.4831,-6.7107,1.0866,11.462,22.857,5.9715,5.9715,22.857,11.462,1.0866,-6.7107,1.4831,37.73,-9.2735,-36.532,11.595,10.453,0
