5.7304,19.346,34.243,-77.924,9.0186,-10.113,74.439,41.076,37.126,-58.132,61.643,35.348,-85.931,35.348,61.643,-58.132,37.126,41.076,74.439,-10.113,9.0186,-77.924,34.243,19.346,19.346,19.346,45.139,-28.655,27.708,-36.444,-45.076,-84.041,-74.796,25.325,-105.7,-40.295,74.677,74.677,-40.295,-105.7,25.325,-74.796,-84.041,-45.076,-36.444,27.708,-28.655,45.139,34.243,45.139,34.243,-28.655,22.323,-51.867,74.773,22.519,99.955,-27.356,36.124,174.31,0.012557,-0.9587,0.012557,174.31,36.124,-27.356,99.955,22.519,74.773,-51.867,22.323,-28.655,-77.924,-28.655,-28.655,-77.924,27.708,-51.867,-4.3798,-33.952,-17.365,-43.527,43.137,55.566,7.0557,-8.1492,-8.1492,7.0557,55.566,43.137,-43.527,-17.365,-33.952,-4.3798,-51.867,27.708,9.0186,27.708,22.323,27.708,9.0186,-36.444,74.773,-33.952,42.443,-8.2651,-16.086,-64.738,22.908,-58.531,-35.356,-58.531,22.908,-64.738,-16.086,-8.2651,42.443,-33.952,74.773,-36.444,-10.113,-36.444,-51.867,-51.867,-36.444,-10.113,-45.076,22.519,-17.365,-8.2651,-8.2268,-96.995,-10.96,64.614,-21.068,-21.068,64.614,-10.96,-96.995,-8.2268,-8.2651,-17.365,22.519,-45.076,74.439,-45.076,74.773,-4.3798,74.773,-45.076,74.439,-84.041,99.955,-43.527,-16.086,-96.995,-0.16589,90.313,145.81,-16.291,145.81,90.313,-0.16589,-96.995,-16.086,-43.527,99.955,-84.041,41.076,-84.041,22.519,-33.952,-33.952,22.519,-84.041,41.076,-74.796,-27.356,43.137,-64.738,-10.96,90.313,83.838,3.5592,3.5592,83.838,90.313,-10.96,-64.738,43.137,-27.356,-74.796,37.126,-74.796,99.955,-17.365,42.443,-17.365,99.955,-74.796,37.126,25.325,36.124,55.566,22.908,64.614,145.81,3.5592,-7.4543,3.5592,145.81,64.614,22.908,55.566,36.124,25.325,-58.132,25.325,-27.356,-43.527,-8.2651,-8.2651,-43.527,-27.356,25.325,-58.132,-105.7,174.31,7.0557,-58.531,-21.068,-16.291,3.5592,3.5592,-16.291,-21.068,-58.531,7.0557,174.31,-105.7,61.643,-105.7,36.124,43.137,-16.086,-8.2268,-16.086,43.137,36.124,-105.7,61.643,-40.295,0.012557,-8.1492,-35.356,-21.068,145.81,83.838,145.81,-21.068,-35.356,-8.1492,0.012557,-40.295,35.348,-40.295,174.31,55.566,-64.738,-96.995,-96.995,-64.738,55.566,174.31,-40.295,35.348,74.677,-0.9587,-8.1492,-58.531,64.614,90.313,90.313,64.614,-58.531,-8.1492,-0.9587,74.677,-85.931,74.677,0.012557,7.0557,22.908,-10.96,-0.16589,-10.96,22.908,7.0557,0.012557,74.677,-85.931,74.677,0.012557,7.0557,22.908,-10.96,-0.16589,-10.96,22.908,7.0557,0.012557,74.677,35.348,74.677,-0.9587,-8.1492,-58.531,64.614,90.313,90.313,64.614,-58.531,-8.1492,-0.9587,74.677,35.348,-40.295,174.31,55.566,-64.738,-96.995,-96.995,-64.738,55.566,174.31,-40.295,61.643,-40.295,0.012557,-8.1492,-35.356,-21.068,145.81,83.838,145.81,-21.068,-35.356,-8.1492,0.012557,-40.295,61.643,-105.7,36.124,43.137,-16.086,-8.2268,-16.086,43.137,36.124,-105.7,-58.132,-105.7,174.31,7.0557,-58.531,-21.068,-16.291,3.5592,3.5592,-16.291,-21.068,-58.531,7.0557,174.31,-105.7,-58.132,25.325,-27.356,-43.527,-8.2651,-8.2651,-43.527,-27.356,25.325,37.126,25.325,36.124,55.566,22.908,64.614,145.81,3.5592,-7.4543,3.5592,145.81,64.614,22.908,55.566,36.124,25.325,37.126,-74.796,99.955,-17.365,42.443,-17.365,99.955,-74.796,41.076,-74.796,-27.356,43.137,-64.738,-10.96,90.313,83.838,3.5592,3.5592,83.838,90.313,-10.96,-64.738,43.137,-27.356,-74.796,41.076,-84.041,22.519,-33.952,-33.952,22.519,-84.041,74.439,-84.041,99.955,-43.527,-16.086,-96.995,-0.16589,90.313,145.81,-16.291,145.81,90.313,-0.16589,-96.995,-16.086,-43.527,99.955,-84.041,74.439,-45.076,74.773,-4.3798,74.773,-45.076,-10.113,-45.076,22.519,-17.365,-8.2651,-8.2268,-96.995,-10.96,64.614,-21.068,-21.068,64.614,-10.96,-96.995,-8.2268,-8.2651,-17.365,22.519,-45.076,-10.113,-36.444,-51.867,-51.867,-36.444,9.0186,-36.444,74.773,-33.952,42.443,-8.2651,-16.086,-64.738,22.908,-58.531,-35.356,-58.531,22.908,-64.738,-16.086,-8.2651,42.443,-33.952,74.773,-36.444,9.0186,27.708,22.323,27.708,-77.924,27.708,-51.867,-4.3798,-33.952,-17.365,-43.527,43.137,55.566,7.0557,-8.1492,-8.1492,7.0557,55.566,43.137,-43.527,-17.365,-33.952,-4.3798,-51.867,27.708,-77.924,-28.655,-28.655,34.243,-28.655,22.323,-51.867,74.773,22.519,99.955,-27.356,36.124,174.31,0.012557,-0.9587,0.012557,174.31,36.124,-27.356,99.955,22.519,74.773,-51.867,22.323,-28.655,34.243,45.139,19.346,45.139,-28.655,27.708,-36.444,-45.076,-84.041,-74.796,25.325,-105.7,-40.295,74.677,74.677,-40.295,-105.7,25.325,-74.796,-84.041,-45.076,-36.444,27.708,-28.655,45.139,19.346
0,6.0449e-17,-2.9951e-16,1.8801e-15,-2.9733e-16,-1.4287e-16,0,-1.2226e-15,-4.2753e-16,7.3653e-16,-1.8689e-17,8.8366e-16,0,-8.8366e-16,1.8689e-17,-7.3653e-16,4.2753e-16,1.2226e-15,0,1.4287e-16,2.9733e-16,-1.8801e-15,2.9951e-16,-6.0449e-17,-6.0449e-17,0,38.171,-28.585,-22.722,-39.275,21.927,-25.474,-26.974,43.493,29.532,-91.51,-61.065,-61.065,-91.51,29.532,43.493,-26.974,-25.474,21.927,-39.275,-22.722,-28.585,38.171,2.9951e-16,-38.171,0,-28.585,-40.757,-67.94,-32.909,-30.885,-50.003,22.145,117.32,-92.949,9.4888,124.16,9.4888,-92.949,117.32,22.145,-50.003,-30.885,-32.909,-67.94,-40.757,-28.585,-1.8801e-15,28.585,28.585,0,-22.722,-67.94,104.2,-14.449,57.617,32.243,-41.701,-108.52,224.36,-2.7561,-2.7561,224.36,-108.52,-41.701,32.243,57.617,-14.449,104.2,-67.94,-22.722,2.9733e-16,22.722,40.757,22.722,0,-39.275,-32.909,-14.449,5.0419,-25.267,84.071,43.628,-25.646,104.74,-56.073,104.74,-25.646,43.628,84.071,-25.267,5.0419,-14.449,-32.909,-39.275,1.4287e-16,39.275,67.94,67.94,39.275,0,21.927,-30.885,57.617,-25.267,17.522,22.254,17.687,-92.735,-31.386,-31.386,-92.735,17.687,22.254,17.522,-25.267,57.617,-30.885,21.927,0,-21.927,32.909,-104.2,32.909,-21.927,0,-25.474,-50.003,32.243,84.071,22.254,53.986,-114.32,-40.662,112.92,-40.662,-114.32,53.986,22.254,84.071,32.243,-50.003,-25.474,1.2226e-15,25.474,30.885,14.449,14.449,30.885,25.474,0,-26.974,22.145,-41.701,43.628,17.687,-114.32,-9.5909,-46.133,-46.133,-9.5909,-114.32,17.687,43.628,-41.701,22.145,-26.974,4.2753e-16,26.974,50.003,-57.617,-5.0419,-57.617,50.003,26.974,0,43.493,117.32,-108.52,-25.646,-92.735,-40.662,-46.133,101.76,-46.133,-40.662,-92.735,-25.646,-108.52,117.32,43.493,-7.3653e-16,-43.493,-22.145,-32.243,25.267,25.267,-32.243,-22.145,-43.493,0,29.532,-92.949,224.36,104.74,-31.386,112.92,-46.133,-46.133,112.92,-31.386,104.74,224.36,-92.949,29.532,1.8689e-17,-29.532,-117.32,41.701,-84.071,-17.522,-84.071,41.701,-117.32,-29.532,0,-91.51,9.4888,-2.7561,-56.073,-31.386,-40.662,-9.5909,-40.662,-31.386,-56.073,-2.7561,9.4888,-91.51,-8.8366e-16,91.51,92.949,108.52,-43.628,-22.254,-22.254,-43.628,108.52,92.949,91.51,0,-61.065,124.16,-2.7561,104.74,-92.735,-114.32,-114.32,-92.735,104.74,-2.7561,124.16,-61.065,0,61.065,-9.4888,-224.36,25.646,-17.687,-53.986,-17.687,25.646,-224.36,-9.4888,61.065,0,-61.065,9.4888,224.36,-25.646,17.687,53.986,17.687,-25.646,224.36,9.4888,-61.065,8.8366e-16,61.065,-124.16,2.7561,-104.74,92.735,114.32,114.32,92.735,-104.74,2.7561,-124.16,61.065,0,-91.51,-92.949,-108.52,43.628,22.254,22.254,43.628,-108.52,-92.949,-91.51,-1.8689e-17,91.51,-9.4888,2.7561,56.073,31.386,40.662,9.5909,40.662,31.386,56.073,2.7561,-9.4888,91.51,0,29.532,117.32,-41.701,84.071,17.522,84.071,-41.701,117.32,29.532,7.3653e-16,-29.532,92.949,-224.36,-104.74,31.386,-112.92,46.133,46.133,-112.92,31.386,-104.74,-224.36,92.949,-29.532,0,43.493,22.145,32.243,-25.267,-25.267,32.243,22.145,43.493,-4.2753e-16,-43.493,-117.32,108.52,25.646,92.735,40.662,46.133,-101.76,46.133,40.662,92.735,25.646,108.52,-117.32,-43.493,0,-26.974,-50.003,57.617,5.0419,57.617,-50.003,-26.974,-1.2226e-15,26.974,-22.145,41.701,-43.628,-17.687,114.32,9.5909,46.133,46.133,9.5909,114.32,-17.687,-43.628,41.701,-22.145,26.974,0,-25.474,-30.885,-14.449,-14.449,-30.885,-25.474,0,25.474,50.003,-32.243,-84.071,-22.254,-53.986,114.32,40.662,-112.92,40.662,114.32,-53.986,-22.254,-84.071,-32.243,50.003,25.474,0,21.927,-32.909,104.2,-32.909,21.927,-1.4287e-16,-21.927,30.885,-57.617,25.267,-17.522,-22.254,-17.687,92.735,31.386,31.386,92.735,-17.687,-22.254,-17.522,25.267,-57.617,30.885,-21.927,0,-39.275,-67.94,-67.94,-39.275,-2.9733e-16,39.275,32.909,14.449,-5.0419,25.267,-84.071,-43.628,25.646,-104.74,56.073,-104.74,25.646,-43.628,-84.071,25.267,-5.0419,14.449,32.909,39.275,0,-22.722,-40.757,-22.722,1.8801e-15,22.722,67.94,-104.2,14.449,-57.617,-32.243,41.701,108.52,-224.36,2.7561,2.7561,-224.36,108.52,41.701,-32.243,-57.617,14.449,-104.2,67.94,22.722,0,-28.585,-28.585,-2.9951e-16,28.585,40.757,67.94,32.909,30.885,50.003,-22.145,-117.32,92.949,-9.4888,-124.16,-9.4888,92.949,-117.32,-22.145,50.003,30.885,32.909,67.94,40.757,28.585,0,38.171,6.0449e-17,-38.171,28.585,22.722,39.275,-21.927,25.474,26.974,-43.493,-29.532,91.51,61.065,61.065,91.51,-29.532,-43.493,26.974,25.474,-21.927,39.275,22.722,28.585,-38.171,0
