40.834,14.432,11.009,80.108,56.871,129.01,36.681,46.097,-3.189,67.115,101.05,30.969,249.72,30.969,101.05,67.115,-3.189,46.097,36.681,129.01,56.871,80.108,11.009,14.432,14.432,14.432,10.199,-31.533,3.7481,-6.6925,38.02,-14.951,69.455,-23.404,21.003,-31.089,62.361,62.361,-31.089,21.003,-23.404,69.455,-14.951,38.02,-6.6925,3.7481,-31.533,10.199,11.009,10.199,11.009,-31.533,-11.897,20.281,-15.803,-21.276,16.662,-0.84974,-16.766,-21.232,18.607,0.79916,18.607,-21.232,-16.766,-0.84974,16.662,-21.276,-15.803,20.281,-11.897,-31.533,80.108,-31.533,-31.533,80.108,3.7481,20.281,22.071,96.125,-55.403,96.591,117.74,-48.827,-181.63,-58.236,-58.236,-181.63,-48.827,117.74,96.591,-55.403,96.125,22.071,20.281,3.7481,56.871,3.7481,-11.897,3.7481,56.871,-6.6925,-15.803,96.125,27.734,-117.52,-45.167,-6.4569,-50.809,18.819,111.36,18.819,-50.809,-6.4569,-45.167,-117.52,27.734,96.125,-15.803,-6.6925,129.01,-6.6925,20.281,20.281,-6.6925,129.01,38.02,-21.276,-55.403,-117.52,-160.86,-42.133,-38.356,53.974,141.39,141.39,53.974,-38.356,-42.133,-160.86,-117.52,-55.403,-21.276,38.02,36.681,38.02,-15.803,22.071,-15.803,38.02,36.681,-14.951,16.662,96.591,-45.167,-42.133,29.252,48.052,-3.2513,-110,-3.2513,48.052,29.252,-42.133,-45.167,96.591,16.662,-14.951,46.097,-14.951,-21.276,96.125,96.125,-21.276,-14.951,46.097,69.455,-0.84974,117.74,-6.4569,-38.356,48.052,25.978,-121.89,-121.89,25.978,48.052,-38.356,-6.4569,117.74,-0.84974,69.455,-3.189,69.455,16.662,-55.403,27.734,-55.403,16.662,69.455,-3.189,-23.404,-16.766,-48.827,-50.809,53.974,-3.2513,-121.89,102.97,-121.89,-3.2513,53.974,-50.809,-48.827,-16.766,-23.404,67.115,-23.404,-0.84974,96.591,-117.52,-117.52,96.591,-0.84974,-23.404,67.115,21.003,-21.232,-181.63,18.819,141.39,-110,-121.89,-121.89,-110,141.39,18.819,-181.63,-21.232,21.003,101.05,21.003,-16.766,117.74,-45.167,-160.86,-45.167,117.74,-16.766,21.003,101.05,-31.089,18.607,-58.236,111.36,141.39,-3.2513,25.978,-3.2513,141.39,111.36,-58.236,18.607,-31.089,30.969,-31.089,-21.232,-48.827,-6.4569,-42.133,-42.133,-6.4569,-48.827,-21.232,-31.089,30.969,62.361,0.79916,-58.236,18.819,53.974,48.052,48.052,53.974,18.819,-58.236,0.79916,62.361,249.72,62.361,18.607,-181.63,-50.809,-38.356,29.252,-38.356,-50.809,-181.63,18.607,62.361,249.72,62.361,18.607,-181.63,-50.809,-38.356,29.252,-38.356,-50.809,-181.63,18.607,62.361,30.969,62.361,0.79916,-58.236,18.819,53.974,48.052,48.052,53.974,18.819,-58.236,0.79916,62.361,30.969,-31.089,-21.232,-48.827,-6.4569,-42.133,-42.133,-6.4569,-48.827,-21.232,-31.089,101.05,-31.089,18.607,-58.236,111.36,141.39,-3.2513,25.978,-3.2513,141.39,111.36,-58.236,18.607,-31.089,101.05,21.003,-16.766,117.74,-45.167,-160.86,-45.167,117.74,-16.766,21.003,67.115,21.003,-21.232,-181.63,18.819,141.39,-110,-121.89,-121.89,-110,141.39,18.819,-181.63,-21.232,21.003,67.115,-23.404,-0.84974,96.591,-117.52,-117.52,96.591,-0.84974,-23.404,-3.189,-23.404,-16.766,-48.827,-50.809,53.974,-3.2513,-121.89,102.97,-121.89,-3.2513,53.974,-50.809,-48.827,-16.766,-23.404,-3.189,69.455,16.662,-55.403,27.734,-55.403,16.662,69.455,46.097,69.455,-0.84974,117.74,-6.4569,-38.356,48.052,25.978,-121.89,-121.89,25.978,48.052,-38.356,-6.4569,117.74,-0.84974,69.455,46.097,-14.951,-21.276,96.125,96.125,-21.276,-14.951,36.681,-14.951,16.662,96.591,-45.167,-42.133,29.252,48.052,-3.2513,-110,-3.2513,48.052,29.252,-42.133,-45.167,96.591,16.662,-14.951,36.681,38.02,-15.803,22.071,-15.803,38.02,129.01,38.02,-21.276,-55.403,-117.52,-160.86,-42.133,-38.356,53.974,141.39,141.39,53.974,-38.356,-42.133,-160.86,-117.52,-55.403,-21.276,38.02,129.01,-6.6925,20.281,20.281,-6.6925,56.871,-6.6925,-15.803,96.125,27.734,-117.52,-45.167,-6.4569,-50.809,18.819,111.36,18.819,-50.809,-6.4569,-45.167,-117.52,27.734,96.125,-15.803,-6.6925,56.871,3.7481,-11.897,3.7481,80.108,3.7481,20.281,22.071,96.125,-55.403,96.591,117.74,-48.827,-181.63,-58.236,-58.236,-181.63,-48.827,117.74,96.591,-55.403,96.125,22.071,20.281,3.7481,80.108,-31.533,-31.533,11.009,-31.533,-11.897,20.281,-15.803,-21.276,16.662,-0.84974,-16.766,-21.232,18.607,0.79916,18.607,-21.232,-16.766,-0.84974,16.662,-21.276,-15.803,20.281,-11.897,-31.533,11.009,10.199,14.432,10.199,-31.533,3.7481,-6.6925,38.02,-14.951,69.455,-23.404,21.003,-31.089,62.361,62.361,-31.089,21.003,-23.404,69.455,-14.951,38.02,-6.6925,3.7481,-31.533,10.199,14.432
0,-1.4114e-16,1.496e-16,4.6514e-17,-2.8791e-16,9.9113e-16,0,8.5544e-16,-1.312e-16,1.1713e-15,-2.3302e-15,-3.0203e-16,0,3.0203e-16,2.3302e-15,-1.1713e-15,1.312e-16,-8.5544e-16,0,-9.9113e-16,2.8791e-16,-4.6514e-17,-1.496e-16,1.4114e-16,1.4114e-16,0,-15.758,24.247,-41.479,-88.273,-65.751,-38.15,48.416,-152.49,4.1585,-34.038,16.574,16.574,-34.038,4.1585,-152.49,48.416,-38.15,-65.751,-88.273,-41.479,24.247,-15.758,-1.496e-16,15.758,0,24.247,-10.635,26.87,-32.115,-50.332,-14.728,30.291,-0.17805,-7.6759,-89.227,15.435,-89.227,-7.6759,-0.17805,30.291,-14.728,-50.332,-32.115,26.87,-10.635,24.247,-4.6514e-17,-24.247,-24.247,0,-41.479,26.87,-7.3308,10.682,123.54,64.257,53.531,-56.903,-119.19,-30.532,-30.532,-119.19,-56.903,53.531,64.257,123.54,10.682,-7.3308,26.87,-41.479,2.8791e-16,41.479,10.635,41.479,0,-88.273,-32.115,10.682,92.649,141.92,-57.396,19.619,-151.26,12.811,-66.088,12.811,-151.26,19.619,-57.396,141.92,92.649,10.682,-32.115,-88.273,-9.9113e-16,88.273,-26.87,-26.87,88.273,0,-65.751,-50.332,123.54,141.92,-100.83,14.209,-135.22,-17.24,53.191,53.191,-17.24,-135.22,14.209,-100.83,141.92,123.54,-50.332,-65.751,0,65.751,32.115,7.3308,32.115,65.751,0,-38.15,-14.728,64.257,-57.396,14.209,-123.11,23.092,-35.583,122.92,-35.583,23.092,-123.11,14.209,-57.396,64.257,-14.728,-38.15,-8.5544e-16,38.15,50.332,-10.682,-10.682,50.332,38.15,0,48.416,30.291,53.531,19.619,-135.22,23.092,-54.249,-62.434,-62.434,-54.249,23.092,-135.22,19.619,53.531,30.291,48.416,1.312e-16,-48.416,14.728,-123.54,-92.649,-123.54,14.728,-48.416,0,-152.49,-0.17805,-56.903,-151.26,-17.24,-35.583,-62.434,271.47,-62.434,-35.583,-17.24,-151.26,-56.903,-0.17805,-152.49,-1.1713e-15,152.49,-30.291,-64.257,-141.92,-141.92,-64.257,-30.291,152.49,0,4.1585,-7.6759,-119.19,12.811,53.191,122.92,-62.434,-62.434,122.92,53.191,12.811,-119.19,-7.6759,4.1585,2.3302e-15,-4.1585,0.17805,-53.531,57.396,100.83,57.396,-53.531,0.17805,-4.1585,0,-34.038,-89.227,-30.532,-66.088,53.191,-35.583,-54.249,-35.583,53.191,-66.088,-30.532,-89.227,-34.038,3.0203e-16,34.038,7.6759,56.903,-19.619,-14.209,-14.209,-19.619,56.903,7.6759,34.038,0,16.574,15.435,-30.532,12.811,-17.24,23.092,23.092,-17.24,12.811,-30.532,15.435,16.574,0,-16.574,89.227,119.19,151.26,135.22,123.11,135.22,151.26,119.19,89.227,-16.574,0,16.574,-89.227,-119.19,-151.26,-135.22,-123.11,-135.22,-151.26,-119.19,-89.227,16.574,-3.0203e-16,-16.574,-15.435,30.532,-12.811,17.24,-23.092,-23.092,17.24,-12.811,30.532,-15.435,-16.574,0,-34.038,-7.6759,-56.903,19.619,14.209,14.209,19.619,-56.903,-7.6759,-34.038,-2.3302e-15,34.038,89.227,30.532,66.088,-53.191,35.583,54.249,35.583,-53.191,66.088,30.532,89.227,34.038,0,4.1585,-0.17805,53.531,-57.396,-100.83,-57.396,53.531,-0.17805,4.1585,1.1713e-15,-4.1585,7.6759,119.19,-12.811,-53.191,-122.92,62.434,62.434,-122.92,-53.191,-12.811,119.19,7.6759,-4.1585,0,-152.49,30.291,64.257,141.92,141.92,64.257,30.291,-152.49,-1.312e-16,152.49,0.17805,56.903,151.26,17.24,35.583,62.434,-271.47,62.434,35.583,17.24,151.26,56.903,0.17805,152.49,0,48.416,-14.728,123.54,92.649,123.54,-14.728,48.416,8.5544e-16,-48.416,-30.291,-53.531,-19.619,135.22,-23.092,54.249,62.434,62.434,54.249,-23.092,135.22,-19.619,-53.531,-30.291,-48.416,0,-38.15,-50.332,10.682,10.682,-50.332,-38.15,0,38.15,14.728,-64.257,57.396,-14.209,123.11,-23.092,35.583,-122.92,35.583,-23.092,123.11,-14.209,57.396,-64.257,14.728,38.15,0,-65.751,-32.115,-7.3308,-32.115,-65.751,9.9113e-16,65.751,50.332,-123.54,-141.92,100.83,-14.209,135.22,17.24,-53.191,-53.191,17.24,135.22,-14.209,100.83,-141.92,-123.54,50.332,65.751,0,-88.273,26.87,26.87,-88.273,-2.8791e-16,88.273,32.115,-10.682,-92.649,-141.92,57.396,-19.619,151.26,-12.811,66.088,-12.811,151.26,-19.619,57.396,-141.92,-92.649,-10.682,32.115,88.273,0,-41.479,-10.635,-41.479,4.6514e-17,41.479,-26.87,7.3308,-10.682,-123.54,-64.257,-53.531,56.903,119.19,30.532,30.532,119.19,56.903,-53.531,-64.257,-123.54,-10.682,7.3308,-26.87,41.479,0,24.247,24.247,1.496e-16,-24.247,10.635,-26.87,32.115,50.332,14.728,-30.291,0.17805,7.6759,89.227,-15.435,89.227,7.6759,0.17805,-30.291,14.728,50.332,32.115,-26.87,10.635,-24.247,0,-15.758,-1.4114e-16,15.758,-24.247,41.479,88.273,65.751,38.15,-48.416,152.49,-4.1585,34.038,-16.574,-16.574,34.038,-4.1585,152.49,-48.416,38.15,65.751,88.273,41.479,-24.247,15.758,0
