-2.3102,-30.698,-4.7597,-14.018,-34.529,-16.568,-11.983,-27.794,-33.286,-21.997,-31.692,-6.8256,-42.018,-6.8256,-31.692,-21.997,-33.286,-27.794,-11.983,-16.568,-34.529,-14.018,-4.7597,-30.698,-30.698,-30.698,4.514,-11.48,-15.177,55.743,-31.032,-39.497,-109.32,-77.875,14.025,-13.338,-21.78,-21.78,-13.338,14.025,-77.875,-109.32,-39.497,-31.032,55.743,-15.177,-11.48,4.514,-4.7597,4.514,-4.7597,-11.48,-15.528,8.6822,-18.373,2.4445,-14.009,6.2713,-9.1984,5.3283,17.686,-7.0684,17.686,5.3283,-9.1984,6.2713,-14.009,2.4445,-18.373,8.6822,-15.528,-11.48,-14.018,-11.48,-11.48,-14.018,-15.177,8.6822,24.679,34.699,18.063,26.472,8.284,-33.955,5.4576,3.4632,3.4632,5.4576,-33.955,8.284,26.472,18.063,34.699,24.679,8.6822,-15.177,-34.529,-15.177,-15.528,-15.177,-34.529,55.743,-18.373,34.699,-100.89,53.202,-2.7607,2.7444,92.05,23.935,-0.95688,23.935,92.05,2.7444,-2.7607,53.202,-100.89,34.699,-18.373,55.743,-16.568,55.743,8.6822,8.6822,55.743,-16.568,-31.032,2.4445,18.063,53.202,-59.495,-0.99909,-76.428,12.518,-47.942,-47.942,12.518,-76.428,-0.99909,-59.495,53.202,18.063,2.4445,-31.032,-11.983,-31.032,-18.373,24.679,-18.373,-31.032,-11.983,-39.497,-14.009,26.472,-2.7607,-0.99909,-36.784,13.492,-13.832,-21.229,-13.832,13.492,-36.784,-0.99909,-2.7607,26.472,-14.009,-39.497,-27.794,-39.497,2.4445,34.699,34.699,2.4445,-39.497,-27.794,-109.32,6.2713,8.284,2.7444,-76.428,13.492,62.525,-32.33,-32.33,62.525,13.492,-76.428,2.7444,8.284,6.2713,-109.32,-33.286,-109.32,-14.009,18.063,-100.89,18.063,-14.009,-109.32,-33.286,-77.875,-9.1984,-33.955,92.05,12.518,-13.832,-32.33,15.149,-32.33,-13.832,12.518,92.05,-33.955,-9.1984,-77.875,-21.997,-77.875,6.2713,26.472,53.202,53.202,26.472,6.2713,-77.875,-21.997,14.025,5.3283,5.4576,23.935,-47.942,-21.229,-32.33,-32.33,-21.229,-47.942,23.935,5.4576,5.3283,14.025,-31.692,14.025,-9.1984,8.284,-2.7607,-59.495,-2.7607,8.284,-9.1984,14.025,-31.692,-13.338,17.686,3.4632,-0.95688,-47.942,-13.832,62.525,-13.832,-47.942,-0.95688,3.4632,17.686,-13.338,-6.8256,-13.338,5.3283,-33.955,2.7444,-0.99909,-0.99909,2.7444,-33.955,5.3283,-13.338,-6.8256,-21.78,-7.0684,3.4632,23.935,12.518,13.492,13.492,12.518,23.935,3.4632,-7.0684,-21.78,-42.018,-21.78,17.686,5.4576,92.05,-76.428,-36.784,-76.428,92.05,5.4576,17.686,-21.78,-42.018,-21.78,17.686,5.4576,92.05,-76.428,-36.784,-76.428,92.05,5.4576,17.686,-21.78,-6.8256,-21.78,-7.0684,3.4632,23.935,12.518,13.492,13.492,12.518,23.935,3.4632,-7.0684,-21.78,-6.8256,-13.338,5.3283,-33.955,2.7444,-0.99909,-0.99909,2.7444,-33.955,5.3283,-13.338,-31.692,-13.338,17.686,3.4632,-0.95688,-47.942,-13.832,62.525,-13.832,-47.942,-0.95688,3.4632,17.686,-13.338,-31.692,14.025,-9.1984,8.284,-2.7607,-59.495,-2.7607,8.284,-9.1984,14.025,-21.997,14.025,5.3283,5.4576,23.935,-47.942,-21.229,-32.33,-32.33,-21.229,-47.942,23.935,5.4576,5.3283,14.025,-21.997,-77.875,6.2713,26.472,53.202,53.202,26.472,6.2713,-77.875,-33.286,-77.875,-9.1984,-33.955,92.05,12.518,-13.832,-32.33,15.149,-32.33,-13.832,12.518,92.05,-33.955,-9.1984,-77.875,-33.286,-109.32,-14.009,18.063,-100.89,18.063,-14.009,-109.32,-27.794,-109.32,6.2713,8.284,2.7444,-76.428,13.492,62.525,-32.33,-32.33,62.525,13.492,-76.428,2.7444,8.284,6.2713,-109.32,-27.794,-39.497,2.4445,34.699,34.699,2.4445,-39.497,-11.983,-39.497,-14.009,26.472,-2.7607,-0.99909,-36.784,13.492,-13.832,-21.229,-13.832,13.492,-36.784,-0.99909,-2.7607,26.472,-14.009,-39.497,-11.983,-31.032,-18.373,24.679,-18.373,-31.032,-16.568,-31.032,2.4445,18.063,53.202,-59.495,-0.99909,-76.428,12.518,-47.942,-47.942,12.518,-76.428,-0.99909,-59.495,53.202,18.063,2.4445,-31.032,-16.568,55.743,8.6822,8.6822,55.743,-34.529,55.743,-18.373,34.699,-100.89,53.202,-2.7607,2.7444,92.05,23.935,-0.95688,23.935,92.05,2.7444,-2.7607,53.202,-100.89,34.699,-18.373,55.743,-34.529,-15.177,-15.528,-15.177,-14.018,-15.177,8.6822,24.679,34.699,18.063,26.472,8.284,-33.955,5.4576,3.4632,3.4632,5.4576,-33.955,8.284,26.472,18.063,34.699,24.679,8.6822,-15.177,-14.018,-11.48,-11.48,-4.7597,-11.48,-15.528,8.6822,-18.373,2.4445,-14.009,6.2713,-9.1984,5.3283,17.686,-7.0684,17.686,5.3283,-9.1984,6.2713,-14.009,2.4445,-18.373,8.6822,-15.528,-11.48,-4.7597,4.514,-30.698,4.514,-11.48,-15.177,55.743,-31.032,-39.497,-109.32,-77.875,14.025,-13.338,-21.78,-21.78,-13.338,14.025,-77.875,-109.32,-39.497,-31.032,55.743,-15.177,-11.48,4.514,-30.698
0,8.4492e-17,9.8588e-19,1.2186e-16,-2.9011e-16,-7.639e-17,9.3039e-17,-3.911e-16,2.2811e-16,-1.6476e-18,1.1433e-16,-1.066e-16,0,1.066e-16,-1.1433e-16,1.6476e-18,-2.2811e-16,3.911e-16,-9.3039e-17,7.639e-17,2.9011e-16,-1.2186e-16,-9.8588e-19,-8.4492e-17,-8.4492e-17,0,1.0984,-1.4642,75.562,-63.443,26.462,45.405,7.2382,31.805,47.731,39.866,-59.174,-59.174,39.866,47.731,31.805,7.2382,45.405,26.462,-63.443,75.562,-1.4642,1.0984,-9.8588e-19,-1.0984,0,-1.4642,-9.6227,1.2833,-2.857,-11.886,5.8513,7.839,-35.381,-2.8386,-14.189,1.8382,-14.189,-2.8386,-35.381,7.839,5.8513,-11.886,-2.857,1.2833,-9.6227,-1.4642,-1.2186e-16,1.4642,1.4642,0,75.562,1.2833,16.339,64.954,-54.902,-16.616,-76.463,-11.855,-66.923,37.375,37.375,-66.923,-11.855,-76.463,-16.616,-54.902,64.954,16.339,1.2833,75.562,2.9011e-16,-75.562,9.6227,-75.562,0,-63.443,-2.857,64.954,83.508,-11.981,-36.008,-48.96,-26.257,8.0841,69.804,8.0841,-26.257,-48.96,-36.008,-11.981,83.508,64.954,-2.857,-63.443,7.639e-17,63.443,-1.2833,-1.2833,63.443,0,26.462,-11.886,-54.902,-11.981,23.227,22.044,-80.8,-16.489,-44.064,-44.064,-16.489,-80.8,22.044,23.227,-11.981,-54.902,-11.886,26.462,-9.3039e-17,-26.462,2.857,-16.339,2.857,-26.462,0,45.405,5.8513,-16.616,-36.008,22.044,-11.867,-16.285,-65.74,37.54,-65.74,-16.285,-11.867,22.044,-36.008,-16.616,5.8513,45.405,3.911e-16,-45.405,11.886,-64.954,-64.954,11.886,-45.405,0,7.2382,7.839,-76.463,-48.96,-80.8,-16.285,-106.65,-9.3182,-9.3182,-106.65,-16.285,-80.8,-48.96,-76.463,7.839,7.2382,-2.2811e-16,-7.2382,-5.8513,54.902,-83.508,54.902,-5.8513,-7.2382,0,31.805,-35.381,-11.855,-26.257,-16.489,-65.74,-9.3182,-10.902,-9.3182,-65.74,-16.489,-26.257,-11.855,-35.381,31.805,1.6476e-18,-31.805,-7.839,16.616,11.981,11.981,16.616,-7.839,-31.805,0,47.731,-2.8386,-66.923,8.0841,-44.064,37.54,-9.3182,-9.3182,37.54,-44.064,8.0841,-66.923,-2.8386,47.731,-1.1433e-16,-47.731,35.381,76.463,36.008,-23.227,36.008,76.463,35.381,-47.731,0,39.866,-14.189,37.375,69.804,-44.064,-65.74,-106.65,-65.74,-44.064,69.804,37.375,-14.189,39.866,1.066e-16,-39.866,2.8386,11.855,48.96,-22.044,-22.044,48.96,11.855,2.8386,-39.866,0,-59.174,1.8382,37.375,8.0841,-16.489,-16.285,-16.285,-16.489,8.0841,37.375,1.8382,-59.174,0,59.174,14.189,66.923,26.257,80.8,11.867,80.8,26.257,66.923,14.189,59.174,0,-59.174,-14.189,-66.923,-26.257,-80.8,-11.867,-80.8,-26.257,-66.923,-14.189,-59.174,-1.066e-16,59.174,-1.8382,-37.375,-8.0841,16.489,16.285,16.285,16.489,-8.0841,-37.375,-1.8382,59.174,0,39.866,-2.8386,-11.855,-48.96,22.044,22.044,-48.96,-11.855,-2.8386,39.866,1.1433e-16,-39.866,14.189,-37.375,-69.804,44.064,65.74,106.65,65.74,44.064,-69.804,-37.375,14.189,-39.866,0,47.731,-35.381,-76.463,-36.008,23.227,-36.008,-76.463,-35.381,47.731,-1.6476e-18,-47.731,2.8386,66.923,-8.0841,44.064,-37.54,9.3182,9.3182,-37.54,44.064,-8.0841,66.923,2.8386,-47.731,0,31.805,7.839,-16.616,-11.981,-11.981,-16.616,7.839,31.805,2.2811e-16,-31.805,35.381,11.855,26.257,16.489,65.74,9.3182,10.902,9.3182,65.74,16.489,26.257,11.855,35.381,-31.805,0,7.2382,5.8513,-54.902,83.508,-54.902,5.8513,7.2382,-3.911e-16,-7.2382,-7.839,76.463,48.96,80.8,16.285,106.65,9.3182,9.3182,106.65,16.285,80.8,48.96,76.463,-7.839,-7.2382,0,45.405,-11.886,64.954,64.954,-11.886,45.405,9.3039e-17,-45.405,-5.8513,16.616,36.008,-22.044,11.867,16.285,65.74,-37.54,65.74,16.285,11.867,-22.044,36.008,16.616,-5.8513,-45.405,0,26.462,-2.857,16.339,-2.857,26.462,-7.639e-17,-26.462,11.886,54.902,11.981,-23.227,-22.044,80.8,16.489,44.064,44.064,16.489,80.8,-22.044,-23.227,11.981,54.902,11.886,-26.462,0,-63.443,1.2833,1.2833,-63.443,-2.9011e-16,63.443,2.857,-64.954,-83.508,11.981,36.008,48.96,26.257,-8.0841,-69.804,-8.0841,26.257,48.96,36.008,11.981,-83.508,-64.954,2.857,63.443,0,75.562,-9.6227,75.562,1.2186e-16,-75.562,-1.2833,-16.339,-64.954,54.902,16.616,76.463,11.855,66.923,-37.375,-37.375,66.923,11.855,76.463,16.616,54.902,-64.954,-16.339,-1.2833,-75.562,0,-1.4642,-1.4642,9.8588e-19,1.4642,9.6227,-1.2833,2.857,11.886,-5.8513,-7.839,35.381,2.8386,14.189,-1.8382,14.189,2.8386,35.381,-7.839,-5.8513,11.886,2.857,-1.2833,9.6227,1.4642,0,1.0984,8.4492e-17,-1.0984,1.4642,-75.562,63.443,-26.462,-45.405,-7.2382,-31.805,-47.731,-39.866,59.174,59.174,-39.866,-47.731,-31.805,-7.2382,-45.405,-26.462,63.443,-75.562,1.4642,-1.0984,0
