954.32,35.476,57.403,57.716,-32.922,18.205,82.759,53.454,102.1,50.918,196.35,31.964,222.26,31.964,196.35,50.918,102.1,53.454,82.759,18.205,-32.922,57.716,57.403,35.476,35.476,35.476,16.533,-10.12,-28.983,2.8019,36.003,-7.2334,72.51,-33.056,-52.156,-22.369,31.43,31.43,-22.369,-52.156,-33.056,72.51,-7.2334,36.003,2.8019,-28.983,-10.12,16.533,57.403,16.533,57.403,-10.12,-32.977,-22.226,-68.39,-23.302,-39.198,-20.937,25.611,-38.538,-52.329,37.629,-52.329,-38.538,25.611,-20.937,-39.198,-23.302,-68.39,-22.226,-32.977,-10.12,57.716,-10.12,-10.12,57.716,-28.983,-22.226,-48.105,-122.44,40.612,-11.448,4.8059,54.645,10.406,-5.4215,-5.4215,10.406,54.645,4.8059,-11.448,40.612,-122.44,-48.105,-22.226,-28.983,-32.922,-28.983,-32.977,-28.983,-32.922,2.8019,-68.39,-122.44,304.52,-114.77,80.921,-169.7,-93.753,-62.594,45.065,-62.594,-93.753,-169.7,80.921,-114.77,304.52,-122.44,-68.39,2.8019,18.205,2.8019,-22.226,-22.226,2.8019,18.205,36.003,-23.302,40.612,-114.77,-0.45322,-32.401,-5.5338,19.705,2.4024,2.4024,19.705,-5.5338,-32.401,-0.45322,-114.77,40.612,-23.302,36.003,82.759,36.003,-68.39,-48.105,-68.39,36.003,82.759,-7.2334,-39.198,-11.448,80.921,-32.401,-23.581,94.631,22.328,-54.877,22.328,94.631,-23.581,-32.401,80.921,-11.448,-39.198,-7.2334,53.454,-7.2334,-23.302,-122.44,-122.44,-23.302,-7.2334,53.454,72.51,-20.937,4.8059,-169.7,-5.5338,94.631,-61.436,122.71,122.71,-61.436,94.631,-5.5338,-169.7,4.8059,-20.937,72.51,102.1,72.51,-39.198,40.612,304.52,40.612,-39.198,72.51,102.1,-33.056,25.611,54.645,-93.753,19.705,22.328,122.71,40.003,122.71,22.328,19.705,-93.753,54.645,25.611,-33.056,50.918,-33.056,-20.937,-11.448,-114.77,-114.77,-11.448,-20.937,-33.056,50.918,-52.156,-38.538,10.406,-62.594,2.4024,-54.877,122.71,122.71,-54.877,2.4024,-62.594,10.406,-38.538,-52.156,196.35,-52.156,25.611,4.8059,80.921,-0.45322,80.921,4.8059,25.611,-52.156,196.35,-22.369,-52.329,-5.4215,45.065,2.4024,22.328,-61.436,22.328,2.4024,45.065,-5.4215,-52.329,-22.369,31.964,-22.369,-38.538,54.645,-169.7,-32.401,-32.401,-169.7,54.645,-38.538,-22.369,31.964,31.43,37.629,-5.4215,-62.594,19.705,94.631,94.631,19.705,-62.594,-5.4215,37.629,31.43,222.26,31.43,-52.329,10.406,-93.753,-5.5338,-23.581,-5.5338,-93.753,10.406,-52.329,31.43,222.26,31.43,-52.329,10.406,-93.753,-5.5338,-23.581,-5.5338,-93.753,10.406,-52.329,31.43,31.964,31.43,37.629,-5.4215,-62.594,19.705,94.631,94.631,19.705,-62.594,-5.4215,37.629,31.43,31.964,-22.369,-38.538,54.645,-169.7,-32.401,-32.401,-169.7,54.645,-38.538,-22.369,196.35,-22.369,-52.329,-5.4215,45.065,2.4024,22.328,-61.436,22.328,2.4024,45.065,-5.4215,-52.329,-22.369,196.35,-52.156,25.611,4.8059,80.921,-0.45322,80.921,4.8059,25.611,-52.156,50.918,-52.156,-38.538,10.406,-62.594,2.4024,-54.877,122.71,122.71,-54.877,2.4024,-62.594,10.406,-38.538,-52.156,50.918,-33.056,-20.937,-11.448,-114.77,-114.77,-11.448,-20.937,-33.056,102.1,-33.056,25.611,54.645,-93.753,19.705,22.328,122.71,40.003,122.71,22.328,19.705,-93.753,54.645,25.611,-33.056,102.1,72.51,-39.198,40.612,304.52,40.612,-39.198,72.51,53.454,72.51,-20.937,4.8059,-169.7,-5.5338,94.631,-61.436,122.71,122.71,-61.436,94.631,-5.5338,-169.7,4.8059,-20.937,72.51,53.454,-7.2334,-23.302,-122.44,-122.44,-23.302,-7.2334,82.759,-7.2334,-39.198,-11.448,80.921,-32.401,-23.581,94.631,22.328,-54.877,22.328,94.631,-23.581,-32.401,80.921,-11.448,-39.198,-7.2334,82.759,36.003,-68.39,-48.105,-68.39,36.003,18.205,36.003,-23.302,40.612,-114.77,-0.45322,-32.401,-5.5338,19.705,2.4024,2.4024,19.705,-5.5338,-32.401,-0.45322,-114.77,40.612,-23.302,36.003,18.205,2.8019,-22.226,-22.226,2.8019,-32.922,2.8019,-68.39,-122.44,304.52,-114.77,80.921,-169.7,-93.753,-62.594,45.065,-62.594,-93.753,-169.7,80.921,-114.77,304.52,-122.44,-68.39,2.8019,-32.922,-28.983,-32.977,-28.983,57.716,-28.983,-22.226,-48.105,-122.44,40.612,-11.448,4.8059,54.645,10.406,-5.4215,-5.4215,10.406,54.645,4.8059,-11.448,40.612,-122.44,-48.105,-22.226,-28.983,57.716,-10.12,-10.12,57.403,-10.12,-32.977,-22.226,-68.39,-23.302,-39.198,-20.937,25.611,-38.538,-52.329,37.629,-52.329,-38.538,25.611,-20.937,-39.198,-23.302,-68.39,-22.226,-32.977,-10.12,57.403,16.533,35.476,16.533,-10.12,-28.983,2.8019,36.003,-7.2334,72.51,-33.056,-52.156,-22.369,31.43,31.43,-22.369,-52.156,-33.056,72.51,-7.2334,36.003,2.8019,-28.983,-10.12,16.533,35.476
0,-7.3292e-17,5.4442e-16,-2.2554e-15,7.4713e-16,4.3596e-16,2.3419e-15,1.3428e-15,1.1917e-15,1.6431e-19,1.9873e-17,-5.9721e-16,0,5.9721e-16,-1.9873e-17,-1.6431e-19,-1.1917e-15,-1.3428e-15,-2.3419e-15,-4.3596e-16,-7.4713e-16,2.2554e-15,-5.4442e-16,7.3292e-17,7.3292e-17,0,20.992,-19.302,-73.88,-50.558,-17.934,-71.866,34.873,37.231,23.252,20.19,26.664,26.664,20.19,23.252,37.231,34.873,-71.866,-17.934,-50.558,-73.88,-19.302,20.992,-5.4442e-16,-20.992,0,-19.302,22.104,18.726,-58.537,-6.6077,-45.269,50.359,-33.686,-44.108,24.853,19.678,24.853,-44.108,-33.686,50.359,-45.269,-6.6077,-58.537,18.726,22.104,-19.302,2.2554e-15,19.302,19.302,0,-73.88,18.726,-27.235,-77.595,-37.235,69.433,-20.458,43.602,8.3364,4.338,4.338,8.3364,43.602,-20.458,69.433,-37.235,-77.595,-27.235,18.726,-73.88,-7.4713e-16,73.88,-22.104,73.88,0,-50.558,-58.537,-77.595,-140.25,4.03,-21.629,-16.256,-52.136,164.33,69.252,164.33,-52.136,-16.256,-21.629,4.03,-140.25,-77.595,-58.537,-50.558,-4.3596e-16,50.558,-18.726,-18.726,50.558,0,-17.934,-6.6077,-37.235,4.03,24.44,-9.213,-23.101,-31.39,-9.8327,-9.8327,-31.39,-23.101,-9.213,24.44,4.03,-37.235,-6.6077,-17.934,-2.3419e-15,17.934,58.537,27.235,58.537,17.934,0,-71.866,-45.269,69.433,-21.629,-9.213,9.9518,-19.266,95.765,107.18,95.765,-19.266,9.9518,-9.213,-21.629,69.433,-45.269,-71.866,-1.3428e-15,71.866,6.6077,77.595,77.595,6.6077,71.866,0,34.873,50.359,-20.458,-16.256,-23.101,-19.266,-33.25,-72.453,-72.453,-33.25,-19.266,-23.101,-16.256,-20.458,50.359,34.873,-1.1917e-15,-34.873,45.269,37.235,140.25,37.235,45.269,-34.873,0,37.231,-33.686,43.602,-52.136,-31.39,95.765,-72.453,27.533,-72.453,95.765,-31.39,-52.136,43.602,-33.686,37.231,-1.6431e-19,-37.231,-50.359,-69.433,-4.03,-4.03,-69.433,-50.359,-37.231,0,23.252,-44.108,8.3364,164.33,-9.8327,107.18,-72.453,-72.453,107.18,-9.8327,164.33,8.3364,-44.108,23.252,-1.9873e-17,-23.252,33.686,20.458,21.629,-24.44,21.629,20.458,33.686,-23.252,0,20.19,24.853,4.338,69.252,-9.8327,95.765,-33.25,95.765,-9.8327,69.252,4.338,24.853,20.19,5.9721e-16,-20.19,44.108,-43.602,16.256,9.213,9.213,16.256,-43.602,44.108,-20.19,0,26.664,19.678,4.338,164.33,-31.39,-19.266,-19.266,-31.39,164.33,4.338,19.678,26.664,0,-26.664,-24.853,-8.3364,52.136,23.101,-9.9518,23.101,52.136,-8.3364,-24.853,-26.664,0,26.664,24.853,8.3364,-52.136,-23.101,9.9518,-23.101,-52.136,8.3364,24.853,26.664,-5.9721e-16,-26.664,-19.678,-4.338,-164.33,31.39,19.266,19.266,31.39,-164.33,-4.338,-19.678,-26.664,0,20.19,-44.108,43.602,-16.256,-9.213,-9.213,-16.256,43.602,-44.108,20.19,1.9873e-17,-20.19,-24.853,-4.338,-69.252,9.8327,-95.765,33.25,-95.765,9.8327,-69.252,-4.338,-24.853,-20.19,0,23.252,-33.686,-20.458,-21.629,24.44,-21.629,-20.458,-33.686,23.252,1.6431e-19,-23.252,44.108,-8.3364,-164.33,9.8327,-107.18,72.453,72.453,-107.18,9.8327,-164.33,-8.3364,44.108,-23.252,0,37.231,50.359,69.433,4.03,4.03,69.433,50.359,37.231,1.1917e-15,-37.231,33.686,-43.602,52.136,31.39,-95.765,72.453,-27.533,72.453,-95.765,31.39,52.136,-43.602,33.686,-37.231,0,34.873,-45.269,-37.235,-140.25,-37.235,-45.269,34.873,1.3428e-15,-34.873,-50.359,20.458,16.256,23.101,19.266,33.25,72.453,72.453,33.25,19.266,23.101,16.256,20.458,-50.359,-34.873,0,-71.866,-6.6077,-77.595,-77.595,-6.6077,-71.866,2.3419e-15,71.866,45.269,-69.433,21.629,9.213,-9.9518,19.266,-95.765,-107.18,-95.765,19.266,-9.9518,9.213,21.629,-69.433,45.269,71.866,0,-17.934,-58.537,-27.235,-58.537,-17.934,4.3596e-16,17.934,6.6077,37.235,-4.03,-24.44,9.213,23.101,31.39,9.8327,9.8327,31.39,23.101,9.213,-24.44,-4.03,37.235,6.6077,17.934,0,-50.558,18.726,18.726,-50.558,7.4713e-16,50.558,58.537,77.595,140.25,-4.03,21.629,16.256,52.136,-164.33,-69.252,-164.33,52.136,16.256,21.629,-4.03,140.25,77.595,58.537,50.558,0,-73.88,22.104,-73.88,-2.2554e-15,73.88,-18.726,27.235,77.595,37.235,-69.433,20.458,-43.602,-8.3364,-4.338,-4.338,-8.3364,-43.602,20.458,-69.433,37.235,77.595,27.235,-18.726,73.88,0,-19.302,-19.302,5.4442e-16,19.302,-22.104,-18.726,58.537,6.6077,45.269,-50.359,33.686,44.108,-24.853,-19.678,-24.853,44.108,33.686,-50.359,45.269,6.6077,58.537,-18.726,-22.104,19.302,0,20.992,-7.3292e-17,-20.992,19.302,73.88,50.558,17.934,71.866,-34.873,-37.231,-23.252,-20.19,-26.664,-26.664,-20.19,-23.252,-37.231,-34.873,71.866,17.934,50.558,73.88,19.302,-20.992,0
