-9.2637,-71.504,-49.015,-26.564,-58.191,-47.216,-81.324,-61.327,-14.878,-48.491,-27.584,-43.869,-6.7724,-43.869,-27.584,-48.491,-14.878,-61.327,-81.324,-47.216,-58.191,-26.564,-49.015,-71.504,-71.504,-71.504,93.722,-89.151,55.063,-116.38,-130.18,137.14,-22.157,40.407,86.815,26.052,-22.089,-22.089,26.052,86.815,40.407,-22.157,137.14,-130.18,-116.38,55.063,-89.151,93.722,-49.015,93.722,-49.015,-89.151,13.824,36.577,0.010538,42.989,-11.096,-52.393,-7.011,48.782,27.907,-109.44,27.907,48.782,-7.011,-52.393,-11.096,42.989,0.010538,36.577,13.824,-89.151,-26.564,-89.151,-89.151,-26.564,55.063,36.577,63.63,90.12,25.458,53.506,29.056,-4.9639,-13.922,49.096,49.096,-13.922,-4.9639,29.056,53.506,25.458,90.12,63.63,36.577,55.063,-58.191,55.063,13.824,55.063,-58.191,-116.38,0.010538,90.12,-10.053,38.206,5.3749,89.217,-13.315,111.97,46.596,111.97,-13.315,89.217,5.3749,38.206,-10.053,90.12,0.010538,-116.38,-47.216,-116.38,36.577,36.577,-116.38,-47.216,-130.18,42.989,25.458,38.206,-38.941,-93.782,18.653,-30.571,-4.0404,-4.0404,-30.571,18.653,-93.782,-38.941,38.206,25.458,42.989,-130.18,-81.324,-130.18,0.010538,63.63,0.010538,-130.18,-81.324,137.14,-11.096,53.506,5.3749,-93.782,-60.137,53.921,-25.617,52.648,-25.617,53.921,-60.137,-93.782,5.3749,53.506,-11.096,137.14,-61.327,137.14,42.989,90.12,90.12,42.989,137.14,-61.327,-22.157,-52.393,29.056,89.217,18.653,53.921,100.63,5.7059,5.7059,100.63,53.921,18.653,89.217,29.056,-52.393,-22.157,-14.878,-22.157,-11.096,25.458,-10.053,25.458,-11.096,-22.157,-14.878,40.407,-7.011,-4.9639,-13.315,-30.571,-25.617,5.7059,17.781,5.7059,-25.617,-30.571,-13.315,-4.9639,-7.011,40.407,-48.491,40.407,-52.393,53.506,38.206,38.206,53.506,-52.393,40.407,-48.491,86.815,48.782,-13.922,111.97,-4.0404,52.648,5.7059,5.7059,52.648,-4.0404,111.97,-13.922,48.782,86.815,-27.584,86.815,-7.011,29.056,5.3749,-38.941,5.3749,29.056,-7.011,86.815,-27.584,26.052,27.907,49.096,46.596,-4.0404,-25.617,100.63,-25.617,-4.0404,46.596,49.096,27.907,26.052,-43.869,26.052,48.782,-4.9639,89.217,-93.782,-93.782,89.217,-4.9639,48.782,26.052,-43.869,-22.089,-109.44,49.096,111.97,-30.571,53.921,53.921,-30.571,111.97,49.096,-109.44,-22.089,-6.7724,-22.089,27.907,-13.922,-13.315,18.653,-60.137,18.653,-13.315,-13.922,27.907,-22.089,-6.7724,-22.089,27.907,-13.922,-13.315,18.653,-60.137,18.653,-13.315,-13.922,27.907,-22.089,-43.869,-22.089,-109.44,49.096,111.97,-30.571,53.921,53.921,-30.571,111.97,49.096,-109.44,-22.089,-43.869,26.052,48.782,-4.9639,89.217,-93.782,-93.782,89.217,-4.9639,48.782,26.052,-27.584,26.052,27.907,49.096,46.596,-4.0404,-25.617,100.63,-25.617,-4.0404,46.596,49.096,27.907,26.052,-27.584,86.815,-7.011,29.056,5.3749,-38.941,5.3749,29.056,-7.011,86.815,-48.491,86.815,48.782,-13.922,111.97,-4.0404,52.648,5.7059,5.7059,52.648,-4.0404,111.97,-13.922,48.782,86.815,-48.491,40.407,-52.393,53.506,38.206,38.206,53.506,-52.393,40.407,-14.878,40.407,-7.011,-4.9639,-13.315,-30.571,-25.617,5.7059,17.781,5.7059,-25.617,-30.571,-13.315,-4.9639,-7.011,40.407,-14.878,-22.157,-11.096,25.458,-10.053,25.458,-11.096,-22.157,-61.327,-22.157,-52.393,29.056,89.217,18.653,53.921,100.63,5.7059,5.7059,100.63,53.921,18.653,89.217,29.056,-52.393,-22.157,-61.327,137.14,42.989,90.12,90.12,42.989,137.14,-81.324,137.14,-11.096,53.506,5.3749,-93.782,-60.137,53.921,-25.617,52.648,-25.617,53.921,-60.137,-93.782,5.3749,53.506,-11.096,137.14,-81.324,-130.18,0.010538,63.63,0.010538,-130.18,-47.216,-130.18,42.989,25.458,38.206,-38.941,-93.782,18.653,-30.571,-4.0404,-4.0404,-30.571,18.653,-93.782,-38.941,38.206,25.458,42.989,-130.18,-47.216,-116.38,36.577,36.577,-116.38,-58.191,-116.38,0.010538,90.12,-10.053,38.206,5.3749,89.217,-13.315,111.97,46.596,111.97,-13.315,89.217,5.3749,38.206,-10.053,90.12,0.010538,-116.38,-58.191,55.063,13.824,55.063,-26.564,55.063,36.577,63.63,90.12,25.458,53.506,29.056,-4.9639,-13.922,49.096,49.096,-13.922,-4.9639,29.056,53.506,25.458,90.12,63.63,36.577,55.063,-26.564,-89.151,-89.151,-49.015,-89.151,13.824,36.577,0.010538,42.989,-11.096,-52.393,-7.011,48.782,27.907,-109.44,27.907,48.782,-7.011,-52.393,-11.096,42.989,0.010538,36.577,13.824,-89.151,-49.015,93.722,-71.504,93.722,-89.151,55.063,-116.38,-130.18,137.14,-22.157,40.407,86.815,26.052,-22.089,-22.089,26.052,86.815,40.407,-22.157,137.14,-130.18,-116.38,55.063,-89.151,93.722,-71.504
0,-2.8919e-16,4.0495e-16,7.3594e-17,1.1019e-16,9.8116e-16,-3.3245e-16,1.8536e-17,2.3139e-16,-1.391e-16,2.9664e-16,-4.4356e-16,0,4.4356e-16,-2.9664e-16,1.391e-16,-2.3139e-16,-1.8536e-17,3.3245e-16,-9.8116e-16,-1.1019e-16,-7.3594e-17,-4.0495e-16,2.8919e-16,2.8919e-16,0,-101.25,3.6273,90.269,3.1468,54.054,121.46,5.6601,69.548,15.642,80.409,-29.803,-29.803,80.409,15.642,69.548,5.6601,121.46,54.054,3.1468,90.269,3.6273,-101.25,-4.0495e-16,101.25,0,3.6273,-109.89,-6.2985,124.28,-49.562,35.18,60.944,17.822,113.62,-7.6989,13.05,-7.6989,113.62,17.822,60.944,35.18,-49.562,124.28,-6.2985,-109.89,3.6273,-7.3594e-17,-3.6273,-3.6273,0,90.269,-6.2985,0.99612,-34.57,16.022,-33.112,-62.272,-23.548,6.7637,21.833,21.833,6.7637,-23.548,-62.272,-33.112,16.022,-34.57,0.99612,-6.2985,90.269,-1.1019e-16,-90.269,109.89,-90.269,0,3.1468,124.28,-34.57,20.207,11.569,-106.45,-71.327,-5.6447,-30.214,50.797,-30.214,-5.6447,-71.327,-106.45,11.569,20.207,-34.57,124.28,3.1468,-9.8116e-16,-3.1468,6.2985,6.2985,-3.1468,0,54.054,-49.562,16.022,11.569,-69.683,-7.1618,-27.833,-23.35,-36.531,-36.531,-23.35,-27.833,-7.1618,-69.683,11.569,16.022,-49.562,54.054,3.3245e-16,-54.054,-124.28,-0.99612,-124.28,-54.054,0,121.46,35.18,-33.112,-106.45,-7.1618,-11.125,-42.369,11.655,-49.984,11.655,-42.369,-11.125,-7.1618,-106.45,-33.112,35.18,121.46,-1.8536e-17,-121.46,49.562,34.57,34.57,49.562,-121.46,0,5.6601,60.944,-62.272,-71.327,-27.833,-42.369,2.9905,-19.717,-19.717,2.9905,-42.369,-27.833,-71.327,-62.272,60.944,5.6601,-2.3139e-16,-5.6601,-35.18,-16.022,-20.207,-16.022,-35.18,-5.6601,0,69.548,17.822,-23.548,-5.6447,-23.35,11.655,-19.717,3.526,-19.717,11.655,-23.35,-5.6447,-23.548,17.822,69.548,1.391e-16,-69.548,-60.944,33.112,-11.569,-11.569,33.112,-60.944,-69.548,0,15.642,113.62,6.7637,-30.214,-36.531,-49.984,-19.717,-19.717,-49.984,-36.531,-30.214,6.7637,113.62,15.642,-2.9664e-16,-15.642,-17.822,62.272,106.45,69.683,106.45,62.272,-17.822,-15.642,0,80.409,-7.6989,21.833,50.797,-36.531,11.655,2.9905,11.655,-36.531,50.797,21.833,-7.6989,80.409,4.4356e-16,-80.409,-113.62,23.548,71.327,7.1618,7.1618,71.327,23.548,-113.62,-80.409,0,-29.803,13.05,21.833,-30.214,-23.35,-42.369,-42.369,-23.35,-30.214,21.833,13.05,-29.803,0,29.803,7.6989,-6.7637,5.6447,27.833,11.125,27.833,5.6447,-6.7637,7.6989,29.803,0,-29.803,-7.6989,6.7637,-5.6447,-27.833,-11.125,-27.833,-5.6447,6.7637,-7.6989,-29.803,-4.4356e-16,29.803,-13.05,-21.833,30.214,23.35,42.369,42.369,23.35,30.214,-21.833,-13.05,29.803,0,80.409,113.62,-23.548,-71.327,-7.1618,-7.1618,-71.327,-23.548,113.62,80.409,2.9664e-16,-80.409,7.6989,-21.833,-50.797,36.531,-11.655,-2.9905,-11.655,36.531,-50.797,-21.833,7.6989,-80.409,0,15.642,17.822,-62.272,-106.45,-69.683,-106.45,-62.272,17.822,15.642,-1.391e-16,-15.642,-113.62,-6.7637,30.214,36.531,49.984,19.717,19.717,49.984,36.531,30.214,-6.7637,-113.62,-15.642,0,69.548,60.944,-33.112,11.569,11.569,-33.112,60.944,69.548,2.3139e-16,-69.548,-17.822,23.548,5.6447,23.35,-11.655,19.717,-3.526,19.717,-11.655,23.35,5.6447,23.548,-17.822,-69.548,0,5.6601,35.18,16.022,20.207,16.022,35.18,5.6601,1.8536e-17,-5.6601,-60.944,62.272,71.327,27.833,42.369,-2.9905,19.717,19.717,-2.9905,42.369,27.833,71.327,62.272,-60.944,-5.6601,0,121.46,-49.562,-34.57,-34.57,-49.562,121.46,-3.3245e-16,-121.46,-35.18,33.112,106.45,7.1618,11.125,42.369,-11.655,49.984,-11.655,42.369,11.125,7.1618,106.45,33.112,-35.18,-121.46,0,54.054,124.28,0.99612,124.28,54.054,9.8116e-16,-54.054,49.562,-16.022,-11.569,69.683,7.1618,27.833,23.35,36.531,36.531,23.35,27.833,7.1618,69.683,-11.569,-16.022,49.562,-54.054,0,3.1468,-6.2985,-6.2985,3.1468,1.1019e-16,-3.1468,-124.28,34.57,-20.207,-11.569,106.45,71.327,5.6447,30.214,-50.797,30.214,5.6447,71.327,106.45,-11.569,-20.207,34.57,-124.28,-3.1468,0,90.269,-109.89,90.269,7.3594e-17,-90.269,6.2985,-0.99612,34.57,-16.022,33.112,62.272,23.548,-6.7637,-21.833,-21.833,-6.7637,23.548,62.272,33.112,-16.022,34.57,-0.99612,6.2985,-90.269,0,3.6273,3.6273,4.0495e-16,-3.6273,109.89,6.2985,-124.28,49.562,-35.18,-60.944,-17.822,-113.62,7.6989,-13.05,7.6989,-113.62,-17.822,-60.944,-35.18,49.562,-124.28,6.2985,109.89,-3.6273,0,-101.25,-2.8919e-16,101.25,-3.6273,-90.269,-3.1468,-54.054,-121.46,-5.6601,-69.548,-15.642,-80.409,29.803,29.803,-80.409,-15.642,-69.548,-5.6601,-121.46,-54.054,-3.1468,-90.269,-3.6273,101.25,0
