162.98,48.457,85.29,31.419,161,192.34,86.148,106.76,231.26,34.488,12.836,175.04,74.08,175.04,12.836,34.488,231.26,106.76,86.148,192.34,161,31.419,85.29,48.457,48.457,48.457,-13.471,1.7746,-20.73,85.178,141.81,71.36,-92.804,71.716,47.046,125.29,-3.6445,-3.6445,125.29,47.046,71.716,-92.804,71.36,141.81,85.178,-20.73,1.7746,-13.471,85.29,-13.471,85.29,1.7746,-80.578,-54.361,-89.41,-89.571,107.78,43.515,55.12,77.952,-48.936,17.57,-48.936,77.952,55.12,43.515,107.78,-89.571,-89.41,-54.361,-80.578,1.7746,31.419,1.7746,1.7746,31.419,-20.73,-54.361,-37.648,-43.659,76.155,-30.643,86.475,93.625,41.516,-122.42,-122.42,41.516,93.625,86.475,-30.643,76.155,-43.659,-37.648,-54.361,-20.73,161,-20.73,-80.578,-20.73,161,85.178,-89.41,-43.659,97.948,112.82,-43.783,-151.24,121.17,99.842,193.52,99.842,121.17,-151.24,-43.783,112.82,97.948,-43.659,-89.41,85.178,192.34,85.178,-54.361,-54.361,85.178,192.34,141.81,-89.571,76.155,112.82,-19.649,-187.08,-68.518,70.498,-13.769,-13.769,70.498,-68.518,-187.08,-19.649,112.82,76.155,-89.571,141.81,86.148,141.81,-89.41,-37.648,-89.41,141.81,86.148,71.36,107.78,-30.643,-43.783,-187.08,4.5106,79.461,76.733,-98.738,76.733,79.461,4.5106,-187.08,-43.783,-30.643,107.78,71.36,106.76,71.36,-89.571,-43.659,-43.659,-89.571,71.36,106.76,-92.804,43.515,86.475,-151.24,-68.518,79.461,-21.01,-59.165,-59.165,-21.01,79.461,-68.518,-151.24,86.475,43.515,-92.804,231.26,-92.804,107.78,76.155,97.948,76.155,107.78,-92.804,231.26,71.716,55.12,93.625,121.17,70.498,76.733,-59.165,252.53,-59.165,76.733,70.498,121.17,93.625,55.12,71.716,34.488,71.716,43.515,-30.643,112.82,112.82,-30.643,43.515,71.716,34.488,47.046,77.952,41.516,99.842,-13.769,-98.738,-59.165,-59.165,-98.738,-13.769,99.842,41.516,77.952,47.046,12.836,47.046,55.12,86.475,-43.783,-19.649,-43.783,86.475,55.12,47.046,12.836,125.29,-48.936,-122.42,193.52,-13.769,76.733,-21.01,76.733,-13.769,193.52,-122.42,-48.936,125.29,175.04,125.29,77.952,93.625,-151.24,-187.08,-187.08,-151.24,93.625,77.952,125.29,175.04,-3.6445,17.57,-122.42,99.842,70.498,79.461,79.461,70.498,99.842,-122.42,17.57,-3.6445,74.08,-3.6445,-48.936,41.516,121.17,-68.518,4.5106,-68.518,121.17,41.516,-48.936,-3.6445,74.08,-3.6445,-48.936,41.516,121.17,-68.518,4.5106,-68.518,121.17,41.516,-48.936,-3.6445,175.04,-3.6445,17.57,-122.42,99.842,70.498,79.461,79.461,70.498,99.842,-122.42,17.57,-3.6445,175.04,125.29,77.952,93.625,-151.24,-187.08,-187.08,-151.24,93.625,77.952,125.29,12.836,125.29,-48.936,-122.42,193.52,-13.769,76.733,-21.01,76.733,-13.769,193.52,-122.42,-48.936,125.29,12.836,47.046,55.12,86.475,-43.783,-19.649,-43.783,86.475,55.12,47.046,34.488,47.046,77.952,41.516,99.842,-13.769,-98.738,-59.165,-59.165,-98.738,-13.769,99.842,41.516,77.952,47.046,34.488,71.716,43.515,-30.643,112.82,112.82,-30.643,43.515,71.716,231.26,71.716,55.12,93.625,121.17,70.498,76.733,-59.165,252.53,-59.165,76.733,70.498,121.17,93.625,55.12,71.716,231.26,-92.804,107.78,76.155,97.948,76.155,107.78,-92.804,106.76,-92.804,43.515,86.475,-151.24,-68.518,79.461,-21.01,-59.165,-59.165,-21.01,79.461,-68.518,-151.24,86.475,43.515,-92.804,106.76,71.36,-89.571,-43.659,-43.659,-89.571,71.36,86.148,71.36,107.78,-30.643,-43.783,-187.08,4.5106,79.461,76.733,-98.738,76.733,79.461,4.5106,-187.08,-43.783,-30.643,107.78,71.36,86.148,141.81,-89.41,-37.648,-89.41,141.81,192.34,141.81,-89.571,76.155,112.82,-19.649,-187.08,-68.518,70.498,-13.769,-13.769,70.498,-68.518,-187.08,-19.649,112.82,76.155,-89.571,141.81,192.34,85.178,-54.361,-54.361,85.178,161,85.178,-89.41,-43.659,97.948,112.82,-43.783,-151.24,121.17,99.842,193.52,99.842,121.17,-151.24,-43.783,112.82,97.948,-43.659,-89.41,85.178,161,-20.73,-80.578,-20.73,31.419,-20.73,-54.361,-37.648,-43.659,76.155,-30.643,86.475,93.625,41.516,-122.42,-122.42,41.516,93.625,86.475,-30.643,76.155,-43.659,-37.648,-54.361,-20.73,31.419,1.7746,1.7746,85.29,1.7746,-80.578,-54.361,-89.41,-89.571,107.78,43.515,55.12,77.952,-48.936,17.57,-48.936,77.952,55.12,43.515,107.78,-89.571,-89.41,-54.361,-80.578,1.7746,85.29,-13.471,48.457,-13.471,1.7746,-20.73,85.178,141.81,71.36,-92.804,71.716,47.046,125.29,-3.6445,-3.6445,125.29,47.046,71.716,-92.804,71.36,141.81,85.178,-20.73,1.7746,-13.471,48.457
0,1.2219e-15,-5.3825e-16,7.0286e-16,-2.3091e-15,2.296e-15,4.4572e-16,-2.9137e-15,-4.7263e-15,-1.0399e-15,-1.1057e-15,1.0561e-15,0,-1.0561e-15,1.1057e-15,1.0399e-15,4.7263e-15,2.9137e-15,-4.4572e-16,-2.296e-15,2.3091e-15,-7.0286e-16,5.3825e-16,-1.2219e-15,-1.2219e-15,0,7.1834,-26.544,39.744,-91.562,25.175,-109.75,-87.498,-32.508,108.43,-89.439,29.999,29.999,-89.439,108.43,-32.508,-87.498,-109.75,25.175,-91.562,39.744,-26.544,7.1834,5.3825e-16,-7.1834,0,-26.544,-8.0718,-6.8761,60.326,61.273,-10.137,38.498,50.303,-46.721,59.527,-122.39,59.527,-46.721,50.303,38.498,-10.137,61.273,60.326,-6.8761,-8.0718,-26.544,-7.0286e-16,26.544,26.544,0,39.744,-6.8761,-58.943,15.569,64.524,-9.4396,-19.934,17.451,50.68,-45.811,-45.811,50.68,17.451,-19.934,-9.4396,64.524,15.569,-58.943,-6.8761,39.744,2.3091e-15,-39.744,8.0718,-39.744,0,-91.562,60.326,15.569,-182.63,-34.147,58.114,101.88,-36.287,101.25,5.2954,101.25,-36.287,101.88,58.114,-34.147,-182.63,15.569,60.326,-91.562,-2.296e-15,91.562,6.8761,6.8761,91.562,0,25.175,61.273,64.524,-34.147,-120.1,70.561,-72.505,232.93,-27.027,-27.027,232.93,-72.505,70.561,-120.1,-34.147,64.524,61.273,25.175,-4.4572e-16,-25.175,-60.326,58.943,-60.326,-25.175,0,-109.75,-10.137,-9.4396,58.114,70.561,27.557,-152.34,4.0448,-110.75,4.0448,-152.34,27.557,70.561,58.114,-9.4396,-10.137,-109.75,2.9137e-15,109.75,-61.273,-15.569,-15.569,-61.273,109.75,0,-87.498,38.498,-19.934,101.88,-72.505,-152.34,24.277,-96.976,-96.976,24.277,-152.34,-72.505,101.88,-19.934,38.498,-87.498,4.7263e-15,87.498,10.137,-64.524,182.63,-64.524,10.137,87.498,0,-32.508,50.303,17.451,-36.287,232.93,4.0448,-96.976,113.71,-96.976,4.0448,232.93,-36.287,17.451,50.303,-32.508,1.0399e-15,32.508,-38.498,9.4396,34.147,34.147,9.4396,-38.498,32.508,0,108.43,-46.721,50.68,101.25,-27.027,-110.75,-96.976,-96.976,-110.75,-27.027,101.25,50.68,-46.721,108.43,1.1057e-15,-108.43,-50.303,19.934,-58.114,120.1,-58.114,19.934,-50.303,-108.43,0,-89.439,59.527,-45.811,5.2954,-27.027,4.0448,24.277,4.0448,-27.027,5.2954,-45.811,59.527,-89.439,-1.0561e-15,89.439,46.721,-17.451,-101.88,-70.561,-70.561,-101.88,-17.451,46.721,89.439,0,29.999,-122.39,-45.811,101.25,232.93,-152.34,-152.34,232.93,101.25,-45.811,-122.39,29.999,0,-29.999,-59.527,-50.68,36.287,72.505,-27.557,72.505,36.287,-50.68,-59.527,-29.999,0,29.999,59.527,50.68,-36.287,-72.505,27.557,-72.505,-36.287,50.68,59.527,29.999,1.0561e-15,-29.999,122.39,45.811,-101.25,-232.93,152.34,152.34,-232.93,-101.25,45.811,122.39,-29.999,0,-89.439,-46.721,17.451,101.88,70.561,70.561,101.88,17.451,-46.721,-89.439,-1.1057e-15,89.439,-59.527,45.811,-5.2954,27.027,-4.0448,-24.277,-4.0448,27.027,-5.2954,45.811,-59.527,89.439,0,108.43,50.303,-19.934,58.114,-120.1,58.114,-19.934,50.303,108.43,-1.0399e-15,-108.43,46.721,-50.68,-101.25,27.027,110.75,96.976,96.976,110.75,27.027,-101.25,-50.68,46.721,-108.43,0,-32.508,38.498,-9.4396,-34.147,-34.147,-9.4396,38.498,-32.508,-4.7263e-15,32.508,-50.303,-17.451,36.287,-232.93,-4.0448,96.976,-113.71,96.976,-4.0448,-232.93,36.287,-17.451,-50.303,32.508,0,-87.498,-10.137,64.524,-182.63,64.524,-10.137,-87.498,-2.9137e-15,87.498,-38.498,19.934,-101.88,72.505,152.34,-24.277,96.976,96.976,-24.277,152.34,72.505,-101.88,19.934,-38.498,87.498,0,-109.75,61.273,15.569,15.569,61.273,-109.75,4.4572e-16,109.75,10.137,9.4396,-58.114,-70.561,-27.557,152.34,-4.0448,110.75,-4.0448,152.34,-27.557,-70.561,-58.114,9.4396,10.137,109.75,0,25.175,60.326,-58.943,60.326,25.175,2.296e-15,-25.175,-61.273,-64.524,34.147,120.1,-70.561,72.505,-232.93,27.027,27.027,-232.93,72.505,-70.561,120.1,34.147,-64.524,-61.273,-25.175,0,-91.562,-6.8761,-6.8761,-91.562,-2.3091e-15,91.562,-60.326,-15.569,182.63,34.147,-58.114,-101.88,36.287,-101.25,-5.2954,-101.25,36.287,-101.88,-58.114,34.147,182.63,-15.569,-60.326,91.562,0,39.744,-8.0718,39.744,7.0286e-16,-39.744,6.8761,58.943,-15.569,-64.524,9.4396,19.934,-17.451,-50.68,45.811,45.811,-50.68,-17.451,19.934,9.4396,-64.524,-15.569,58.943,6.8761,-39.744,0,-26.544,-26.544,-5.3825e-16,26.544,8.0718,6.8761,-60.326,-61.273,10.137,-38.498,-50.303,46.721,-59.527,122.39,-59.527,46.721,-50.303,-38.498,10.137,-61.273,-60.326,6.8761,8.0718,26.544,0,7.1834,1.2219e-15,-7.1834,26.544,-39.744,91.562,-25.175,109.75,87.498,32.508,-108.43,89.439,-29.999,-29.999,89.439,-108.43,32.508,87.498,109.75,-25.175,91.562,-39.744,26.544,-7.1834,0
