55.785,126.69,148.48,0.40218,18.643,7.8514,67.689,217.42,9.3345,36.428,94.752,90.992,12.478,90.992,94.752,36.428,9.3345,217.42,67.689,7.8514,18.643,0.40218,148.48,126.69,126.69,126.69,-25.465,3.6974,-4.1136,1.0821,-26.3,85.32,-44.341,-11.296,-12.131,77.708,33.694,33.694,77.708,-12.131,-11.296,-44.341,85.32,-26.3,1.0821,-4.1136,3.6974,-25.465,148.48,-25.465,148.48,3.6974,53.545,-2.0969,-36.657,-15.388,-1.5986,-21.85,-26.931,65.227,2.8974,103.75,2.8974,65.227,-26.931,-21.85,-1.5986,-15.388,-36.657,-2.0969,53.545,3.6974,0.40218,3.6974,3.6974,0.40218,-4.1136,-2.0969,-0.4758,4.2032,0.22615,-5.6598,-3.2441,0.037459,-0.82651,5.28,5.28,-0.82651,0.037459,-3.2441,-5.6598,0.22615,4.2032,-0.4758,-2.0969,-4.1136,18.643,-4.1136,53.545,-4.1136,18.643,1.0821,-36.657,4.2032,-3.3721,-7.1614,56.21,-67.744,-4.9558,39.184,-63.7,39.184,-4.9558,-67.744,56.21,-7.1614,-3.3721,4.2032,-36.657,1.0821,7.8514,1.0821,-2.0969,-2.0969,1.0821,7.8514,-26.3,-15.388,0.22615,-7.1614,15.749,27.79,3.4423,11.34,-12.886,-12.886,11.34,3.4423,27.79,15.749,-7.1614,0.22615,-15.388,-26.3,67.689,-26.3,-36.657,-0.4758,-36.657,-26.3,67.689,85.32,-1.5986,-5.6598,56.21,27.79,-79.997,70.043,15.094,42.955,15.094,70.043,-79.997,27.79,56.21,-5.6598,-1.5986,85.32,217.42,85.32,-15.388,4.2032,4.2032,-15.388,85.32,217.42,-44.341,-21.85,-3.2441,-67.744,3.4423,70.043,-73.447,-6.424,-6.424,-73.447,70.043,3.4423,-67.744,-3.2441,-21.85,-44.341,9.3345,-44.341,-1.5986,0.22615,-3.3721,0.22615,-1.5986,-44.341,9.3345,-11.296,-26.931,0.037459,-4.9558,11.34,15.094,-6.424,-2.1666,-6.424,15.094,11.34,-4.9558,0.037459,-26.931,-11.296,36.428,-11.296,-21.85,-5.6598,-7.1614,-7.1614,-5.6598,-21.85,-11.296,36.428,-12.131,65.227,-0.82651,39.184,-12.886,42.955,-6.424,-6.424,42.955,-12.886,39.184,-0.82651,65.227,-12.131,94.752,-12.131,-26.931,-3.2441,56.21,15.749,56.21,-3.2441,-26.931,-12.131,94.752,77.708,2.8974,5.28,-63.7,-12.886,15.094,-73.447,15.094,-12.886,-63.7,5.28,2.8974,77.708,90.992,77.708,65.227,0.037459,-67.744,27.79,27.79,-67.744,0.037459,65.227,77.708,90.992,33.694,103.75,5.28,39.184,11.34,70.043,70.043,11.34,39.184,5.28,103.75,33.694,12.478,33.694,2.8974,-0.82651,-4.9558,3.4423,-79.997,3.4423,-4.9558,-0.82651,2.8974,33.694,12.478,33.694,2.8974,-0.82651,-4.9558,3.4423,-79.997,3.4423,-4.9558,-0.82651,2.8974,33.694,90.992,33.694,103.75,5.28,39.184,11.34,70.043,70.043,11.34,39.184,5.28,103.75,33.694,90.992,77.708,65.227,0.037459,-67.744,27.79,27.79,-67.744,0.037459,65.227,77.708,94.752,77.708,2.8974,5.28,-63.7,-12.886,15.094,-73.447,15.094,-12.886,-63.7,5.28,2.8974,77.708,94.752,-12.131,-26.931,-3.2441,56.21,15.749,56.21,-3.2441,-26.931,-12.131,36.428,-12.131,65.227,-0.82651,39.184,-12.886,42.955,-6.424,-6.424,42.955,-12.886,39.184,-0.82651,65.227,-12.131,36.428,-11.296,-21.85,-5.6598,-7.1614,-7.1614,-5.6598,-21.85,-11.296,9.3345,-11.296,-26.931,0.037459,-4.9558,11.34,15.094,-6.424,-2.1666,-6.424,15.094,11.34,-4.9558,0.037459,-26.931,-11.296,9.3345,-44.341,-1.5986,0.22615,-3.3721,0.22615,-1.5986,-44.341,217.42,-44.341,-21.85,-3.2441,-67.744,3.4423,70.043,-73.447,-6.424,-6.424,-73.447,70.043,3.4423,-67.744,-3.2441,-21.85,-44.341,217.42,85.32,-15.388,4.2032,4.2032,-15.388,85.32,67.689,85.32,-1.5986,-5.6598,56.21,27.79,-79.997,70.043,15.094,42.955,15.094,70.043,-79.997,27.79,56.21,-5.6598,-1.5986,85.32,67.689,-26.3,-36.657,-0.4758,-36.657,-26.3,7.8514,-26.3,-15.388,0.22615,-7.1614,15.749,27.79,3.4423,11.34,-12.886,-12.886,11.34,3.4423,27.79,15.749,-7.1614,0.22615,-15.388,-26.3,7.8514,1.0821,-2.0969,-2.0969,1.0821,18.643,1.0821,-36.657,4.2032,-3.3721,-7.1614,56.21,-67.744,-4.9558,39.184,-63.7,39.184,-4.9558,-67.744,56.21,-7.1614,-3.3721,4.2032,-36.657,1.0821,18.643,-4.1136,53.545,-4.1136,0.40218,-4.1136,-2.0969,-0.4758,4.2032,0.22615,-5.6598,-3.2441,0.037459,-0.82651,5.28,5.28,-0.82651,0.037459,-3.2441,-5.6598,0.22615,4.2032,-0.4758,-2.0969,-4.1136,0.40218,3.6974,3.6974,148.48,3.6974,53.545,-2.0969,-36.657,-15.388,-1.5986,-21.85,-26.931,65.227,2.8974,103.75,2.8974,65.227,-26.931,-21.85,-1.5986,-15.388,-36.657,-2.0969,53.545,3.6974,148.48,-25.465,126.69,-25.465,3.6974,-4.1136,1.0821,-26.3,85.32,-44.341,-11.296,-12.131,77.708,33.694,33.694,77.708,-12.131,-11.296,-44.341,85.32,-26.3,1.0821,-4.1136,3.6974,-25.465,126.69
0,-2.4125e-15,-5.345e-15,-1.1539e-18,1.7079e-16,1.8725e-17,-1.4785e-16,-1.4813e-15,1.0586e-17,4.8411e-16,-1.7789e-15,-5.327e-16,0,5.327e-16,1.7789e-15,-4.8411e-16,-1.0586e-17,1.4813e-15,1.4785e-16,-1.8725e-17,-1.7079e-16,1.1539e-18,5.345e-15,2.4125e-15,2.4125e-15,0,-196.98,7.9672,0.25196,-18.092,-14.649,51.555,-11.078,-11.889,-7.6878,35.606,2.2069,2.2069,35.606,-7.6878,-11.889,-11.078,51.555,-14.649,-18.092,0.25196,7.9672,-196.98,5.345e-15,196.98,0,7.9672,-4.7568,1.2721,8.0632,-32.157,-9.2724,53.817,23.421,-33.318,-0.86434,93.649,-0.86434,-33.318,23.421,53.817,-9.2724,-32.157,8.0632,1.2721,-4.7568,7.9672,1.1539e-18,-7.9672,-7.9672,0,0.25196,1.2721,0.13187,5.1738,0.39404,0.8351,-4.427,1.9785,2.6978,4.0961,4.0961,2.6978,1.9785,-4.427,0.8351,0.39404,5.1738,0.13187,1.2721,0.25196,-1.7079e-16,-0.25196,4.7568,-0.25196,0,-18.092,8.0632,5.1738,-5.8524,-19.01,61.02,26.281,-8.4382,-16.617,-0.64741,-16.617,-8.4382,26.281,61.02,-19.01,-5.8524,5.1738,8.0632,-18.092,-1.8725e-17,18.092,-1.2721,-1.2721,18.092,0,-14.649,-32.157,0.39404,-19.01,-5.4677,-16.633,-28.037,-3.4004,-29.079,-29.079,-3.4004,-28.037,-16.633,-5.4677,-19.01,0.39404,-32.157,-14.649,1.4785e-16,14.649,-8.0632,-0.13187,-8.0632,14.649,0,51.555,-9.2724,0.8351,61.02,-16.633,74.542,142.72,-23.955,73.499,-23.955,142.72,74.542,-16.633,61.02,0.8351,-9.2724,51.555,1.4813e-15,-51.555,32.157,-5.1738,-5.1738,32.157,-51.555,0,-11.078,53.817,-4.427,26.281,-28.037,142.72,142.28,-1.0383,-1.0383,142.28,142.72,-28.037,26.281,-4.427,53.817,-11.078,-1.0586e-17,11.078,9.2724,-0.39404,5.8524,-0.39404,9.2724,11.078,0,-11.889,23.421,1.9785,-8.4382,-3.4004,-23.955,-1.0383,1.7324,-1.0383,-23.955,-3.4004,-8.4382,1.9785,23.421,-11.889,-4.8411e-16,11.889,-53.817,-0.8351,19.01,19.01,-0.8351,-53.817,11.889,0,-7.6878,-33.318,2.6978,-16.617,-29.079,73.499,-1.0383,-1.0383,73.499,-29.079,-16.617,2.6978,-33.318,-7.6878,1.7789e-15,7.6878,-23.421,4.427,-61.02,5.4677,-61.02,4.427,-23.421,7.6878,0,35.606,-0.86434,4.0961,-0.64741,-29.079,-23.955,142.28,-23.955,-29.079,-0.64741,4.0961,-0.86434,35.606,5.327e-16,-35.606,33.318,-1.9785,-26.281,16.633,16.633,-26.281,-1.9785,33.318,-35.606,0,2.2069,93.649,4.0961,-16.617,-3.4004,142.72,142.72,-3.4004,-16.617,4.0961,93.649,2.2069,0,-2.2069,0.86434,-2.6978,8.4382,28.037,-74.542,28.037,8.4382,-2.6978,0.86434,-2.2069,0,2.2069,-0.86434,2.6978,-8.4382,-28.037,74.542,-28.037,-8.4382,2.6978,-0.86434,2.2069,-5.327e-16,-2.2069,-93.649,-4.0961,16.617,3.4004,-142.72,-142.72,3.4004,16.617,-4.0961,-93.649,-2.2069,0,35.606,-33.318,1.9785,26.281,-16.633,-16.633,26.281,1.9785,-33.318,35.606,-1.7789e-15,-35.606,0.86434,-4.0961,0.64741,29.079,23.955,-142.28,23.955,29.079,0.64741,-4.0961,0.86434,-35.606,0,-7.6878,23.421,-4.427,61.02,-5.4677,61.02,-4.427,23.421,-7.6878,4.8411e-16,7.6878,33.318,-2.6978,16.617,29.079,-73.499,1.0383,1.0383,-73.499,29.079,16.617,-2.6978,33.318,7.6878,0,-11.889,53.817,0.8351,-19.01,-19.01,0.8351,53.817,-11.889,1.0586e-17,11.889,-23.421,-1.9785,8.4382,3.4004,23.955,1.0383,-1.7324,1.0383,23.955,3.4004,8.4382,-1.9785,-23.421,11.889,0,-11.078,-9.2724,0.39404,-5.8524,0.39404,-9.2724,-11.078,-1.4813e-15,11.078,-53.817,4.427,-26.281,28.037,-142.72,-142.28,1.0383,1.0383,-142.28,-142.72,28.037,-26.281,4.427,-53.817,11.078,0,51.555,-32.157,5.1738,5.1738,-32.157,51.555,-1.4785e-16,-51.555,9.2724,-0.8351,-61.02,16.633,-74.542,-142.72,23.955,-73.499,23.955,-142.72,-74.542,16.633,-61.02,-0.8351,9.2724,-51.555,0,-14.649,8.0632,0.13187,8.0632,-14.649,1.8725e-17,14.649,32.157,-0.39404,19.01,5.4677,16.633,28.037,3.4004,29.079,29.079,3.4004,28.037,16.633,5.4677,19.01,-0.39404,32.157,14.649,0,-18.092,1.2721,1.2721,-18.092,1.7079e-16,18.092,-8.0632,-5.1738,5.8524,19.01,-61.02,-26.281,8.4382,16.617,0.64741,16.617,8.4382,-26.281,-61.02,19.01,5.8524,-5.1738,-8.0632,18.092,0,0.25196,-4.7568,0.25196,-1.1539e-18,-0.25196,-1.2721,-0.13187,-5.1738,-0.39404,-0.8351,4.427,-1.9785,-2.6978,-4.0961,-4.0961,-2.6978,-1.9785,4.427,-0.8351,-0.39404,-5.1738,-0.13187,-1.2721,-0.25196,0,7.9672,7.9672,-5.345e-15,-7.9672,4.7568,-1.2721,-8.0632,32.157,9.2724,-53.817,-23.421,33.318,0.86434,-93.649,0.86434,33.318,-23.421,-53.817,9.2724,32.157,-8.0632,-1.2721,4.7568,-7.9672,0,-196.98,-2.4125e-15,196.98,-7.9672,-0.25196,18.092,14.649,-51.555,11.078,11.889,7.6878,-35.606,-2.2069,-2.2069,-35.606,7.6878,11.889,11.078,-51.555,14.649,18.092,-0.25196,-7.9672,196.98,0
