-84.042,-16.452,-21.157,-88.206,106.23,9.1276,-62.397,-63.247,-36.023,-85.762,10.216,-65.582,18.059,-65.582,10.216,-85.762,-36.023,-63.247,-62.397,9.1276,106.23,-88.206,-21.157,-16.452,-16.452,-16.452,-9.007,26.083,-40.743,131.49,-83.022,54.781,33.923,35.661,-9.979,6.4142,20.112,20.112,6.4142,-9.979,35.661,33.923,54.781,-83.022,131.49,-40.743,26.083,-9.007,-21.157,-9.007,-21.157,26.083,-26.208,27.571,7.4061,-6.0362,10.426,-33.482,0.57459,-39.854,-10.919,6.5659,-10.919,-39.854,0.57459,-33.482,10.426,-6.0362,7.4061,27.571,-26.208,26.083,-88.206,26.083,26.083,-88.206,-40.743,27.571,16.161,-5.214,-50.03,2.8941,3.185,-60.011,21.531,-19.812,-19.812,21.531,-60.011,3.185,2.8941,-50.03,-5.214,16.161,27.571,-40.743,106.23,-40.743,-26.208,-40.743,106.23,131.49,7.4061,-5.214,-72.581,-82.928,-49.301,-7.4517,22.904,-53.778,-27.898,-53.778,22.904,-7.4517,-49.301,-82.928,-72.581,-5.214,7.4061,131.49,9.1276,131.49,27.571,27.571,131.49,9.1276,-83.022,-6.0362,-50.03,-82.928,14.094,-14.73,-6.1421,-0.46968,-12.647,-12.647,-0.46968,-6.1421,-14.73,14.094,-82.928,-50.03,-6.0362,-83.022,-62.397,-83.022,7.4061,16.161,7.4061,-83.022,-62.397,54.781,10.426,2.8941,-49.301,-14.73,29.95,-36.426,-16.92,-100.18,-16.92,-36.426,29.95,-14.73,-49.301,2.8941,10.426,54.781,-63.247,54.781,-6.0362,-5.214,-5.214,-6.0362,54.781,-63.247,33.923,-33.482,3.185,-7.4517,-6.1421,-36.426,-10.119,-34.107,-34.107,-10.119,-36.426,-6.1421,-7.4517,3.185,-33.482,33.923,-36.023,33.923,10.426,-50.03,-72.581,-50.03,10.426,33.923,-36.023,35.661,0.57459,-60.011,22.904,-0.46968,-16.92,-34.107,14.828,-34.107,-16.92,-0.46968,22.904,-60.011,0.57459,35.661,-85.762,35.661,-33.482,2.8941,-82.928,-82.928,2.8941,-33.482,35.661,-85.762,-9.979,-39.854,21.531,-53.778,-12.647,-100.18,-34.107,-34.107,-100.18,-12.647,-53.778,21.531,-39.854,-9.979,10.216,-9.979,0.57459,3.185,-49.301,14.094,-49.301,3.185,0.57459,-9.979,10.216,6.4142,-10.919,-19.812,-27.898,-12.647,-16.92,-10.119,-16.92,-12.647,-27.898,-19.812,-10.919,6.4142,-65.582,6.4142,-39.854,-60.011,-7.4517,-14.73,-14.73,-7.4517,-60.011,-39.854,6.4142,-65.582,20.112,6.5659,-19.812,-53.778,-0.46968,-36.426,-36.426,-0.46968,-53.778,-19.812,6.5659,20.112,18.059,20.112,-10.919,21.531,22.904,-6.1421,29.95,-6.1421,22.904,21.531,-10.919,20.112,18.059,20.112,-10.919,21.531,22.904,-6.1421,29.95,-6.1421,22.904,21.531,-10.919,20.112,-65.582,20.112,6.5659,-19.812,-53.778,-0.46968,-36.426,-36.426,-0.46968,-53.778,-19.812,6.5659,20.112,-65.582,6.4142,-39.854,-60.011,-7.4517,-14.73,-14.73,-7.4517,-60.011,-39.854,6.4142,10.216,6.4142,-10.919,-19.812,-27.898,-12.647,-16.92,-10.119,-16.92,-12.647,-27.898,-19.812,-10.919,6.4142,10.216,-9.979,0.57459,3.185,-49.301,14.094,-49.301,3.185,0.57459,-9.979,-85.762,-9.979,-39.854,21.531,-53.778,-12.647,-100.18,-34.107,-34.107,-100.18,-12.647,-53.778,21.531,-39.854,-9.979,-85.762,35.661,-33.482,2.8941,-82.928,-82.928,2.8941,-33.482,35.661,-36.023,35.661,0.57459,-60.011,22.904,-0.46968,-16.92,-34.107,14.828,-34.107,-16.92,-0.46968,22.904,-60.011,0.57459,35.661,-36.023,33.923,10.426,-50.03,-72.581,-50.03,10.426,33.923,-63.247,33.923,-33.482,3.185,-7.4517,-6.1421,-36.426,-10.119,-34.107,-34.107,-10.119,-36.426,-6.1421,-7.4517,3.185,-33.482,33.923,-63.247,54.781,-6.0362,-5.214,-5.214,-6.0362,54.781,-62.397,54.781,10.426,2.8941,-49.301,-14.73,29.95,-36.426,-16.92,-100.18,-16.92,-36.426,29.95,-14.73,-49.301,2.8941,10.426,54.781,-62.397,-83.022,7.4061,16.161,7.4061,-83.022,9.1276,-83.022,-6.0362,-50.03,-82.928,14.094,-14.73,-6.1421,-0.46968,-12.647,-12.647,-0.46968,-6.1421,-14.73,14.094,-82.928,-50.03,-6.0362,-83.022,9.1276,131.49,27.571,27.571,131.49,106.23,131.49,7.4061,-5.214,-72.581,-82.928,-49.301,-7.4517,22.904,-53.778,-27.898,-53.778,22.904,-7.4517,-49.301,-82.928,-72.581,-5.214,7.4061,131.49,106.23,-40.743,-26.208,-40.743,-88.206,-40.743,27.571,16.161,-5.214,-50.03,2.8941,3.185,-60.011,21.531,-19.812,-19.812,21.531,-60.011,3.185,2.8941,-50.03,-5.214,16.161,27.571,-40.743,-88.206,26.083,26.083,-21.157,26.083,-26.208,27.571,7.4061,-6.0362,10.426,-33.482,0.57459,-39.854,-10.919,6.5659,-10.919,-39.854,0.57459,-33.482,10.426,-6.0362,7.4061,27.571,-26.208,26.083,-21.157,-9.007,-16.452,-9.007,26.083,-40.743,131.49,-83.022,54.781,33.923,35.661,-9.979,6.4142,20.112,20.112,6.4142,-9.979,35.661,33.923,54.781,-83.022,131.49,-40.743,26.083,-9.007,-16.452
0,-3.3139e-16,4.423e-16,5.4939e-16,-1.468e-15,7.4457e-16,-3.4417e-15,1.787e-15,-6.3212e-16,1.838e-15,-1.8311e-16,-1.5088e-16,0,1.5088e-16,1.8311e-16,-1.838e-15,6.3212e-16,-1.787e-15,3.4417e-15,-7.4457e-16,1.468e-15,-5.4939e-16,-4.423e-16,3.3139e-16,3.3139e-16,0,63.244,-16.617,-29.467,-98.978,-36.355,3.206,20.34,-54.695,-13.838,-39.693,16.934,16.934,-39.693,-13.838,-54.695,20.34,3.206,-36.355,-98.978,-29.467,-16.617,63.244,-4.423e-16,-63.244,0,-16.617,-25.056,24.299,44.065,29.245,-28.991,-29.432,6.4405,20.089,-14.898,-46.317,-14.898,20.089,6.4405,-29.432,-28.991,29.245,44.065,24.299,-25.056,-16.617,-5.4939e-16,16.617,16.617,0,-29.467,24.299,-86.595,-3.8937,10.098,-91.842,-12.957,-1.1678,12.678,-14.475,-14.475,12.678,-1.1678,-12.957,-91.842,10.098,-3.8937,-86.595,24.299,-29.467,1.468e-15,29.467,25.056,29.467,0,-98.978,44.065,-3.8937,-90.747,-10.89,-28.226,12.713,43.494,7.5909,-50.409,7.5909,43.494,12.713,-28.226,-10.89,-90.747,-3.8937,44.065,-98.978,-7.4457e-16,98.978,-24.299,-24.299,98.978,0,-36.355,29.245,10.098,-10.89,66.506,50.107,-9.1547,47.81,28.345,28.345,47.81,-9.1547,50.107,66.506,-10.89,10.098,29.245,-36.355,3.4417e-15,36.355,-44.065,86.595,-44.065,36.355,0,3.206,-28.991,-91.842,-28.226,50.107,10.527,-49.151,0.010429,4.6568,0.010429,-49.151,10.527,50.107,-28.226,-91.842,-28.991,3.206,-1.787e-15,-3.206,-29.245,3.8937,3.8937,-29.245,-3.206,0,20.34,-29.432,-12.957,12.713,-9.1547,-49.151,6.1593,42.869,42.869,6.1593,-49.151,-9.1547,12.713,-12.957,-29.432,20.34,6.3212e-16,-20.34,28.991,-10.098,90.747,-10.098,28.991,-20.34,0,-54.695,6.4405,-1.1678,43.494,47.81,0.010429,42.869,17.233,42.869,0.010429,47.81,43.494,-1.1678,6.4405,-54.695,-1.838e-15,54.695,29.432,91.842,10.89,10.89,91.842,29.432,54.695,0,-13.838,20.089,12.678,7.5909,28.345,4.6568,42.869,42.869,4.6568,28.345,7.5909,12.678,20.089,-13.838,1.8311e-16,13.838,-6.4405,12.957,28.226,-66.506,28.226,12.957,-6.4405,13.838,0,-39.693,-14.898,-14.475,-50.409,28.345,0.010429,6.1593,0.010429,28.345,-50.409,-14.475,-14.898,-39.693,1.5088e-16,39.693,-20.089,1.1678,-12.713,-50.107,-50.107,-12.713,1.1678,-20.089,39.693,0,16.934,-46.317,-14.475,7.5909,47.81,-49.151,-49.151,47.81,7.5909,-14.475,-46.317,16.934,0,-16.934,14.898,-12.678,-43.494,9.1547,-10.527,9.1547,-43.494,-12.678,14.898,-16.934,0,16.934,-14.898,12.678,43.494,-9.1547,10.527,-9.1547,43.494,12.678,-14.898,16.934,-1.5088e-16,-16.934,46.317,14.475,-7.5909,-47.81,49.151,49.151,-47.81,-7.5909,14.475,46.317,-16.934,0,-39.693,20.089,-1.1678,12.713,50.107,50.107,12.713,-1.1678,20.089,-39.693,-1.8311e-16,39.693,14.898,14.475,50.409,-28.345,-0.010429,-6.1593,-0.010429,-28.345,50.409,14.475,14.898,39.693,0,-13.838,6.4405,-12.957,-28.226,66.506,-28.226,-12.957,6.4405,-13.838,1.838e-15,13.838,-20.089,-12.678,-7.5909,-28.345,-4.6568,-42.869,-42.869,-4.6568,-28.345,-7.5909,-12.678,-20.089,13.838,0,-54.695,-29.432,-91.842,-10.89,-10.89,-91.842,-29.432,-54.695,-6.3212e-16,54.695,-6.4405,1.1678,-43.494,-47.81,-0.010429,-42.869,-17.233,-42.869,-0.010429,-47.81,-43.494,1.1678,-6.4405,54.695,0,20.34,-28.991,10.098,-90.747,10.098,-28.991,20.34,1.787e-15,-20.34,29.432,12.957,-12.713,9.1547,49.151,-6.1593,-42.869,-42.869,-6.1593,49.151,9.1547,-12.713,12.957,29.432,-20.34,0,3.206,29.245,-3.8937,-3.8937,29.245,3.206,-3.4417e-15,-3.206,28.991,91.842,28.226,-50.107,-10.527,49.151,-0.010429,-4.6568,-0.010429,49.151,-10.527,-50.107,28.226,91.842,28.991,-3.206,0,-36.355,44.065,-86.595,44.065,-36.355,7.4457e-16,36.355,-29.245,-10.098,10.89,-66.506,-50.107,9.1547,-47.81,-28.345,-28.345,-47.81,9.1547,-50.107,-66.506,10.89,-10.098,-29.245,36.355,0,-98.978,24.299,24.299,-98.978,-1.468e-15,98.978,-44.065,3.8937,90.747,10.89,28.226,-12.713,-43.494,-7.5909,50.409,-7.5909,-43.494,-12.713,28.226,10.89,90.747,3.8937,-44.065,98.978,0,-29.467,-25.056,-29.467,5.4939e-16,29.467,-24.299,86.595,3.8937,-10.098,91.842,12.957,1.1678,-12.678,14.475,14.475,-12.678,1.1678,12.957,91.842,-10.098,3.8937,86.595,-24.299,29.467,0,-16.617,-16.617,4.423e-16,16.617,25.056,-24.299,-44.065,-29.245,28.991,29.432,-6.4405,-20.089,14.898,46.317,14.898,-20.089,-6.4405,29.432,28.991,-29.245,-44.065,-24.299,25.056,16.617,0,63.244,-3.3139e-16,-63.244,16.617,29.467,98.978,36.355,-3.206,-20.34,54.695,13.838,39.693,-16.934,-16.934,39.693,13.838,54.695,-20.34,-3.206,36.355,98.978,29.467,16.617,-63.244,0
