-36.053,-17.268,-8.5474,-6.2411,-20.216,-60.085,18.283,-8.4013,-9.0229,1.6133,14.975,-20.105,-0.87485,-20.105,14.975,1.6133,-9.0229,-8.4013,18.283,-60.085,-20.216,-6.2411,-8.5474,-17.268,-17.268,-17.268,-11.049,16.125,28.492,0.23789,-9.9915,58.133,-18.868,-14.694,13.699,13.838,-7.1846,-7.1846,13.838,13.699,-14.694,-18.868,58.133,-9.9915,0.23789,28.492,16.125,-11.049,-8.5474,-11.049,-8.5474,16.125,23.148,18.059,8.5056,10.609,49.044,34.092,-130.47,4.8326,3.8813,16.533,3.8813,4.8326,-130.47,34.092,49.044,10.609,8.5056,18.059,23.148,16.125,-6.2411,16.125,16.125,-6.2411,28.492,18.059,50.172,-1.4192,48.649,46.342,65.53,-22.602,-2.6973,-2.4905,-2.4905,-2.6973,-22.602,65.53,46.342,48.649,-1.4192,50.172,18.059,28.492,-20.216,28.492,23.148,28.492,-20.216,0.23789,8.5056,-1.4192,71.107,21.707,104.35,4.2282,14.586,5.702,-92.067,5.702,14.586,4.2282,104.35,21.707,71.107,-1.4192,8.5056,0.23789,-60.085,0.23789,18.059,18.059,0.23789,-60.085,-9.9915,10.609,48.649,21.707,7.4517,30.679,-18.08,46.88,13.046,13.046,46.88,-18.08,30.679,7.4517,21.707,48.649,10.609,-9.9915,18.283,-9.9915,8.5056,50.172,8.5056,-9.9915,18.283,58.133,49.044,46.342,104.35,30.679,1.5145,-7.897,140.88,-22.703,140.88,-7.897,1.5145,30.679,104.35,46.342,49.044,58.133,-8.4013,58.133,10.609,-1.4192,-1.4192,10.609,58.133,-8.4013,-18.868,34.092,65.53,4.2282,-18.08,-7.897,102.9,-37.558,-37.558,102.9,-7.897,-18.08,4.2282,65.53,34.092,-18.868,-9.0229,-18.868,49.044,48.649,71.107,48.649,49.044,-18.868,-9.0229,-14.694,-130.47,-22.602,14.586,46.88,140.88,-37.558,-220.94,-37.558,140.88,46.88,14.586,-22.602,-130.47,-14.694,1.6133,-14.694,34.092,46.342,21.707,21.707,46.342,34.092,-14.694,1.6133,13.699,4.8326,-2.6973,5.702,13.046,-22.703,-37.558,-37.558,-22.703,13.046,5.702,-2.6973,4.8326,13.699,14.975,13.699,-130.47,65.53,104.35,7.4517,104.35,65.53,-130.47,13.699,14.975,13.838,3.8813,-2.4905,-92.067,13.046,140.88,102.9,140.88,13.046,-92.067,-2.4905,3.8813,13.838,-20.105,13.838,4.8326,-22.602,4.2282,30.679,30.679,4.2282,-22.602,4.8326,13.838,-20.105,-7.1846,16.533,-2.4905,5.702,46.88,-7.897,-7.897,46.88,5.702,-2.4905,16.533,-7.1846,-0.87485,-7.1846,3.8813,-2.6973,14.586,-18.08,1.5145,-18.08,14.586,-2.6973,3.8813,-7.1846,-0.87485,-7.1846,3.8813,-2.6973,14.586,-18.08,1.5145,-18.08,14.586,-2.6973,3.8813,-7.1846,-20.105,-7.1846,16.533,-2.4905,5.702,46.88,-7.897,-7.897,46.88,5.702,-2.4905,16.533,-7.1846,-20.105,13.838,4.8326,-22.602,4.2282,30.679,30.679,4.2282,-22.602,4.8326,13.838,14.975,13.838,3.8813,-2.4905,-92.067,13.046,140.88,102.9,140.88,13.046,-92.067,-2.4905,3.8813,13.838,14.975,13.699,-130.47,65.53,104.35,7.4517,104.35,65.53,-130.47,13.699,1.6133,13.699,4.8326,-2.6973,5.702,13.046,-22.703,-37.558,-37.558,-22.703,13.046,5.702,-2.6973,4.8326,13.699,1.6133,-14.694,34.092,46.342,21.707,21.707,46.342,34.092,-14.694,-9.0229,-14.694,-130.47,-22.602,14.586,46.88,140.88,-37.558,-220.94,-37.558,140.88,46.88,14.586,-22.602,-130.47,-14.694,-9.0229,-18.868,49.044,48.649,71.107,48.649,49.044,-18.868,-8.4013,-18.868,34.092,65.53,4.2282,-18.08,-7.897,102.9,-37.558,-37.558,102.9,-7.897,-18.08,4.2282,65.53,34.092,-18.868,-8.4013,58.133,10.609,-1.4192,-1.4192,10.609,58.133,18.283,58.133,49.044,46.342,104.35,30.679,1.5145,-7.897,140.88,-22.703,140.88,-7.897,1.5145,30.679,104.35,46.342,49.044,58.133,18.283,-9.9915,8.5056,50.172,8.5056,-9.9915,-60.085,-9.9915,10.609,48.649,21.707,7.4517,30.679,-18.08,46.88,13.046,13.046,46.88,-18.08,30.679,7.4517,21.707,48.649,10.609,-9.9915,-60.085,0.23789,18.059,18.059,0.23789,-20.216,0.23789,8.5056,-1.4192,71.107,21.707,104.35,4.2282,14.586,5.702,-92.067,5.702,14.586,4.2282,104.35,21.707,71.107,-1.4192,8.5056,0.23789,-20.216,28.492,23.148,28.492,-6.2411,28.492,18.059,50.172,-1.4192,48.649,46.342,65.53,-22.602,-2.6973,-2.4905,-2.4905,-2.6973,-22.602,65.53,46.342,48.649,-1.4192,50.172,18.059,28.492,-6.2411,16.125,16.125,-8.5474,16.125,23.148,18.059,8.5056,10.609,49.044,34.092,-130.47,4.8326,3.8813,16.533,3.8813,4.8326,-130.47,34.092,49.044,10.609,8.5056,18.059,23.148,16.125,-8.5474,-11.049,-17.268,-11.049,16.125,28.492,0.23789,-9.9915,58.133,-18.868,-14.694,13.699,13.838,-7.1846,-7.1846,13.838,13.699,-14.694,-18.868,58.133,-9.9915,0.23789,28.492,16.125,-11.049,-17.268
0,-1.3139e-16,-4.4531e-16,-2.7521e-16,2.8209e-16,-9.8728e-16,-3.0081e-16,6.088e-16,1.2157e-15,-1.8447e-16,1.4933e-15,-8.44e-16,0,8.44e-16,-1.4933e-15,1.8447e-16,-1.2157e-15,-6.088e-16,3.0081e-16,9.8728e-16,-2.8209e-16,2.7521e-16,4.4531e-16,1.3139e-16,1.3139e-16,0,2.8496,12.729,5.8728,38.3,20.469,46.138,60.569,53.148,-17.742,9.4593,-12.053,-12.053,9.4593,-17.742,53.148,60.569,46.138,20.469,38.3,5.8728,12.729,2.8496,4.4531e-16,-2.8496,0,12.729,38.96,33.603,62.873,39.432,-80.824,6.7718,51.743,8.7217,-27.574,-11.426,-27.574,8.7217,51.743,6.7718,-80.824,39.432,62.873,33.603,38.96,12.729,2.7521e-16,-12.729,-12.729,0,5.8728,33.603,54.862,63.905,-12.552,27.432,-17.084,50.312,-18.75,-45,-45,-18.75,50.312,-17.084,27.432,-12.552,63.905,54.862,33.603,5.8728,-2.8209e-16,-5.8728,-38.96,-5.8728,0,38.3,62.873,63.905,-24.509,24.569,108.53,11.677,8.0001,-3.255,-93.071,-3.255,8.0001,11.677,108.53,24.569,-24.509,63.905,62.873,38.3,9.8728e-16,-38.3,-33.603,-33.603,-38.3,0,20.469,39.432,-12.552,24.569,76.835,18.179,-14.393,20.76,2.1198,2.1198,20.76,-14.393,18.179,76.835,24.569,-12.552,39.432,20.469,3.0081e-16,-20.469,-62.873,-54.862,-62.873,-20.469,0,46.138,-80.824,27.432,108.53,18.179,-35.311,-4.3131,-173.21,16.591,-173.21,-4.3131,-35.311,18.179,108.53,27.432,-80.824,46.138,-6.088e-16,-46.138,-39.432,-63.905,-63.905,-39.432,-46.138,0,60.569,6.7718,-17.084,11.677,-14.393,-4.3131,64.323,-12.869,-12.869,64.323,-4.3131,-14.393,11.677,-17.084,6.7718,60.569,-1.2157e-15,-60.569,80.824,12.552,24.509,12.552,80.824,-60.569,0,53.148,51.743,50.312,8.0001,20.76,-173.21,-12.869,49.003,-12.869,-173.21,20.76,8.0001,50.312,51.743,53.148,1.8447e-16,-53.148,-6.7718,-27.432,-24.569,-24.569,-27.432,-6.7718,-53.148,0,-17.742,8.7217,-18.75,-3.255,2.1198,16.591,-12.869,-12.869,16.591,2.1198,-3.255,-18.75,8.7217,-17.742,-1.4933e-15,17.742,-51.743,17.084,-108.53,-76.835,-108.53,17.084,-51.743,17.742,0,9.4593,-27.574,-45,-93.071,2.1198,-173.21,64.323,-173.21,2.1198,-93.071,-45,-27.574,9.4593,8.44e-16,-9.4593,-8.7217,-50.312,-11.677,-18.179,-18.179,-11.677,-50.312,-8.7217,-9.4593,0,-12.053,-11.426,-45,-3.255,20.76,-4.3131,-4.3131,20.76,-3.255,-45,-11.426,-12.053,0,12.053,27.574,18.75,-8.0001,14.393,35.311,14.393,-8.0001,18.75,27.574,12.053,0,-12.053,-27.574,-18.75,8.0001,-14.393,-35.311,-14.393,8.0001,-18.75,-27.574,-12.053,-8.44e-16,12.053,11.426,45,3.255,-20.76,4.3131,4.3131,-20.76,3.255,45,11.426,12.053,0,9.4593,8.7217,50.312,11.677,18.179,18.179,11.677,50.312,8.7217,9.4593,1.4933e-15,-9.4593,27.574,45,93.071,-2.1198,173.21,-64.323,173.21,-2.1198,93.071,45,27.574,-9.4593,0,-17.742,51.743,-17.084,108.53,76.835,108.53,-17.084,51.743,-17.742,-1.8447e-16,17.742,-8.7217,18.75,3.255,-2.1198,-16.591,12.869,12.869,-16.591,-2.1198,3.255,18.75,-8.7217,17.742,0,53.148,6.7718,27.432,24.569,24.569,27.432,6.7718,53.148,1.2157e-15,-53.148,-51.743,-50.312,-8.0001,-20.76,173.21,12.869,-49.003,12.869,173.21,-20.76,-8.0001,-50.312,-51.743,-53.148,0,60.569,-80.824,-12.552,-24.509,-12.552,-80.824,60.569,6.088e-16,-60.569,-6.7718,17.084,-11.677,14.393,4.3131,-64.323,12.869,12.869,-64.323,4.3131,14.393,-11.677,17.084,-6.7718,-60.569,0,46.138,39.432,63.905,63.905,39.432,46.138,-3.0081e-16,-46.138,80.824,-27.432,-108.53,-18.179,35.311,4.3131,173.21,-16.591,173.21,4.3131,35.311,-18.179,-108.53,-27.432,80.824,-46.138,0,20.469,62.873,54.862,62.873,20.469,-9.8728e-16,-20.469,-39.432,12.552,-24.569,-76.835,-18.179,14.393,-20.76,-2.1198,-2.1198,-20.76,14.393,-18.179,-76.835,-24.569,12.552,-39.432,-20.469,0,38.3,33.603,33.603,38.3,2.8209e-16,-38.3,-62.873,-63.905,24.509,-24.569,-108.53,-11.677,-8.0001,3.255,93.071,3.255,-8.0001,-11.677,-108.53,-24.569,24.509,-63.905,-62.873,-38.3,0,5.8728,38.96,5.8728,-2.7521e-16,-5.8728,-33.603,-54.862,-63.905,12.552,-27.432,17.084,-50.312,18.75,45,45,18.75,-50.312,17.084,-27.432,12.552,-63.905,-54.862,-33.603,-5.8728,0,12.729,12.729,-4.4531e-16,-12.729,-38.96,-33.603,-62.873,-39.432,80.824,-6.7718,-51.743,-8.7217,27.574,11.426,27.574,-8.7217,-51.743,-6.7718,80.824,-39.432,-62.873,-33.603,-38.96,-12.729,0,2.8496,-1.3139e-16,-2.8496,-12.729,-5.8728,-38.3,-20.469,-46.138,-60.569,-53.148,17.742,-9.4593,12.053,12.053,-9.4593,17.742,-53.148,-60.569,-46.138,-20.469,-38.3,-5.8728,-12.729,-2.8496,0
