0.54548,5.5164,19.426,7.0623,14.663,30.025,2.338,35.615,54.921,25.163,17.756,19.781,21.908,19.781,17.756,25.163,54.921,35.615,2.338,30.025,14.663,7.0623,19.426,5.5164,5.5164,5.5164,-29.29,3.4,9.733,-88.678,21.4,-16.585,72.757,-144.42,-29.055,-25.031,-55.648,-55.648,-25.031,-29.055,-144.42,72.757,-16.585,21.4,-88.678,9.733,3.4,-29.29,19.426,-29.29,19.426,3.4,162.04,35.253,-3.2176,153.39,16.883,-71.836,32.291,80.218,131.9,63.867,131.9,80.218,32.291,-71.836,16.883,153.39,-3.2176,35.253,162.04,3.4,7.0623,3.4,3.4,7.0623,9.733,35.253,9.9111,37.279,-59.99,15.082,-51.115,-17.201,4.7139,-30.892,-30.892,4.7139,-17.201,-51.115,15.082,-59.99,37.279,9.9111,35.253,9.733,14.663,9.733,162.04,9.733,14.663,-88.678,-3.2176,37.279,237.74,95.162,-28.816,0.84324,-153.01,52.854,64.877,52.854,-153.01,0.84324,-28.816,95.162,237.74,37.279,-3.2176,-88.678,30.025,-88.678,35.253,35.253,-88.678,30.025,21.4,153.39,-59.99,95.162,83.788,30.092,95.581,-100.2,133.51,133.51,-100.2,95.581,30.092,83.788,95.162,-59.99,153.39,21.4,2.338,21.4,-3.2176,9.9111,-3.2176,21.4,2.338,-16.585,16.883,15.082,-28.816,30.092,5.2128,39.578,-17.71,-55.62,-17.71,39.578,5.2128,30.092,-28.816,15.082,16.883,-16.585,35.615,-16.585,153.39,37.279,37.279,153.39,-16.585,35.615,72.757,-71.836,-51.115,0.84324,95.581,39.578,-195.62,-191.33,-191.33,-195.62,39.578,95.581,0.84324,-51.115,-71.836,72.757,54.921,72.757,16.883,-59.99,237.74,-59.99,16.883,72.757,54.921,-144.42,32.291,-17.201,-153.01,-100.2,-17.71,-191.33,334.78,-191.33,-17.71,-100.2,-153.01,-17.201,32.291,-144.42,25.163,-144.42,-71.836,15.082,95.162,95.162,15.082,-71.836,-144.42,25.163,-29.055,80.218,4.7139,52.854,133.51,-55.62,-191.33,-191.33,-55.62,133.51,52.854,4.7139,80.218,-29.055,17.756,-29.055,32.291,-51.115,-28.816,83.788,-28.816,-51.115,32.291,-29.055,17.756,-25.031,131.9,-30.892,64.877,133.51,-17.71,-195.62,-17.71,133.51,64.877,-30.892,131.9,-25.031,19.781,-25.031,80.218,-17.201,0.84324,30.092,30.092,0.84324,-17.201,80.218,-25.031,19.781,-55.648,63.867,-30.892,52.854,-100.2,39.578,39.578,-100.2,52.854,-30.892,63.867,-55.648,21.908,-55.648,131.9,4.7139,-153.01,95.581,5.2128,95.581,-153.01,4.7139,131.9,-55.648,21.908,-55.648,131.9,4.7139,-153.01,95.581,5.2128,95.581,-153.01,4.7139,131.9,-55.648,19.781,-55.648,63.867,-30.892,52.854,-100.2,39.578,39.578,-100.2,52.854,-30.892,63.867,-55.648,19.781,-25.031,80.218,-17.201,0.84324,30.092,30.092,0.84324,-17.201,80.218,-25.031,17.756,-25.031,131.9,-30.892,64.877,133.51,-17.71,-195.62,-17.71,133.51,64.877,-30.892,131.9,-25.031,17.756,-29.055,32.291,-51.115,-28.816,83.788,-28.816,-51.115,32.291,-29.055,25.163,-29.055,80.218,4.7139,52.854,133.51,-55.62,-191.33,-191.33,-55.62,133.51,52.854,4.7139,80.218,-29.055,25.163,-144.42,-71.836,15.082,95.162,95.162,15.082,-71.836,-144.42,54.921,-144.42,32.291,-17.201,-153.01,-100.2,-17.71,-191.33,334.78,-191.33,-17.71,-100.2,-153.01,-17.201,32.291,-144.42,54.921,72.757,16.883,-59.99,237.74,-59.99,16.883,72.757,35.615,72.757,-71.836,-51.115,0.84324,95.581,39.578,-195.62,-191.33,-191.33,-195.62,39.578,95.581,0.84324,-51.115,-71.836,72.757,35.615,-16.585,153.39,37.279,37.279,153.39,-16.585,2.338,-16.585,16.883,15.082,-28.816,30.092,5.2128,39.578,-17.71,-55.62,-17.71,39.578,5.2128,30.092,-28.816,15.082,16.883,-16.585,2.338,21.4,-3.2176,9.9111,-3.2176,21.4,30.025,21.4,153.39,-59.99,95.162,83.788,30.092,95.581,-100.2,133.51,133.51,-100.2,95.581,30.092,83.788,95.162,-59.99,153.39,21.4,30.025,-88.678,35.253,35.253,-88.678,14.663,-88.678,-3.2176,37.279,237.74,95.162,-28.816,0.84324,-153.01,52.854,64.877,52.854,-153.01,0.84324,-28.816,95.162,237.74,37.279,-3.2176,-88.678,14.663,9.733,162.04,9.733,7.0623,9.733,35.253,9.9111,37.279,-59.99,15.082,-51.115,-17.201,4.7139,-30.892,-30.892,4.7139,-17.201,-51.115,15.082,-59.99,37.279,9.9111,35.253,9.733,7.0623,3.4,3.4,19.426,3.4,162.04,35.253,-3.2176,153.39,16.883,-71.836,32.291,80.218,131.9,63.867,131.9,80.218,32.291,-71.836,16.883,153.39,-3.2176,35.253,162.04,3.4,19.426,-29.29,5.5164,-29.29,3.4,9.733,-88.678,21.4,-16.585,72.757,-144.42,-29.055,-25.031,-55.648,-55.648,-25.031,-29.055,-144.42,72.757,-16.585,21.4,-88.678,9.733,3.4,-29.29,5.5164
0,3.9442e-17,7.1632e-17,-1.4851e-16,1.0941e-16,2.8366e-16,1.8993e-17,-7.9445e-17,-7.3162e-16,-2.9301e-16,-7.5933e-17,2.9535e-16,0,-2.9535e-16,7.5933e-17,2.9301e-16,7.3162e-16,7.9445e-17,-1.8993e-17,-2.8366e-16,-1.0941e-16,1.4851e-16,-7.1632e-17,-3.9442e-17,-3.9442e-17,0,-2.7729,-21.842,11.504,28.893,-36.198,7.4586,194.75,6.3032,17.478,23.1,12.809,12.809,23.1,17.478,6.3032,194.75,7.4586,-36.198,28.893,11.504,-21.842,-2.7729,-7.1632e-17,2.7729,0,-21.842,22.13,-21.336,-54.873,-196.56,109.21,75.546,197.33,26.249,64.91,13.527,64.91,26.249,197.33,75.546,109.21,-196.56,-54.873,-21.336,22.13,-21.842,1.4851e-16,21.842,21.842,0,11.504,-21.336,5.2565,-15.888,44.574,-11.311,32.205,-75.713,-50.395,-52.396,-52.396,-50.395,-75.713,32.205,-11.311,44.574,-15.888,5.2565,-21.336,11.504,-1.0941e-16,-11.504,-22.13,-11.504,0,28.893,-54.873,-15.888,-80.758,26.887,18.024,-36.396,207.73,59.064,21.841,59.064,207.73,-36.396,18.024,26.887,-80.758,-15.888,-54.873,28.893,-2.8366e-16,-28.893,21.336,21.336,-28.893,0,-36.198,-196.56,44.574,26.887,-128.81,25.579,268.99,-25.593,-62.304,-62.304,-25.593,268.99,25.579,-128.81,26.887,44.574,-196.56,-36.198,-1.8993e-17,36.198,54.873,-5.2565,54.873,36.198,0,7.4586,109.21,-11.311,18.024,25.579,-18.987,-19.427,-28.488,18.747,-28.488,-19.427,-18.987,25.579,18.024,-11.311,109.21,7.4586,7.9445e-17,-7.4586,196.56,15.888,15.888,196.56,-7.4586,0,194.75,75.546,32.205,-36.396,268.99,-19.427,121.74,-61.965,-61.965,121.74,-19.427,268.99,-36.396,32.205,75.546,194.75,7.3162e-16,-194.75,-109.21,-44.574,80.758,-44.574,-109.21,-194.75,0,6.3032,197.33,-75.713,207.73,-25.593,-28.488,-61.965,-867.26,-61.965,-28.488,-25.593,207.73,-75.713,197.33,6.3032,2.9301e-16,-6.3032,-75.546,11.311,-26.887,-26.887,11.311,-75.546,-6.3032,0,17.478,26.249,-50.395,59.064,-62.304,18.747,-61.965,-61.965,18.747,-62.304,59.064,-50.395,26.249,17.478,7.5933e-17,-17.478,-197.33,-32.205,-18.024,128.81,-18.024,-32.205,-197.33,-17.478,0,23.1,64.91,-52.396,21.841,-62.304,-28.488,121.74,-28.488,-62.304,21.841,-52.396,64.91,23.1,-2.9535e-16,-23.1,-26.249,75.713,36.396,-25.579,-25.579,36.396,75.713,-26.249,-23.1,0,12.809,13.527,-52.396,59.064,-25.593,-19.427,-19.427,-25.593,59.064,-52.396,13.527,12.809,0,-12.809,-64.91,50.395,-207.73,-268.99,18.987,-268.99,-207.73,50.395,-64.91,-12.809,0,12.809,64.91,-50.395,207.73,268.99,-18.987,268.99,207.73,-50.395,64.91,12.809,2.9535e-16,-12.809,-13.527,52.396,-59.064,25.593,19.427,19.427,25.593,-59.064,52.396,-13.527,-12.809,0,23.1,26.249,-75.713,-36.396,25.579,25.579,-36.396,-75.713,26.249,23.1,-7.5933e-17,-23.1,-64.91,52.396,-21.841,62.304,28.488,-121.74,28.488,62.304,-21.841,52.396,-64.91,-23.1,0,17.478,197.33,32.205,18.024,-128.81,18.024,32.205,197.33,17.478,-2.9301e-16,-17.478,-26.249,50.395,-59.064,62.304,-18.747,61.965,61.965,-18.747,62.304,-59.064,50.395,-26.249,-17.478,0,6.3032,75.546,-11.311,26.887,26.887,-11.311,75.546,6.3032,-7.3162e-16,-6.3032,-197.33,75.713,-207.73,25.593,28.488,61.965,867.26,61.965,28.488,25.593,-207.73,75.713,-197.33,-6.3032,0,194.75,109.21,44.574,-80.758,44.574,109.21,194.75,-7.9445e-17,-194.75,-75.546,-32.205,36.396,-268.99,19.427,-121.74,61.965,61.965,-121.74,19.427,-268.99,36.396,-32.205,-75.546,-194.75,0,7.4586,-196.56,-15.888,-15.888,-196.56,7.4586,1.8993e-17,-7.4586,-109.21,11.311,-18.024,-25.579,18.987,19.427,28.488,-18.747,28.488,19.427,18.987,-25.579,-18.024,11.311,-109.21,-7.4586,0,-36.198,-54.873,5.2565,-54.873,-36.198,2.8366e-16,36.198,196.56,-44.574,-26.887,128.81,-25.579,-268.99,25.593,62.304,62.304,25.593,-268.99,-25.579,128.81,-26.887,-44.574,196.56,36.198,0,28.893,-21.336,-21.336,28.893,1.0941e-16,-28.893,54.873,15.888,80.758,-26.887,-18.024,36.396,-207.73,-59.064,-21.841,-59.064,-207.73,36.396,-18.024,-26.887,80.758,15.888,54.873,-28.893,0,11.504,22.13,11.504,-1.4851e-16,-11.504,21.336,-5.2565,15.888,-44.574,11.311,-32.205,75.713,50.395,52.396,52.396,50.395,75.713,-32.205,11.311,-44.574,15.888,-5.2565,21.336,-11.504,0,-21.842,-21.842,7.1632e-17,21.842,-22.13,21.336,54.873,196.56,-109.21,-75.546,-197.33,-26.249,-64.91,-13.527,-64.91,-26.249,-197.33,-75.546,-109.21,196.56,54.873,21.336,-22.13,21.842,0,-2.7729,3.9442e-17,2.7729,21.842,-11.504,-28.893,36.198,-7.4586,-194.75,-6.3032,-17.478,-23.1,-12.809,-12.809,-23.1,-17.478,-6.3032,-194.75,-7.4586,36.198,-28.893,-11.504,21.842,2.7729,0
