4.3617,-35.247,-0.25921,-9.0542,49.041,11.618,30.308,-1.4226,-12.152,-28.422,-7.4353,9.6431,10.553,9.6431,-7.4353,-28.422,-12.152,-1.4226,30.308,11.618,49.041,-9.0542,-0.25921,-35.247,-35.247,-35.247,-5.6669,-7.2167,42.804,-28.771,-6.6808,4.252,-149.37,-7.2497,115.79,11.942,-12.481,-12.481,11.942,115.79,-7.2497,-149.37,4.252,-6.6808,-28.771,42.804,-7.2167,-5.6669,-0.25921,-5.6669,-0.25921,-7.2167,-0.35561,-5.8525,-1.1151,-7.9956,-4.1682,12.615,-4.2105,-2.0284,0.43666,-0.54295,0.43666,-2.0284,-4.2105,12.615,-4.1682,-7.9956,-1.1151,-5.8525,-0.35561,-7.2167,-9.0542,-7.2167,-7.2167,-9.0542,42.804,-5.8525,4.2947,5.619,-34.767,-20.125,15.49,-16.53,26.527,9.2939,9.2939,26.527,-16.53,15.49,-20.125,-34.767,5.619,4.2947,-5.8525,42.804,49.041,42.804,-0.35561,42.804,49.041,-28.771,-1.1151,5.619,-48.615,42.784,4.0865,-32.809,-40.279,21.455,-17.452,21.455,-40.279,-32.809,4.0865,42.784,-48.615,5.619,-1.1151,-28.771,11.618,-28.771,-5.8525,-5.8525,-28.771,11.618,-6.6808,-7.9956,-34.767,42.784,10.209,-39.121,0.30962,7.7602,-130.04,-130.04,7.7602,0.30962,-39.121,10.209,42.784,-34.767,-7.9956,-6.6808,30.308,-6.6808,-1.1151,4.2947,-1.1151,-6.6808,30.308,4.252,-4.1682,-20.125,4.0865,-39.121,47.272,4.4905,1.4955,-13.492,1.4955,4.4905,47.272,-39.121,4.0865,-20.125,-4.1682,4.252,-1.4226,4.252,-7.9956,5.619,5.619,-7.9956,4.252,-1.4226,-149.37,12.615,15.49,-32.809,0.30962,4.4905,36.547,-39.315,-39.315,36.547,4.4905,0.30962,-32.809,15.49,12.615,-149.37,-12.152,-149.37,-4.1682,-34.767,-48.615,-34.767,-4.1682,-149.37,-12.152,-7.2497,-4.2105,-16.53,-40.279,7.7602,1.4955,-39.315,-133.67,-39.315,1.4955,7.7602,-40.279,-16.53,-4.2105,-7.2497,-28.422,-7.2497,12.615,-20.125,42.784,42.784,-20.125,12.615,-7.2497,-28.422,115.79,-2.0284,26.527,21.455,-130.04,-13.492,-39.315,-39.315,-13.492,-130.04,21.455,26.527,-2.0284,115.79,-7.4353,115.79,-4.2105,15.49,4.0865,10.209,4.0865,15.49,-4.2105,115.79,-7.4353,11.942,0.43666,9.2939,-17.452,-130.04,1.4955,36.547,1.4955,-130.04,-17.452,9.2939,0.43666,11.942,9.6431,11.942,-2.0284,-16.53,-32.809,-39.121,-39.121,-32.809,-16.53,-2.0284,11.942,9.6431,-12.481,-0.54295,9.2939,21.455,7.7602,4.4905,4.4905,7.7602,21.455,9.2939,-0.54295,-12.481,10.553,-12.481,0.43666,26.527,-40.279,0.30962,47.272,0.30962,-40.279,26.527,0.43666,-12.481,10.553,-12.481,0.43666,26.527,-40.279,0.30962,47.272,0.30962,-40.279,26.527,0.43666,-12.481,9.6431,-12.481,-0.54295,9.2939,21.455,7.7602,4.4905,4.4905,7.7602,21.455,9.2939,-0.54295,-12.481,9.6431,11.942,-2.0284,-16.53,-32.809,-39.121,-39.121,-32.809,-16.53,-2.0284,11.942,-7.4353,11.942,0.43666,9.2939,-17.452,-130.04,1.4955,36.547,1.4955,-130.04,-17.452,9.2939,0.43666,11.942,-7.4353,115.79,-4.2105,15.49,4.0865,10.209,4.0865,15.49,-4.2105,115.79,-28.422,115.79,-2.0284,26.527,21.455,-130.04,-13.492,-39.315,-39.315,-13.492,-130.04,21.455,26.527,-2.0284,115.79,-28.422,-7.2497,12.615,-20.125,42.784,42.784,-20.125,12.615,-7.2497,-12.152,-7.2497,-4.2105,-16.53,-40.279,7.7602,1.4955,-39.315,-133.67,-39.315,1.4955,7.7602,-40.279,-16.53,-4.2105,-7.2497,-12.152,-149.37,-4.1682,-34.767,-48.615,-34.767,-4.1682,-149.37,-1.4226,-149.37,12.615,15.49,-32.809,0.30962,4.4905,36.547,-39.315,-39.315,36.547,4.4905,0.30962,-32.809,15.49,12.615,-149.37,-1.4226,4.252,-7.9956,5.619,5.619,-7.9956,4.252,30.308,4.252,-4.1682,-20.125,4.0865,-39.121,47.272,4.4905,1.4955,-13.492,1.4955,4.4905,47.272,-39.121,4.0865,-20.125,-4.1682,4.252,30.308,-6.6808,-1.1151,4.2947,-1.1151,-6.6808,11.618,-6.6808,-7.9956,-34.767,42.784,10.209,-39.121,0.30962,7.7602,-130.04,-130.04,7.7602,0.30962,-39.121,10.209,42.784,-34.767,-7.9956,-6.6808,11.618,-28.771,-5.8525,-5.8525,-28.771,49.041,-28.771,-1.1151,5.619,-48.615,42.784,4.0865,-32.809,-40.279,21.455,-17.452,21.455,-40.279,-32.809,4.0865,42.784,-48.615,5.619,-1.1151,-28.771,49.041,42.804,-0.35561,42.804,-9.0542,42.804,-5.8525,4.2947,5.619,-34.767,-20.125,15.49,-16.53,26.527,9.2939,9.2939,26.527,-16.53,15.49,-20.125,-34.767,5.619,4.2947,-5.8525,42.804,-9.0542,-7.2167,-7.2167,-0.25921,-7.2167,-0.35561,-5.8525,-1.1151,-7.9956,-4.1682,12.615,-4.2105,-2.0284,0.43666,-0.54295,0.43666,-2.0284,-4.2105,12.615,-4.1682,-7.9956,-1.1151,-5.8525,-0.35561,-7.2167,-0.25921,-5.6669,-35.247,-5.6669,-7.2167,42.804,-28.771,-6.6808,4.252,-149.37,-7.2497,115.79,11.942,-12.481,-12.481,11.942,115.79,-7.2497,-149.37,4.252,-6.6808,-28.771,42.804,-7.2167,-5.6669,-35.247
0,-7.3051e-16,6.9962e-18,-7.4047e-17,5.9821e-16,-7.3934e-16,1.6708e-16,-1.3467e-17,3.3323e-16,1.3705e-16,-7.3337e-17,-2.86e-16,0,2.86e-16,7.3337e-17,-1.3705e-16,-3.3323e-16,1.3467e-17,-1.6708e-16,7.3934e-16,-5.9821e-16,7.4047e-17,-6.9962e-18,7.3051e-16,7.3051e-16,0,-32.112,14.482,21.78,-66.543,-47.453,-78.548,93.291,276.79,163.03,4.2065,3.3482,3.3482,4.2065,163.03,276.79,93.291,-78.548,-47.453,-66.543,21.78,14.482,-32.112,-6.9962e-18,32.112,0,14.482,-0.22822,-8.9012,4.3318,-2.6525,-1.9322,-3.1106,-12.836,1.4717,2.9261,-0.074898,2.9261,1.4717,-12.836,-3.1106,-1.9322,-2.6525,4.3318,-8.9012,-0.22822,14.482,7.4047e-17,-14.482,-14.482,0,21.78,-8.9012,-30.722,8.0709,-97.21,26.433,-48.57,26.542,1.8309,-5.5732,-5.5732,1.8309,26.542,-48.57,26.433,-97.21,8.0709,-30.722,-8.9012,21.78,-5.9821e-16,-21.78,0.22822,-21.78,0,-66.543,4.3318,8.0709,67.02,-51.581,-59.381,-3.2866,-12.269,-25.822,-2.6336,-25.822,-12.269,-3.2866,-59.381,-51.581,67.02,8.0709,4.3318,-66.543,7.3934e-16,66.543,8.9012,8.9012,66.543,0,-47.453,-2.6525,-97.21,-51.581,-103.18,19.515,48.911,9.9984,-41.115,-41.115,9.9984,48.911,19.515,-103.18,-51.581,-97.21,-2.6525,-47.453,-1.6708e-16,47.453,-4.3318,30.722,-4.3318,47.453,0,-78.548,-1.9322,26.433,-59.381,19.515,7.5596,-32.474,5.0447,59.45,5.0447,-32.474,7.5596,19.515,-59.381,26.433,-1.9322,-78.548,1.3467e-17,78.548,2.6525,-8.0709,-8.0709,2.6525,78.548,0,93.291,-3.1106,-48.57,-3.2866,48.911,-32.474,-26.294,-111.12,-111.12,-26.294,-32.474,48.911,-3.2866,-48.57,-3.1106,93.291,-3.3323e-16,-93.291,1.9322,97.21,-67.02,97.21,1.9322,-93.291,0,276.79,-12.836,26.542,-12.269,9.9984,5.0447,-111.12,-34.662,-111.12,5.0447,9.9984,-12.269,26.542,-12.836,276.79,-1.3705e-16,-276.79,3.1106,-26.433,51.581,51.581,-26.433,3.1106,-276.79,0,163.03,1.4717,1.8309,-25.822,-41.115,59.45,-111.12,-111.12,59.45,-41.115,-25.822,1.8309,1.4717,163.03,7.3337e-17,-163.03,12.836,48.57,59.381,103.18,59.381,48.57,12.836,-163.03,0,4.2065,2.9261,-5.5732,-2.6336,-41.115,5.0447,-26.294,5.0447,-41.115,-2.6336,-5.5732,2.9261,4.2065,2.86e-16,-4.2065,-1.4717,-26.542,3.2866,-19.515,-19.515,3.2866,-26.542,-1.4717,-4.2065,0,3.3482,-0.074898,-5.5732,-25.822,9.9984,-32.474,-32.474,9.9984,-25.822,-5.5732,-0.074898,3.3482,0,-3.3482,-2.9261,-1.8309,12.269,-48.911,-7.5596,-48.911,12.269,-1.8309,-2.9261,-3.3482,0,3.3482,2.9261,1.8309,-12.269,48.911,7.5596,48.911,-12.269,1.8309,2.9261,3.3482,-2.86e-16,-3.3482,0.074898,5.5732,25.822,-9.9984,32.474,32.474,-9.9984,25.822,5.5732,0.074898,-3.3482,0,4.2065,1.4717,26.542,-3.2866,19.515,19.515,-3.2866,26.542,1.4717,4.2065,-7.3337e-17,-4.2065,-2.9261,5.5732,2.6336,41.115,-5.0447,26.294,-5.0447,41.115,2.6336,5.5732,-2.9261,-4.2065,0,163.03,-12.836,-48.57,-59.381,-103.18,-59.381,-48.57,-12.836,163.03,1.3705e-16,-163.03,-1.4717,-1.8309,25.822,41.115,-59.45,111.12,111.12,-59.45,41.115,25.822,-1.8309,-1.4717,-163.03,0,276.79,-3.1106,26.433,-51.581,-51.581,26.433,-3.1106,276.79,3.3323e-16,-276.79,12.836,-26.542,12.269,-9.9984,-5.0447,111.12,34.662,111.12,-5.0447,-9.9984,12.269,-26.542,12.836,-276.79,0,93.291,-1.9322,-97.21,67.02,-97.21,-1.9322,93.291,-1.3467e-17,-93.291,3.1106,48.57,3.2866,-48.911,32.474,26.294,111.12,111.12,26.294,32.474,-48.911,3.2866,48.57,3.1106,-93.291,0,-78.548,-2.6525,8.0709,8.0709,-2.6525,-78.548,1.6708e-16,78.548,1.9322,-26.433,59.381,-19.515,-7.5596,32.474,-5.0447,-59.45,-5.0447,32.474,-7.5596,-19.515,59.381,-26.433,1.9322,78.548,0,-47.453,4.3318,-30.722,4.3318,-47.453,-7.3934e-16,47.453,2.6525,97.21,51.581,103.18,-19.515,-48.911,-9.9984,41.115,41.115,-9.9984,-48.911,-19.515,103.18,51.581,97.21,2.6525,47.453,0,-66.543,-8.9012,-8.9012,-66.543,5.9821e-16,66.543,-4.3318,-8.0709,-67.02,51.581,59.381,3.2866,12.269,25.822,2.6336,25.822,12.269,3.2866,59.381,51.581,-67.02,-8.0709,-4.3318,66.543,0,21.78,-0.22822,21.78,-7.4047e-17,-21.78,8.9012,30.722,-8.0709,97.21,-26.433,48.57,-26.542,-1.8309,5.5732,5.5732,-1.8309,-26.542,48.57,-26.433,97.21,-8.0709,30.722,8.9012,-21.78,0,14.482,14.482,6.9962e-18,-14.482,0.22822,8.9012,-4.3318,2.6525,1.9322,3.1106,12.836,-1.4717,-2.9261,0.074898,-2.9261,-1.4717,12.836,3.1106,1.9322,2.6525,-4.3318,8.9012,0.22822,-14.482,0,-32.112,-7.3051e-16,32.112,-14.482,-21.78,66.543,47.453,78.548,-93.291,-276.79,-163.03,-4.2065,-3.3482,-3.3482,-4.2065,-163.03,-276.79,-93.291,78.548,47.453,66.543,-21.78,-14.482,32.112,0
