-4.5487,-7.0186,-48.585,-18.568,-59.845,-16.946,-33.442,-23.373,-3.4609,-13.211,-8.1991,-43.615,-7.126,-43.615,-8.1991,-13.211,-3.4609,-23.373,-33.442,-16.946,-59.845,-18.568,-48.585,-7.0186,-7.0186,-7.0186,-3.6377,-18.366,-11.548,-29.471,15.584,-16.884,7.2139,4.6378,-5.0492,-16.614,10.629,10.629,-16.614,-5.0492,4.6378,7.2139,-16.884,15.584,-29.471,-11.548,-18.366,-3.6377,-48.585,-3.6377,-48.585,-18.366,117.47,19.218,45.313,70.625,15.874,-59.808,-4.3271,-8.5348,18.777,-133.4,18.777,-8.5348,-4.3271,-59.808,15.874,70.625,45.313,19.218,117.47,-18.366,-18.568,-18.366,-18.366,-18.568,-11.548,19.218,-50.17,-30.937,10.178,-35.152,-69.442,3.5726,36.026,-47.764,-47.764,36.026,3.5726,-69.442,-35.152,10.178,-30.937,-50.17,19.218,-11.548,-59.845,-11.548,117.47,-11.548,-59.845,-29.471,45.313,-30.937,-5.8919,-35.275,52.471,80.705,19.308,41.286,-24.287,41.286,19.308,80.705,52.471,-35.275,-5.8919,-30.937,45.313,-29.471,-16.946,-29.471,19.218,19.218,-29.471,-16.946,15.584,70.625,10.178,-35.275,-11.96,-0.35421,-29.596,15.823,-9.3503,-9.3503,15.823,-29.596,-0.35421,-11.96,-35.275,10.178,70.625,15.584,-33.442,15.584,45.313,-50.17,45.313,15.584,-33.442,-16.884,15.874,-35.152,52.471,-0.35421,13.514,-4.3991,-18.334,25.191,-18.334,-4.3991,13.514,-0.35421,52.471,-35.152,15.874,-16.884,-23.373,-16.884,70.625,-30.937,-30.937,70.625,-16.884,-23.373,7.2139,-59.808,-69.442,80.705,-29.596,-4.3991,-11.856,-19.311,-19.311,-11.856,-4.3991,-29.596,80.705,-69.442,-59.808,7.2139,-3.4609,7.2139,15.874,10.178,-5.8919,10.178,15.874,7.2139,-3.4609,4.6378,-4.3271,3.5726,19.308,15.823,-18.334,-19.311,-3.9141,-19.311,-18.334,15.823,19.308,3.5726,-4.3271,4.6378,-13.211,4.6378,-59.808,-35.152,-35.275,-35.275,-35.152,-59.808,4.6378,-13.211,-5.0492,-8.5348,36.026,41.286,-9.3503,25.191,-19.311,-19.311,25.191,-9.3503,41.286,36.026,-8.5348,-5.0492,-8.1991,-5.0492,-4.3271,-69.442,52.471,-11.96,52.471,-69.442,-4.3271,-5.0492,-8.1991,-16.614,18.777,-47.764,-24.287,-9.3503,-18.334,-11.856,-18.334,-9.3503,-24.287,-47.764,18.777,-16.614,-43.615,-16.614,-8.5348,3.5726,80.705,-0.35421,-0.35421,80.705,3.5726,-8.5348,-16.614,-43.615,10.629,-133.4,-47.764,41.286,15.823,-4.3991,-4.3991,15.823,41.286,-47.764,-133.4,10.629,-7.126,10.629,18.777,36.026,19.308,-29.596,13.514,-29.596,19.308,36.026,18.777,10.629,-7.126,10.629,18.777,36.026,19.308,-29.596,13.514,-29.596,19.308,36.026,18.777,10.629,-43.615,10.629,-133.4,-47.764,41.286,15.823,-4.3991,-4.3991,15.823,41.286,-47.764,-133.4,10.629,-43.615,-16.614,-8.5348,3.5726,80.705,-0.35421,-0.35421,80.705,3.5726,-8.5348,-16.614,-8.1991,-16.614,18.777,-47.764,-24.287,-9.3503,-18.334,-11.856,-18.334,-9.3503,-24.287,-47.764,18.777,-16.614,-8.1991,-5.0492,-4.3271,-69.442,52.471,-11.96,52.471,-69.442,-4.3271,-5.0492,-13.211,-5.0492,-8.5348,36.026,41.286,-9.3503,25.191,-19.311,-19.311,25.191,-9.3503,41.286,36.026,-8.5348,-5.0492,-13.211,4.6378,-59.808,-35.152,-35.275,-35.275,-35.152,-59.808,4.6378,-3.4609,4.6378,-4.3271,3.5726,19.308,15.823,-18.334,-19.311,-3.9141,-19.311,-18.334,15.823,19.308,3.5726,-4.3271,4.6378,-3.4609,7.2139,15.874,10.178,-5.8919,10.178,15.874,7.2139,-23.373,7.2139,-59.808,-69.442,80.705,-29.596,-4.3991,-11.856,-19.311,-19.311,-11.856,-4.3991,-29.596,80.705,-69.442,-59.808,7.2139,-23.373,-16.884,70.625,-30.937,-30.937,70.625,-16.884,-33.442,-16.884,15.874,-35.152,52.471,-0.35421,13.514,-4.3991,-18.334,25.191,-18.334,-4.3991,13.514,-0.35421,52.471,-35.152,15.874,-16.884,-33.442,15.584,45.313,-50.17,45.313,15.584,-16.946,15.584,70.625,10.178,-35.275,-11.96,-0.35421,-29.596,15.823,-9.3503,-9.3503,15.823,-29.596,-0.35421,-11.96,-35.275,10.178,70.625,15.584,-16.946,-29.471,19.218,19.218,-29.471,-59.845,-29.471,45.313,-30.937,-5.8919,-35.275,52.471,80.705,19.308,41.286,-24.287,41.286,19.308,80.705,52.471,-35.275,-5.8919,-30.937,45.313,-29.471,-59.845,-11.548,117.47,-11.548,-18.568,-11.548,19.218,-50.17,-30.937,10.178,-35.152,-69.442,3.5726,36.026,-47.764,-47.764,36.026,3.5726,-69.442,-35.152,10.178,-30.937,-50.17,19.218,-11.548,-18.568,-18.366,-18.366,-48.585,-18.366,117.47,19.218,45.313,70.625,15.874,-59.808,-4.3271,-8.5348,18.777,-133.4,18.777,-8.5348,-4.3271,-59.808,15.874,70.625,45.313,19.218,117.47,-18.366,-48.585,-3.6377,-7.0186,-3.6377,-18.366,-11.548,-29.471,15.584,-16.884,7.2139,4.6378,-5.0492,-16.614,10.629,10.629,-16.614,-5.0492,4.6378,7.2139,-16.884,15.584,-29.471,-11.548,-18.366,-3.6377,-7.0186
0,-1.3225e-16,-5.84e-16,-1.8602e-16,-6.0272e-16,-7.3625e-18,-1.2954e-17,2.9714e-16,3.6308e-17,1.3486e-16,1.1147e-16,1.5526e-15,0,-1.5526e-15,-1.1147e-16,-1.3486e-16,-3.6308e-17,-2.9714e-16,1.2954e-17,7.3625e-18,6.0272e-16,1.8602e-16,5.84e-16,1.3225e-16,1.3225e-16,0,1.6725,-55.784,-22.465,36.36,4.8798,-47.176,-24.213,-3.1152,-14.26,-22.462,17.278,17.278,-22.462,-14.26,-3.1152,-24.213,-47.176,4.8798,36.36,-22.465,-55.784,1.6725,5.84e-16,-1.6725,0,-55.784,146.64,-67.043,-137.91,28.955,-1.352,25.24,12.559,-71.187,-7.7461,-55.125,-7.7461,-71.187,12.559,25.24,-1.352,28.955,-137.91,-67.043,146.64,-55.784,1.8602e-16,55.784,55.784,0,-22.465,-67.043,13.276,-123.5,26.46,27.645,-2.0602,18.259,-2.0176,5.4587,5.4587,-2.0176,18.259,-2.0602,27.645,26.46,-123.5,13.276,-67.043,-22.465,6.0272e-16,22.465,-146.64,22.465,0,36.36,-137.91,-123.5,-46.99,47.297,-33.372,14.503,26.301,65.338,23.582,65.338,26.301,14.503,-33.372,47.297,-46.99,-123.5,-137.91,36.36,7.3625e-18,-36.36,67.043,67.043,-36.36,0,4.8798,28.955,26.46,47.297,-15.585,72.425,-30.993,-12.614,4.7077,4.7077,-12.614,-30.993,72.425,-15.585,47.297,26.46,28.955,4.8798,1.2954e-17,-4.8798,137.91,-13.276,137.91,-4.8798,0,-47.176,-1.352,27.645,-33.372,72.425,21.194,-73.543,8.9486,17.793,8.9486,-73.543,21.194,72.425,-33.372,27.645,-1.352,-47.176,-2.9714e-16,47.176,-28.955,123.5,123.5,-28.955,47.176,0,-24.213,25.24,-2.0602,14.503,-30.993,-73.543,29.65,4.6851,4.6851,29.65,-73.543,-30.993,14.503,-2.0602,25.24,-24.213,-3.6308e-17,24.213,1.352,-26.46,46.99,-26.46,1.352,24.213,0,-3.1152,12.559,18.259,26.301,-12.614,8.9486,4.6851,3.4533,4.6851,8.9486,-12.614,26.301,18.259,12.559,-3.1152,-1.3486e-16,3.1152,-25.24,-27.645,-47.297,-47.297,-27.645,-25.24,3.1152,0,-14.26,-71.187,-2.0176,65.338,4.7077,17.793,4.6851,4.6851,17.793,4.7077,65.338,-2.0176,-71.187,-14.26,-1.1147e-16,14.26,-12.559,2.0602,33.372,15.585,33.372,2.0602,-12.559,14.26,0,-22.462,-7.7461,5.4587,23.582,4.7077,8.9486,29.65,8.9486,4.7077,23.582,5.4587,-7.7461,-22.462,-1.5526e-15,22.462,71.187,-18.259,-14.503,-72.425,-72.425,-14.503,-18.259,71.187,22.462,0,17.278,-55.125,5.4587,65.338,-12.614,-73.543,-73.543,-12.614,65.338,5.4587,-55.125,17.278,0,-17.278,7.7461,2.0176,-26.301,30.993,-21.194,30.993,-26.301,2.0176,7.7461,-17.278,0,17.278,-7.7461,-2.0176,26.301,-30.993,21.194,-30.993,26.301,-2.0176,-7.7461,17.278,1.5526e-15,-17.278,55.125,-5.4587,-65.338,12.614,73.543,73.543,12.614,-65.338,-5.4587,55.125,-17.278,0,-22.462,-71.187,18.259,14.503,72.425,72.425,14.503,18.259,-71.187,-22.462,1.1147e-16,22.462,7.7461,-5.4587,-23.582,-4.7077,-8.9486,-29.65,-8.9486,-4.7077,-23.582,-5.4587,7.7461,22.462,0,-14.26,12.559,-2.0602,-33.372,-15.585,-33.372,-2.0602,12.559,-14.26,1.3486e-16,14.26,71.187,2.0176,-65.338,-4.7077,-17.793,-4.6851,-4.6851,-17.793,-4.7077,-65.338,2.0176,71.187,14.26,0,-3.1152,25.24,27.645,47.297,47.297,27.645,25.24,-3.1152,3.6308e-17,3.1152,-12.559,-18.259,-26.301,12.614,-8.9486,-4.6851,-3.4533,-4.6851,-8.9486,12.614,-26.301,-18.259,-12.559,3.1152,0,-24.213,-1.352,26.46,-46.99,26.46,-1.352,-24.213,2.9714e-16,24.213,-25.24,2.0602,-14.503,30.993,73.543,-29.65,-4.6851,-4.6851,-29.65,73.543,30.993,-14.503,2.0602,-25.24,24.213,0,-47.176,28.955,-123.5,-123.5,28.955,-47.176,-1.2954e-17,47.176,1.352,-27.645,33.372,-72.425,-21.194,73.543,-8.9486,-17.793,-8.9486,73.543,-21.194,-72.425,33.372,-27.645,1.352,47.176,0,4.8798,-137.91,13.276,-137.91,4.8798,-7.3625e-18,-4.8798,-28.955,-26.46,-47.297,15.585,-72.425,30.993,12.614,-4.7077,-4.7077,12.614,30.993,-72.425,15.585,-47.297,-26.46,-28.955,-4.8798,0,36.36,-67.043,-67.043,36.36,-6.0272e-16,-36.36,137.91,123.5,46.99,-47.297,33.372,-14.503,-26.301,-65.338,-23.582,-65.338,-26.301,-14.503,33.372,-47.297,46.99,123.5,137.91,-36.36,0,-22.465,146.64,-22.465,-1.8602e-16,22.465,67.043,-13.276,123.5,-26.46,-27.645,2.0602,-18.259,2.0176,-5.4587,-5.4587,2.0176,-18.259,2.0602,-27.645,-26.46,123.5,-13.276,67.043,22.465,0,-55.784,-55.784,-5.84e-16,55.784,-146.64,67.043,137.91,-28.955,1.352,-25.24,-12.559,71.187,7.7461,55.125,7.7461,71.187,-12.559,-25.24,1.352,-28.955,137.91,67.043,-146.64,55.784,0,1.6725,-1.3225e-16,-1.6725,55.784,22.465,-36.36,-4.8798,47.176,24.213,3.1152,14.26,22.462,-17.278,-17.278,22.462,14.26,3.1152,24.213,47.176,-4.8798,-36.36,22.465,55.784,-1.6725,0
