-228.34,-94.81,-39.126,-29.741,-166.35,-63.185,-50.387,-276.65,-191.51,-112.81,-88.705,-183.32,-29.877,-183.32,-88.705,-112.81,-191.51,-276.65,-50.387,-63.185,-166.35,-29.741,-39.126,-94.81,-94.81,-94.81,-8.1899,-7.7759,23.041,-27.99,31.269,-24.215,62.215,62.398,-34.411,-3.4232,37.8,37.8,-3.4232,-34.411,62.398,62.215,-24.215,31.269,-27.99,23.041,-7.7759,-8.1899,-39.126,-8.1899,-39.126,-7.7759,21.536,15.559,16.769,-9.6266,10.35,-9.5387,-12.364,4.8264,-21.306,13.469,-21.306,4.8264,-12.364,-9.5387,10.35,-9.6266,16.769,15.559,21.536,-7.7759,-29.741,-7.7759,-7.7759,-29.741,23.041,15.559,5.0873,-59.302,11.169,19.289,0.33768,-40.282,-1.6668,-0.19686,-0.19686,-1.6668,-40.282,0.33768,19.289,11.169,-59.302,5.0873,15.559,23.041,-166.35,23.041,21.536,23.041,-166.35,-27.99,16.769,-59.302,-94.065,56.664,3.1962,-161.71,-17.65,31.529,-10.821,31.529,-17.65,-161.71,3.1962,56.664,-94.065,-59.302,16.769,-27.99,-63.185,-27.99,15.559,15.559,-27.99,-63.185,31.269,-9.6266,11.169,56.664,23.141,5.5084,6.5364,-77.829,-5.1744,-5.1744,-77.829,6.5364,5.5084,23.141,56.664,11.169,-9.6266,31.269,-50.387,31.269,16.769,5.0873,16.769,31.269,-50.387,-24.215,10.35,19.289,3.1962,5.5084,12.534,-15.557,-13.779,-15.113,-13.779,-15.557,12.534,5.5084,3.1962,19.289,10.35,-24.215,-276.65,-24.215,-9.6266,-59.302,-59.302,-9.6266,-24.215,-276.65,62.215,-9.5387,0.33768,-161.71,6.5364,-15.557,47.495,108.25,108.25,47.495,-15.557,6.5364,-161.71,0.33768,-9.5387,62.215,-191.51,62.215,10.35,11.169,-94.065,11.169,10.35,62.215,-191.51,62.398,-12.364,-40.282,-17.65,-77.829,-13.779,108.25,194.38,108.25,-13.779,-77.829,-17.65,-40.282,-12.364,62.398,-112.81,62.398,-9.5387,19.289,56.664,56.664,19.289,-9.5387,62.398,-112.81,-34.411,4.8264,-1.6668,31.529,-5.1744,-15.113,108.25,108.25,-15.113,-5.1744,31.529,-1.6668,4.8264,-34.411,-88.705,-34.411,-12.364,0.33768,3.1962,23.141,3.1962,0.33768,-12.364,-34.411,-88.705,-3.4232,-21.306,-0.19686,-10.821,-5.1744,-13.779,47.495,-13.779,-5.1744,-10.821,-0.19686,-21.306,-3.4232,-183.32,-3.4232,4.8264,-40.282,-161.71,5.5084,5.5084,-161.71,-40.282,4.8264,-3.4232,-183.32,37.8,13.469,-0.19686,31.529,-77.829,-15.557,-15.557,-77.829,31.529,-0.19686,13.469,37.8,-29.877,37.8,-21.306,-1.6668,-17.65,6.5364,12.534,6.5364,-17.65,-1.6668,-21.306,37.8,-29.877,37.8,-21.306,-1.6668,-17.65,6.5364,12.534,6.5364,-17.65,-1.6668,-21.306,37.8,-183.32,37.8,13.469,-0.19686,31.529,-77.829,-15.557,-15.557,-77.829,31.529,-0.19686,13.469,37.8,-183.32,-3.4232,4.8264,-40.282,-161.71,5.5084,5.5084,-161.71,-40.282,4.8264,-3.4232,-88.705,-3.4232,-21.306,-0.19686,-10.821,-5.1744,-13.779,47.495,-13.779,-5.1744,-10.821,-0.19686,-21.306,-3.4232,-88.705,-34.411,-12.364,0.33768,3.1962,23.141,3.1962,0.33768,-12.364,-34.411,-112.81,-34.411,4.8264,-1.6668,31.529,-5.1744,-15.113,108.25,108.25,-15.113,-5.1744,31.529,-1.6668,4.8264,-34.411,-112.81,62.398,-9.5387,19.289,56.664,56.664,19.289,-9.5387,62.398,-191.51,62.398,-12.364,-40.282,-17.65,-77.829,-13.779,108.25,194.38,108.25,-13.779,-77.829,-17.65,-40.282,-12.364,62.398,-191.51,62.215,10.35,11.169,-94.065,11.169,10.35,62.215,-276.65,62.215,-9.5387,0.33768,-161.71,6.5364,-15.557,47.495,108.25,108.25,47.495,-15.557,6.5364,-161.71,0.33768,-9.5387,62.215,-276.65,-24.215,-9.6266,-59.302,-59.302,-9.6266,-24.215,-50.387,-24.215,10.35,19.289,3.1962,5.5084,12.534,-15.557,-13.779,-15.113,-13.779,-15.557,12.534,5.5084,3.1962,19.289,10.35,-24.215,-50.387,31.269,16.769,5.0873,16.769,31.269,-63.185,31.269,-9.6266,11.169,56.664,23.141,5.5084,6.5364,-77.829,-5.1744,-5.1744,-77.829,6.5364,5.5084,23.141,56.664,11.169,-9.6266,31.269,-63.185,-27.99,15.559,15.559,-27.99,-166.35,-27.99,16.769,-59.302,-94.065,56.664,3.1962,-161.71,-17.65,31.529,-10.821,31.529,-17.65,-161.71,3.1962,56.664,-94.065,-59.302,16.769,-27.99,-166.35,23.041,21.536,23.041,-29.741,23.041,15.559,5.0873,-59.302,11.169,19.289,0.33768,-40.282,-1.6668,-0.19686,-0.19686,-1.6668,-40.282,0.33768,19.289,11.169,-59.302,5.0873,15.559,23.041,-29.741,-7.7759,-7.7759,-39.126,-7.7759,21.536,15.559,16.769,-9.6266,10.35,-9.5387,-12.364,4.8264,-21.306,13.469,-21.306,4.8264,-12.364,-9.5387,10.35,-9.6266,16.769,15.559,21.536,-7.7759,-39.126,-8.1899,-94.81,-8.1899,-7.7759,23.041,-27.99,31.269,-24.215,62.215,62.398,-34.411,-3.4232,37.8,37.8,-3.4232,-34.411,62.398,62.215,-24.215,31.269,-27.99,23.041,-7.7759,-8.1899,-94.81
0,-2.4328e-16,7.3772e-17,-4.4191e-16,1.2002e-15,-2.948e-16,-1.3326e-15,-4.7179e-15,3.741e-16,7.2036e-17,1.3386e-15,-2.3531e-15,0,2.3531e-15,-1.3386e-15,-7.2036e-17,-3.741e-16,4.7179e-15,1.3326e-15,2.948e-16,-1.2002e-15,4.4191e-16,-7.3772e-17,2.4328e-16,2.4328e-16,0,36.193,-12.338,-6.8731,26.473,-22.551,16.57,-100.89,-21.862,-13.324,-25.079,10.753,10.753,-25.079,-13.324,-21.862,-100.89,16.57,-22.551,26.473,-6.8731,-12.338,36.193,-7.3772e-17,-36.193,0,-12.338,5.8926,0.18641,17.932,15.755,17.506,-32.664,-12.956,-28.645,19.308,1.013,19.308,-28.645,-12.956,-32.664,17.506,15.755,17.932,0.18641,5.8926,-12.338,4.4191e-16,12.338,12.338,0,-6.8731,0.18641,14.19,-20.663,17.701,4.0237,11.929,-37.869,-4.0168,-12.491,-12.491,-4.0168,-37.869,11.929,4.0237,17.701,-20.663,14.19,0.18641,-6.8731,-1.2002e-15,6.8731,-5.8926,6.8731,0,26.473,17.932,-20.663,134.38,11.725,-30.633,116.51,-33.37,-118.16,-37.14,-118.16,-33.37,116.51,-30.633,11.725,134.38,-20.663,17.932,26.473,2.948e-16,-26.473,-0.18641,-0.18641,-26.473,0,-22.551,15.755,17.701,11.725,34.944,-3.7098,21.785,16.19,-30.263,-30.263,16.19,21.785,-3.7098,34.944,11.725,17.701,15.755,-22.551,1.3326e-15,22.551,-17.932,-14.19,-17.932,22.551,0,16.57,17.506,4.0237,-30.633,-3.7098,11.217,58.58,5.9987,32.146,5.9987,58.58,11.217,-3.7098,-30.633,4.0237,17.506,16.57,4.7179e-15,-16.57,-15.755,20.663,20.663,-15.755,-16.57,0,-100.89,-32.664,11.929,116.51,21.785,58.58,32.955,-147.07,-147.07,32.955,58.58,21.785,116.51,11.929,-32.664,-100.89,-3.741e-16,100.89,-17.506,-17.701,-134.38,-17.701,-17.506,100.89,0,-21.862,-12.956,-37.869,-33.37,16.19,5.9987,-147.07,-50.281,-147.07,5.9987,16.19,-33.37,-37.869,-12.956,-21.862,-7.2036e-17,21.862,32.664,-4.0237,-11.725,-11.725,-4.0237,32.664,21.862,0,-13.324,-28.645,-4.0168,-118.16,-30.263,32.146,-147.07,-147.07,32.146,-30.263,-118.16,-4.0168,-28.645,-13.324,-1.3386e-15,13.324,12.956,-11.929,30.633,-34.944,30.633,-11.929,12.956,13.324,0,-25.079,19.308,-12.491,-37.14,-30.263,5.9987,32.955,5.9987,-30.263,-37.14,-12.491,19.308,-25.079,2.3531e-15,25.079,28.645,37.869,-116.51,3.7098,3.7098,-116.51,37.869,28.645,25.079,0,10.753,1.013,-12.491,-118.16,16.19,58.58,58.58,16.19,-118.16,-12.491,1.013,10.753,0,-10.753,-19.308,4.0168,33.37,-21.785,-11.217,-21.785,33.37,4.0168,-19.308,-10.753,0,10.753,19.308,-4.0168,-33.37,21.785,11.217,21.785,-33.37,-4.0168,19.308,10.753,-2.3531e-15,-10.753,-1.013,12.491,118.16,-16.19,-58.58,-58.58,-16.19,118.16,12.491,-1.013,-10.753,0,-25.079,-28.645,-37.869,116.51,-3.7098,-3.7098,116.51,-37.869,-28.645,-25.079,1.3386e-15,25.079,-19.308,12.491,37.14,30.263,-5.9987,-32.955,-5.9987,30.263,37.14,12.491,-19.308,25.079,0,-13.324,-12.956,11.929,-30.633,34.944,-30.633,11.929,-12.956,-13.324,7.2036e-17,13.324,28.645,4.0168,118.16,30.263,-32.146,147.07,147.07,-32.146,30.263,118.16,4.0168,28.645,13.324,0,-21.862,-32.664,4.0237,11.725,11.725,4.0237,-32.664,-21.862,3.741e-16,21.862,12.956,37.869,33.37,-16.19,-5.9987,147.07,50.281,147.07,-5.9987,-16.19,33.37,37.869,12.956,21.862,0,-100.89,17.506,17.701,134.38,17.701,17.506,-100.89,-4.7179e-15,100.89,32.664,-11.929,-116.51,-21.785,-58.58,-32.955,147.07,147.07,-32.955,-58.58,-21.785,-116.51,-11.929,32.664,100.89,0,16.57,15.755,-20.663,-20.663,15.755,16.57,-1.3326e-15,-16.57,-17.506,-4.0237,30.633,3.7098,-11.217,-58.58,-5.9987,-32.146,-5.9987,-58.58,-11.217,3.7098,30.633,-4.0237,-17.506,-16.57,0,-22.551,17.932,14.19,17.932,-22.551,-2.948e-16,22.551,-15.755,-17.701,-11.725,-34.944,3.7098,-21.785,-16.19,30.263,30.263,-16.19,-21.785,3.7098,-34.944,-11.725,-17.701,-15.755,22.551,0,26.473,0.18641,0.18641,26.473,1.2002e-15,-26.473,-17.932,20.663,-134.38,-11.725,30.633,-116.51,33.37,118.16,37.14,118.16,33.37,-116.51,30.633,-11.725,-134.38,20.663,-17.932,-26.473,0,-6.8731,5.8926,-6.8731,-4.4191e-16,6.8731,-0.18641,-14.19,20.663,-17.701,-4.0237,-11.929,37.869,4.0168,12.491,12.491,4.0168,37.869,-11.929,-4.0237,-17.701,20.663,-14.19,-0.18641,6.8731,0,-12.338,-12.338,7.3772e-17,12.338,-5.8926,-0.18641,-17.932,-15.755,-17.506,32.664,12.956,28.645,-19.308,-1.013,-19.308,28.645,12.956,32.664,-17.506,-15.755,-17.932,-0.18641,-5.8926,12.338,0,36.193,-2.4328e-16,-36.193,12.338,6.8731,-26.473,22.551,-16.57,100.89,21.862,13.324,25.079,-10.753,-10.753,25.079,13.324,21.862,100.89,-16.57,22.551,-26.473,6.8731,12.338,-36.193,0
