15.281,44.997,45.753,35.984,87.173,100.85,54.519,17.575,4.051,69.857,65.46,33.844,8.0877,33.844,65.46,69.857,4.051,17.575,54.519,100.85,87.173,35.984,45.753,44.997,44.997,44.997,-53.502,55.693,-27.389,68.944,34.183,-34.486,-6.1277,19.313,45.165,-58.207,7.5791,7.5791,-58.207,45.165,19.313,-6.1277,-34.486,34.183,68.944,-27.389,55.693,-53.502,45.753,-53.502,45.753,55.693,-33.441,-30.359,-87.384,-48.494,14.066,17.676,-9.2722,63.216,3.929,-23.391,3.929,63.216,-9.2722,17.676,14.066,-48.494,-87.384,-30.359,-33.441,55.693,35.984,55.693,55.693,35.984,-27.389,-30.359,41.22,-2.5144,18.523,30.356,-4.8648,20.292,31.997,-97.352,-97.352,31.997,20.292,-4.8648,30.356,18.523,-2.5144,41.22,-30.359,-27.389,87.173,-27.389,-33.441,-27.389,87.173,68.944,-87.384,-2.5144,-61.999,-119.26,-166.13,-6.419,-5.6329,-51.113,253.9,-51.113,-5.6329,-6.419,-166.13,-119.26,-61.999,-2.5144,-87.384,68.944,100.85,68.944,-30.359,-30.359,68.944,100.85,34.183,-48.494,18.523,-119.26,-5.6958,4.7342,-23.769,1.9658,115.16,115.16,1.9658,-23.769,4.7342,-5.6958,-119.26,18.523,-48.494,34.183,54.519,34.183,-87.384,41.22,-87.384,34.183,54.519,-34.486,14.066,30.356,-166.13,4.7342,13.954,16.5,37.941,132.44,37.941,16.5,13.954,4.7342,-166.13,30.356,14.066,-34.486,17.575,-34.486,-48.494,-2.5144,-2.5144,-48.494,-34.486,17.575,-6.1277,17.676,-4.8648,-6.419,-23.769,16.5,12.874,-7.3701,-7.3701,12.874,16.5,-23.769,-6.419,-4.8648,17.676,-6.1277,4.051,-6.1277,14.066,18.523,-61.999,18.523,14.066,-6.1277,4.051,19.313,-9.2722,20.292,-5.6329,1.9658,37.941,-7.3701,-3.5125,-7.3701,37.941,1.9658,-5.6329,20.292,-9.2722,19.313,69.857,19.313,17.676,30.356,-119.26,-119.26,30.356,17.676,19.313,69.857,45.165,63.216,31.997,-51.113,115.16,132.44,-7.3701,-7.3701,132.44,115.16,-51.113,31.997,63.216,45.165,65.46,45.165,-9.2722,-4.8648,-166.13,-5.6958,-166.13,-4.8648,-9.2722,45.165,65.46,-58.207,3.929,-97.352,253.9,115.16,37.941,12.874,37.941,115.16,253.9,-97.352,3.929,-58.207,33.844,-58.207,63.216,20.292,-6.419,4.7342,4.7342,-6.419,20.292,63.216,-58.207,33.844,7.5791,-23.391,-97.352,-51.113,1.9658,16.5,16.5,1.9658,-51.113,-97.352,-23.391,7.5791,8.0877,7.5791,3.929,31.997,-5.6329,-23.769,13.954,-23.769,-5.6329,31.997,3.929,7.5791,8.0877,7.5791,3.929,31.997,-5.6329,-23.769,13.954,-23.769,-5.6329,31.997,3.929,7.5791,33.844,7.5791,-23.391,-97.352,-51.113,1.9658,16.5,16.5,1.9658,-51.113,-97.352,-23.391,7.5791,33.844,-58.207,63.216,20.292,-6.419,4.7342,4.7342,-6.419,20.292,63.216,-58.207,65.46,-58.207,3.929,-97.352,253.9,115.16,37.941,12.874,37.941,115.16,253.9,-97.352,3.929,-58.207,65.46,45.165,-9.2722,-4.8648,-166.13,-5.6958,-166.13,-4.8648,-9.2722,45.165,69.857,45.165,63.216,31.997,-51.113,115.16,132.44,-7.3701,-7.3701,132.44,115.16,-51.113,31.997,63.216,45.165,69.857,19.313,17.676,30.356,-119.26,-119.26,30.356,17.676,19.313,4.051,19.313,-9.2722,20.292,-5.6329,1.9658,37.941,-7.3701,-3.5125,-7.3701,37.941,1.9658,-5.6329,20.292,-9.2722,19.313,4.051,-6.1277,14.066,18.523,-61.999,18.523,14.066,-6.1277,17.575,-6.1277,17.676,-4.8648,-6.419,-23.769,16.5,12.874,-7.3701,-7.3701,12.874,16.5,-23.769,-6.419,-4.8648,17.676,-6.1277,17.575,-34.486,-48.494,-2.5144,-2.5144,-48.494,-34.486,54.519,-34.486,14.066,30.356,-166.13,4.7342,13.954,16.5,37.941,132.44,37.941,16.5,13.954,4.7342,-166.13,30.356,14.066,-34.486,54.519,34.183,-87.384,41.22,-87.384,34.183,100.85,34.183,-48.494,18.523,-119.26,-5.6958,4.7342,-23.769,1.9658,115.16,115.16,1.9658,-23.769,4.7342,-5.6958,-119.26,18.523,-48.494,34.183,100.85,68.944,-30.359,-30.359,68.944,87.173,68.944,-87.384,-2.5144,-61.999,-119.26,-166.13,-6.419,-5.6329,-51.113,253.9,-51.113,-5.6329,-6.419,-166.13,-119.26,-61.999,-2.5144,-87.384,68.944,87.173,-27.389,-33.441,-27.389,35.984,-27.389,-30.359,41.22,-2.5144,18.523,30.356,-4.8648,20.292,31.997,-97.352,-97.352,31.997,20.292,-4.8648,30.356,18.523,-2.5144,41.22,-30.359,-27.389,35.984,55.693,55.693,45.753,55.693,-33.441,-30.359,-87.384,-48.494,14.066,17.676,-9.2722,63.216,3.929,-23.391,3.929,63.216,-9.2722,17.676,14.066,-48.494,-87.384,-30.359,-33.441,55.693,45.753,-53.502,44.997,-53.502,55.693,-27.389,68.944,34.183,-34.486,-6.1277,19.313,45.165,-58.207,7.5791,7.5791,-58.207,45.165,19.313,-6.1277,-34.486,34.183,68.944,-27.389,55.693,-53.502,44.997
0,1.8904e-16,1.5371e-16,6.2591e-16,5.667e-16,1.1729e-15,0,2.2883e-16,-1.8854e-17,-5.1368e-16,-5.7872e-16,-2.9769e-16,0,2.9769e-16,5.7872e-16,5.1368e-16,1.8854e-17,-2.2883e-16,0,-1.1729e-15,-5.667e-16,-6.2591e-16,-1.5371e-16,-1.8904e-16,-1.8904e-16,0,20.294,3.3194,62.281,-96.305,120.34,-35.894,-7.4555,-0.94146,46.088,41.661,-12.355,-12.355,41.661,46.088,-0.94146,-7.4555,-35.894,120.34,-96.305,62.281,3.3194,20.294,-1.5371e-16,-20.294,0,3.3194,24.743,-51.417,-109.9,42.949,5.7901,33.484,-55.266,-34.064,-15.388,146.85,-15.388,-34.064,-55.266,33.484,5.7901,42.949,-109.9,-51.417,24.743,3.3194,-6.2591e-16,-3.3194,-3.3194,0,62.281,-51.417,-6.8676,56.173,19.574,-53.805,9.7146,-4.5532,-5.4581,12.268,12.268,-5.4581,-4.5532,9.7146,-53.805,19.574,56.173,-6.8676,-51.417,62.281,-5.667e-16,-62.281,-24.743,-62.281,0,-96.305,-109.9,56.173,-6.9628,-164.31,-43.122,23.157,-5.1868,-68.862,-245.57,-68.862,-5.1868,23.157,-43.122,-164.31,-6.9628,56.173,-109.9,-96.305,-1.1729e-15,96.305,51.417,51.417,96.305,0,120.34,42.949,19.574,-164.31,-114.27,-11.622,15.818,-30.909,13.982,13.982,-30.909,15.818,-11.622,-114.27,-164.31,19.574,42.949,120.34,0,-120.34,109.9,6.8676,109.9,-120.34,0,-35.894,5.7901,-53.805,-43.122,-11.622,-30.278,-6.8382,-21.83,-18.728,-21.83,-6.8382,-30.278,-11.622,-43.122,-53.805,5.7901,-35.894,-2.2883e-16,35.894,-42.949,-56.173,-56.173,-42.949,35.894,0,-7.4555,33.484,9.7146,23.157,15.818,-6.8382,-4.603,13.948,13.948,-4.603,-6.8382,15.818,23.157,9.7146,33.484,-7.4555,1.8854e-17,7.4555,-5.7901,-19.574,6.9628,-19.574,-5.7901,7.4555,0,-0.94146,-55.266,-4.5532,-5.1868,-30.909,-21.83,13.948,-0.10922,13.948,-21.83,-30.909,-5.1868,-4.5532,-55.266,-0.94146,5.1368e-16,0.94146,-33.484,53.805,164.31,164.31,53.805,-33.484,0.94146,0,46.088,-34.064,-5.4581,-68.862,13.982,-18.728,13.948,13.948,-18.728,13.982,-68.862,-5.4581,-34.064,46.088,5.7872e-16,-46.088,55.266,-9.7146,43.122,114.27,43.122,-9.7146,55.266,-46.088,0,41.661,-15.388,12.268,-245.57,13.982,-21.83,-4.603,-21.83,13.982,-245.57,12.268,-15.388,41.661,2.9769e-16,-41.661,34.064,4.5532,-23.157,11.622,11.622,-23.157,4.5532,34.064,-41.661,0,-12.355,146.85,12.268,-68.862,-30.909,-6.8382,-6.8382,-30.909,-68.862,12.268,146.85,-12.355,0,12.355,15.388,5.4581,5.1868,-15.818,30.278,-15.818,5.1868,5.4581,15.388,12.355,0,-12.355,-15.388,-5.4581,-5.1868,15.818,-30.278,15.818,-5.1868,-5.4581,-15.388,-12.355,-2.9769e-16,12.355,-146.85,-12.268,68.862,30.909,6.8382,6.8382,30.909,68.862,-12.268,-146.85,12.355,0,41.661,-34.064,-4.5532,23.157,-11.622,-11.622,23.157,-4.5532,-34.064,41.661,-5.7872e-16,-41.661,15.388,-12.268,245.57,-13.982,21.83,4.603,21.83,-13.982,245.57,-12.268,15.388,-41.661,0,46.088,-55.266,9.7146,-43.122,-114.27,-43.122,9.7146,-55.266,46.088,-5.1368e-16,-46.088,34.064,5.4581,68.862,-13.982,18.728,-13.948,-13.948,18.728,-13.982,68.862,5.4581,34.064,-46.088,0,-0.94146,33.484,-53.805,-164.31,-164.31,-53.805,33.484,-0.94146,-1.8854e-17,0.94146,55.266,4.5532,5.1868,30.909,21.83,-13.948,0.10922,-13.948,21.83,30.909,5.1868,4.5532,55.266,0.94146,0,-7.4555,5.7901,19.574,-6.9628,19.574,5.7901,-7.4555,2.2883e-16,7.4555,-33.484,-9.7146,-23.157,-15.818,6.8382,4.603,-13.948,-13.948,4.603,6.8382,-15.818,-23.157,-9.7146,-33.484,7.4555,0,-35.894,42.949,56.173,56.173,42.949,-35.894,0,35.894,-5.7901,53.805,43.122,11.622,30.278,6.8382,21.83,18.728,21.83,6.8382,30.278,11.622,43.122,53.805,-5.7901,35.894,0,120.34,-109.9,-6.8676,-109.9,120.34,1.1729e-15,-120.34,-42.949,-19.574,164.31,114.27,11.622,-15.818,30.909,-13.982,-13.982,30.909,-15.818,11.622,114.27,164.31,-19.574,-42.949,-120.34,0,-96.305,-51.417,-51.417,-96.305,5.667e-16,96.305,109.9,-56.173,6.9628,164.31,43.122,-23.157,5.1868,68.862,245.57,68.862,5.1868,-23.157,43.122,164.31,6.9628,-56.173,109.9,96.305,0,62.281,24.743,62.281,6.2591e-16,-62.281,51.417,6.8676,-56.173,-19.574,53.805,-9.7146,4.5532,5.4581,-12.268,-12.268,5.4581,4.5532,-9.7146,53.805,-19.574,-56.173,6.8676,51.417,-62.281,0,3.3194,3.3194,1.5371e-16,-3.3194,-24.743,51.417,109.9,-42.949,-5.7901,-33.484,55.266,34.064,15.388,-146.85,15.388,34.064,55.266,-33.484,-5.7901,-42.949,109.9,51.417,-24.743,-3.3194,0,20.294,1.8904e-16,-20.294,-3.3194,-62.281,96.305,-120.34,35.894,7.4555,0.94146,-46.088,-41.661,12.355,12.355,-41.661,-46.088,0.94146,7.4555,35.894,-120.34,96.305,-62.281,-3.3194,-20.294,0
