-4.876,-29.237,36.765,-110.97,-40.357,13.167,-35.569,-9.7813,24.915,-2.1977,-50.591,-95.135,-6.4769,-95.135,-50.591,-2.1977,24.915,-9.7813,-35.569,13.167,-40.357,-110.97,36.765,-29.237,-29.237,-29.237,-121.46,-39.409,-148.02,15.76,-9.1677,10.426,-71.092,3.7615,-8.0242,24.124,-49.737,-49.737,24.124,-8.0242,3.7615,-71.092,10.426,-9.1677,15.76,-148.02,-39.409,-121.46,36.765,-121.46,36.765,-39.409,-94.404,74.964,-137.7,77.664,5.9065,14.005,102.48,-27.977,-11.342,-176,-11.342,-27.977,102.48,14.005,5.9065,77.664,-137.7,74.964,-94.404,-39.409,-110.97,-39.409,-39.409,-110.97,-148.02,74.964,-164.94,118.81,-25.586,23.45,-24.577,-123.89,-4.1321,147.91,147.91,-4.1321,-123.89,-24.577,23.45,-25.586,118.81,-164.94,74.964,-148.02,-40.357,-148.02,-94.404,-148.02,-40.357,15.76,-137.7,118.81,42.559,33.658,-64.84,-72.742,-18.413,-14.153,55.809,-14.153,-18.413,-72.742,-64.84,33.658,42.559,118.81,-137.7,15.76,13.167,15.76,74.964,74.964,15.76,13.167,-9.1677,77.664,-25.586,33.658,-35.596,-45.813,15.175,-30.149,-1.0266,-1.0266,-30.149,15.175,-45.813,-35.596,33.658,-25.586,77.664,-9.1677,-35.569,-9.1677,-137.7,-164.94,-137.7,-9.1677,-35.569,10.426,5.9065,23.45,-64.84,-45.813,31.371,-105.55,7.8443,5.8472,7.8443,-105.55,31.371,-45.813,-64.84,23.45,5.9065,10.426,-9.7813,10.426,77.664,118.81,118.81,77.664,10.426,-9.7813,-71.092,14.005,-24.577,-72.742,15.175,-105.55,-53.393,-10.361,-10.361,-53.393,-105.55,15.175,-72.742,-24.577,14.005,-71.092,24.915,-71.092,5.9065,-25.586,42.559,-25.586,5.9065,-71.092,24.915,3.7615,102.48,-123.89,-18.413,-30.149,7.8443,-10.361,-28.955,-10.361,7.8443,-30.149,-18.413,-123.89,102.48,3.7615,-2.1977,3.7615,14.005,23.45,33.658,33.658,23.45,14.005,3.7615,-2.1977,-8.0242,-27.977,-4.1321,-14.153,-1.0266,5.8472,-10.361,-10.361,5.8472,-1.0266,-14.153,-4.1321,-27.977,-8.0242,-50.591,-8.0242,102.48,-24.577,-64.84,-35.596,-64.84,-24.577,102.48,-8.0242,-50.591,24.124,-11.342,147.91,55.809,-1.0266,7.8443,-53.393,7.8443,-1.0266,55.809,147.91,-11.342,24.124,-95.135,24.124,-27.977,-123.89,-72.742,-45.813,-45.813,-72.742,-123.89,-27.977,24.124,-95.135,-49.737,-176,147.91,-14.153,-30.149,-105.55,-105.55,-30.149,-14.153,147.91,-176,-49.737,-6.4769,-49.737,-11.342,-4.1321,-18.413,15.175,31.371,15.175,-18.413,-4.1321,-11.342,-49.737,-6.4769,-49.737,-11.342,-4.1321,-18.413,15.175,31.371,15.175,-18.413,-4.1321,-11.342,-49.737,-95.135,-49.737,-176,147.91,-14.153,-30.149,-105.55,-105.55,-30.149,-14.153,147.91,-176,-49.737,-95.135,24.124,-27.977,-123.89,-72.742,-45.813,-45.813,-72.742,-123.89,-27.977,24.124,-50.591,24.124,-11.342,147.91,55.809,-1.0266,7.8443,-53.393,7.8443,-1.0266,55.809,147.91,-11.342,24.124,-50.591,-8.0242,102.48,-24.577,-64.84,-35.596,-64.84,-24.577,102.48,-8.0242,-2.1977,-8.0242,-27.977,-4.1321,-14.153,-1.0266,5.8472,-10.361,-10.361,5.8472,-1.0266,-14.153,-4.1321,-27.977,-8.0242,-2.1977,3.7615,14.005,23.45,33.658,33.658,23.45,14.005,3.7615,24.915,3.7615,102.48,-123.89,-18.413,-30.149,7.8443,-10.361,-28.955,-10.361,7.8443,-30.149,-18.413,-123.89,102.48,3.7615,24.915,-71.092,5.9065,-25.586,42.559,-25.586,5.9065,-71.092,-9.7813,-71.092,14.005,-24.577,-72.742,15.175,-105.55,-53.393,-10.361,-10.361,-53.393,-105.55,15.175,-72.742,-24.577,14.005,-71.092,-9.7813,10.426,77.664,118.81,118.81,77.664,10.426,-35.569,10.426,5.9065,23.45,-64.84,-45.813,31.371,-105.55,7.8443,5.8472,7.8443,-105.55,31.371,-45.813,-64.84,23.45,5.9065,10.426,-35.569,-9.1677,-137.7,-164.94,-137.7,-9.1677,13.167,-9.1677,77.664,-25.586,33.658,-35.596,-45.813,15.175,-30.149,-1.0266,-1.0266,-30.149,15.175,-45.813,-35.596,33.658,-25.586,77.664,-9.1677,13.167,15.76,74.964,74.964,15.76,-40.357,15.76,-137.7,118.81,42.559,33.658,-64.84,-72.742,-18.413,-14.153,55.809,-14.153,-18.413,-72.742,-64.84,33.658,42.559,118.81,-137.7,15.76,-40.357,-148.02,-94.404,-148.02,-110.97,-148.02,74.964,-164.94,118.81,-25.586,23.45,-24.577,-123.89,-4.1321,147.91,147.91,-4.1321,-123.89,-24.577,23.45,-25.586,118.81,-164.94,74.964,-148.02,-110.97,-39.409,-39.409,36.765,-39.409,-94.404,74.964,-137.7,77.664,5.9065,14.005,102.48,-27.977,-11.342,-176,-11.342,-27.977,102.48,14.005,5.9065,77.664,-137.7,74.964,-94.404,-39.409,36.765,-121.46,-29.237,-121.46,-39.409,-148.02,15.76,-9.1677,10.426,-71.092,3.7615,-8.0242,24.124,-49.737,-49.737,24.124,-8.0242,3.7615,-71.092,10.426,-9.1677,15.76,-148.02,-39.409,-121.46,-29.237
0,4.4767e-16,9.0829e-16,2.3084e-15,1.1863e-15,-3.6102e-16,-2.9658e-16,-4.0335e-16,2.2611e-16,-2.8025e-17,4.9573e-16,0,0,0,-4.9573e-16,2.8025e-17,-2.2611e-16,4.0335e-16,2.9658e-16,3.6102e-16,-1.1863e-15,-2.3084e-15,-9.0829e-16,-4.4767e-16,-4.4767e-16,0,17.224,142.69,16.554,83.784,-87.401,-71.87,-15.644,2.2355,23.883,-149.57,20.538,20.538,-149.57,23.883,2.2355,-15.644,-71.87,-87.401,83.784,16.554,142.69,17.224,-9.0829e-16,-17.224,0,142.69,17.213,46.794,21.267,-56.088,-110.63,9.2056,30.544,-45.52,-40.563,108.08,-40.563,-45.52,30.544,9.2056,-110.63,-56.088,21.267,46.794,17.213,142.69,-2.3084e-15,-142.69,-142.69,0,16.554,46.794,-121.26,-47.559,36.007,-38.538,117.39,-0.18858,-15.626,-193.76,-193.76,-15.626,-0.18858,117.39,-38.538,36.007,-47.559,-121.26,46.794,16.554,-1.1863e-15,-16.554,-17.213,-16.554,0,83.784,21.267,-47.559,-28.606,27.697,-69.91,-51.699,7.6972,-54.398,94.631,-54.398,7.6972,-51.699,-69.91,27.697,-28.606,-47.559,21.267,83.784,3.6102e-16,-83.784,-46.794,-46.794,-83.784,0,-87.401,-56.088,36.007,27.697,83.834,160.51,-7.8402,8.1968,28.058,28.058,8.1968,-7.8402,160.51,83.834,27.697,36.007,-56.088,-87.401,2.9658e-16,87.401,-21.267,121.26,-21.267,87.401,0,-71.87,-110.63,-38.538,-69.91,160.51,-11.303,5.4139,-32.952,-5.7542,-32.952,5.4139,-11.303,160.51,-69.91,-38.538,-110.63,-71.87,4.0335e-16,71.87,56.088,47.559,47.559,56.088,71.87,0,-15.644,9.2056,117.39,-51.699,-7.8402,5.4139,11.821,24.786,24.786,11.821,5.4139,-7.8402,-51.699,117.39,9.2056,-15.644,-2.2611e-16,15.644,110.63,-36.007,28.606,-36.007,110.63,15.644,0,2.2355,30.544,-0.18858,7.6972,8.1968,-32.952,24.786,-75.336,24.786,-32.952,8.1968,7.6972,-0.18858,30.544,2.2355,2.8025e-17,-2.2355,-9.2056,38.538,-27.697,-27.697,38.538,-9.2056,-2.2355,0,23.883,-45.52,-15.626,-54.398,28.058,-5.7542,24.786,24.786,-5.7542,28.058,-54.398,-15.626,-45.52,23.883,-4.9573e-16,-23.883,-30.544,-117.39,69.91,-83.834,69.91,-117.39,-30.544,-23.883,0,-149.57,-40.563,-193.76,94.631,28.058,-32.952,11.821,-32.952,28.058,94.631,-193.76,-40.563,-149.57,0,149.57,45.52,0.18858,51.699,-160.51,-160.51,51.699,0.18858,45.52,149.57,0,20.538,108.08,-193.76,-54.398,8.1968,5.4139,5.4139,8.1968,-54.398,-193.76,108.08,20.538,0,-20.538,40.563,15.626,-7.6972,7.8402,11.303,7.8402,-7.6972,15.626,40.563,-20.538,0,20.538,-40.563,-15.626,7.6972,-7.8402,-11.303,-7.8402,7.6972,-15.626,-40.563,20.538,0,-20.538,-108.08,193.76,54.398,-8.1968,-5.4139,-5.4139,-8.1968,54.398,193.76,-108.08,-20.538,0,-149.57,-45.52,-0.18858,-51.699,160.51,160.51,-51.699,-0.18858,-45.52,-149.57,4.9573e-16,149.57,40.563,193.76,-94.631,-28.058,32.952,-11.821,32.952,-28.058,-94.631,193.76,40.563,149.57,0,23.883,30.544,117.39,-69.91,83.834,-69.91,117.39,30.544,23.883,-2.8025e-17,-23.883,45.52,15.626,54.398,-28.058,5.7542,-24.786,-24.786,5.7542,-28.058,54.398,15.626,45.52,-23.883,0,2.2355,9.2056,-38.538,27.697,27.697,-38.538,9.2056,2.2355,2.2611e-16,-2.2355,-30.544,0.18858,-7.6972,-8.1968,32.952,-24.786,75.336,-24.786,32.952,-8.1968,-7.6972,0.18858,-30.544,-2.2355,0,-15.644,-110.63,36.007,-28.606,36.007,-110.63,-15.644,-4.0335e-16,15.644,-9.2056,-117.39,51.699,7.8402,-5.4139,-11.821,-24.786,-24.786,-11.821,-5.4139,7.8402,51.699,-117.39,-9.2056,15.644,0,-71.87,-56.088,-47.559,-47.559,-56.088,-71.87,-2.9658e-16,71.87,110.63,38.538,69.91,-160.51,11.303,-5.4139,32.952,5.7542,32.952,-5.4139,11.303,-160.51,69.91,38.538,110.63,71.87,0,-87.401,21.267,-121.26,21.267,-87.401,-3.6102e-16,87.401,56.088,-36.007,-27.697,-83.834,-160.51,7.8402,-8.1968,-28.058,-28.058,-8.1968,7.8402,-160.51,-83.834,-27.697,-36.007,56.088,87.401,0,83.784,46.794,46.794,83.784,1.1863e-15,-83.784,-21.267,47.559,28.606,-27.697,69.91,51.699,-7.6972,54.398,-94.631,54.398,-7.6972,51.699,69.91,-27.697,28.606,47.559,-21.267,-83.784,0,16.554,17.213,16.554,2.3084e-15,-16.554,-46.794,121.26,47.559,-36.007,38.538,-117.39,0.18858,15.626,193.76,193.76,15.626,0.18858,-117.39,38.538,-36.007,47.559,121.26,-46.794,-16.554,0,142.69,142.69,9.0829e-16,-142.69,-17.213,-46.794,-21.267,56.088,110.63,-9.2056,-30.544,45.52,40.563,-108.08,40.563,45.52,-30.544,-9.2056,110.63,56.088,-21.267,-46.794,-17.213,-142.69,0,17.224,4.4767e-16,-17.224,-142.69,-16.554,-83.784,87.401,71.87,15.644,-2.2355,-23.883,149.57,-20.538,-20.538,149.57,-23.883,-2.2355,15.644,71.87,87.401,-83.784,-16.554,-142.69,-17.224,0
