514.62,239.93,147.47,124.58,235.21,160.8,115.13,132.55,107.03,42.548,153.69,358.64,15.717,358.64,153.69,42.548,107.03,132.55,115.13,160.8,235.21,124.58,147.47,239.93,239.93,239.93,87.386,-109.97,-5.005,77.005,-81.612,84.435,-58.424,45.72,48.061,-175.9,-31.059,-31.059,-175.9,48.061,45.72,-58.424,84.435,-81.612,77.005,-5.005,-109.97,87.386,147.47,87.386,147.47,-109.97,-50.406,-14.737,-82.797,-37.637,-11.558,15.622,-12.495,23.365,-15.929,-207.89,-15.929,23.365,-12.495,15.622,-11.558,-37.637,-82.797,-14.737,-50.406,-109.97,124.58,-109.97,-109.97,124.58,-5.005,-14.737,38.792,78.624,42.732,-33.095,-73.671,-80.298,13.835,-188.44,-188.44,13.835,-80.298,-73.671,-33.095,42.732,78.624,38.792,-14.737,-5.005,235.21,-5.005,-50.406,-5.005,235.21,77.005,-82.797,78.624,98.929,49.228,-104.05,24.138,2.1856,36.054,-110.45,36.054,2.1856,24.138,-104.05,49.228,98.929,78.624,-82.797,77.005,160.8,77.005,-14.737,-14.737,77.005,160.8,-81.612,-37.637,42.732,49.228,-80.444,-67.213,24.963,108.23,-40.207,-40.207,108.23,24.963,-67.213,-80.444,49.228,42.732,-37.637,-81.612,115.13,-81.612,-82.797,38.792,-82.797,-81.612,115.13,84.435,-11.558,-33.095,-104.05,-67.213,-16.406,70.59,49.743,21.643,49.743,70.59,-16.406,-67.213,-104.05,-33.095,-11.558,84.435,132.55,84.435,-37.637,78.624,78.624,-37.637,84.435,132.55,-58.424,15.622,-73.671,24.138,24.963,70.59,-7.24,19.734,19.734,-7.24,70.59,24.963,24.138,-73.671,15.622,-58.424,107.03,-58.424,-11.558,42.732,98.929,42.732,-11.558,-58.424,107.03,45.72,-12.495,-80.298,2.1856,108.23,49.743,19.734,-43.194,19.734,49.743,108.23,2.1856,-80.298,-12.495,45.72,42.548,45.72,15.622,-33.095,49.228,49.228,-33.095,15.622,45.72,42.548,48.061,23.365,13.835,36.054,-40.207,21.643,19.734,19.734,21.643,-40.207,36.054,13.835,23.365,48.061,153.69,48.061,-12.495,-73.671,-104.05,-80.444,-104.05,-73.671,-12.495,48.061,153.69,-175.9,-15.929,-188.44,-110.45,-40.207,49.743,-7.24,49.743,-40.207,-110.45,-188.44,-15.929,-175.9,358.64,-175.9,23.365,-80.298,24.138,-67.213,-67.213,24.138,-80.298,23.365,-175.9,358.64,-31.059,-207.89,-188.44,36.054,108.23,70.59,70.59,108.23,36.054,-188.44,-207.89,-31.059,15.717,-31.059,-15.929,13.835,2.1856,24.963,-16.406,24.963,2.1856,13.835,-15.929,-31.059,15.717,-31.059,-15.929,13.835,2.1856,24.963,-16.406,24.963,2.1856,13.835,-15.929,-31.059,358.64,-31.059,-207.89,-188.44,36.054,108.23,70.59,70.59,108.23,36.054,-188.44,-207.89,-31.059,358.64,-175.9,23.365,-80.298,24.138,-67.213,-67.213,24.138,-80.298,23.365,-175.9,153.69,-175.9,-15.929,-188.44,-110.45,-40.207,49.743,-7.24,49.743,-40.207,-110.45,-188.44,-15.929,-175.9,153.69,48.061,-12.495,-73.671,-104.05,-80.444,-104.05,-73.671,-12.495,48.061,42.548,48.061,23.365,13.835,36.054,-40.207,21.643,19.734,19.734,21.643,-40.207,36.054,13.835,23.365,48.061,42.548,45.72,15.622,-33.095,49.228,49.228,-33.095,15.622,45.72,107.03,45.72,-12.495,-80.298,2.1856,108.23,49.743,19.734,-43.194,19.734,49.743,108.23,2.1856,-80.298,-12.495,45.72,107.03,-58.424,-11.558,42.732,98.929,42.732,-11.558,-58.424,132.55,-58.424,15.622,-73.671,24.138,24.963,70.59,-7.24,19.734,19.734,-7.24,70.59,24.963,24.138,-73.671,15.622,-58.424,132.55,84.435,-37.637,78.624,78.624,-37.637,84.435,115.13,84.435,-11.558,-33.095,-104.05,-67.213,-16.406,70.59,49.743,21.643,49.743,70.59,-16.406,-67.213,-104.05,-33.095,-11.558,84.435,115.13,-81.612,-82.797,38.792,-82.797,-81.612,160.8,-81.612,-37.637,42.732,49.228,-80.444,-67.213,24.963,108.23,-40.207,-40.207,108.23,24.963,-67.213,-80.444,49.228,42.732,-37.637,-81.612,160.8,77.005,-14.737,-14.737,77.005,235.21,77.005,-82.797,78.624,98.929,49.228,-104.05,24.138,2.1856,36.054,-110.45,36.054,2.1856,24.138,-104.05,49.228,98.929,78.624,-82.797,77.005,235.21,-5.005,-50.406,-5.005,124.58,-5.005,-14.737,38.792,78.624,42.732,-33.095,-73.671,-80.298,13.835,-188.44,-188.44,13.835,-80.298,-73.671,-33.095,42.732,78.624,38.792,-14.737,-5.005,124.58,-109.97,-109.97,147.47,-109.97,-50.406,-14.737,-82.797,-37.637,-11.558,15.622,-12.495,23.365,-15.929,-207.89,-15.929,23.365,-12.495,15.622,-11.558,-37.637,-82.797,-14.737,-50.406,-109.97,147.47,87.386,239.93,87.386,-109.97,-5.005,77.005,-81.612,84.435,-58.424,45.72,48.061,-175.9,-31.059,-31.059,-175.9,48.061,45.72,-58.424,84.435,-81.612,77.005,-5.005,-109.97,87.386,239.93
0,-1.5117e-15,4.5887e-15,-2.2084e-16,-2.2725e-15,1.1966e-15,-1.1904e-15,-1.1882e-15,2.4802e-17,6.8308e-16,-5.5401e-16,5.8903e-15,0,-5.8903e-15,5.5401e-16,-6.8308e-16,-2.4802e-17,1.1882e-15,1.1904e-15,-1.1966e-15,2.2725e-15,2.2084e-16,-4.5887e-15,1.5117e-15,1.5117e-15,0,91.234,-25.916,125.37,113.89,36.233,15.76,61.335,-19.986,-10.864,104.05,44.949,44.949,104.05,-10.864,-19.986,61.335,15.76,36.233,113.89,125.37,-25.916,91.234,-4.5887e-15,-91.234,0,-25.916,-69.297,63.756,35.727,68.422,72.522,46.312,-67.541,72.576,-35.335,-121.03,-35.335,72.576,-67.541,46.312,72.522,68.422,35.727,63.756,-69.297,-25.916,2.2084e-16,25.916,25.916,0,125.37,63.756,83.216,-29.508,49.463,-41.957,-16.813,-61.871,-0.98117,33.034,33.034,-0.98117,-61.871,-16.813,-41.957,49.463,-29.508,83.216,63.756,125.37,2.2725e-15,-125.37,69.297,-125.37,0,113.89,35.727,-29.508,65.435,-43.017,82.778,-148.61,-29.377,86.949,-43.156,86.949,-29.377,-148.61,82.778,-43.017,65.435,-29.508,35.727,113.89,-1.1966e-15,-113.89,-63.756,-63.756,-113.89,0,36.233,68.422,49.463,-43.017,-77.948,-103.14,-5.5817,-32.939,7.6731,7.6731,-32.939,-5.5817,-103.14,-77.948,-43.017,49.463,68.422,36.233,1.1904e-15,-36.233,-35.727,-83.216,-35.727,-36.233,0,15.76,72.522,-41.957,82.778,-103.14,-6.2384,-74.455,-35.002,-1.4126,-35.002,-74.455,-6.2384,-103.14,82.778,-41.957,72.522,15.76,1.1882e-15,-15.76,-68.422,29.508,29.508,-68.422,-15.76,0,61.335,46.312,-16.813,-148.61,-5.5817,-74.455,83.077,-27.951,-27.951,83.077,-74.455,-5.5817,-148.61,-16.813,46.312,61.335,-2.4802e-17,-61.335,-72.522,-49.463,-65.435,-49.463,-72.522,-61.335,0,-19.986,-67.541,-61.871,-29.377,-32.939,-35.002,-27.951,23.629,-27.951,-35.002,-32.939,-29.377,-61.871,-67.541,-19.986,-6.8308e-16,19.986,-46.312,41.957,43.017,43.017,41.957,-46.312,19.986,0,-10.864,72.576,-0.98117,86.949,7.6731,-1.4126,-27.951,-27.951,-1.4126,7.6731,86.949,-0.98117,72.576,-10.864,5.5401e-16,10.864,67.541,16.813,-82.778,77.948,-82.778,16.813,67.541,10.864,0,104.05,-35.335,33.034,-43.156,7.6731,-35.002,83.077,-35.002,7.6731,-43.156,33.034,-35.335,104.05,-5.8903e-15,-104.05,-72.576,61.871,148.61,103.14,103.14,148.61,61.871,-72.576,-104.05,0,44.949,-121.03,33.034,86.949,-32.939,-74.455,-74.455,-32.939,86.949,33.034,-121.03,44.949,0,-44.949,35.335,0.98117,29.377,5.5817,6.2384,5.5817,29.377,0.98117,35.335,-44.949,0,44.949,-35.335,-0.98117,-29.377,-5.5817,-6.2384,-5.5817,-29.377,-0.98117,-35.335,44.949,5.8903e-15,-44.949,121.03,-33.034,-86.949,32.939,74.455,74.455,32.939,-86.949,-33.034,121.03,-44.949,0,104.05,72.576,-61.871,-148.61,-103.14,-103.14,-148.61,-61.871,72.576,104.05,-5.5401e-16,-104.05,35.335,-33.034,43.156,-7.6731,35.002,-83.077,35.002,-7.6731,43.156,-33.034,35.335,-104.05,0,-10.864,-67.541,-16.813,82.778,-77.948,82.778,-16.813,-67.541,-10.864,6.8308e-16,10.864,-72.576,0.98117,-86.949,-7.6731,1.4126,27.951,27.951,1.4126,-7.6731,-86.949,0.98117,-72.576,10.864,0,-19.986,46.312,-41.957,-43.017,-43.017,-41.957,46.312,-19.986,2.4802e-17,19.986,67.541,61.871,29.377,32.939,35.002,27.951,-23.629,27.951,35.002,32.939,29.377,61.871,67.541,19.986,0,61.335,72.522,49.463,65.435,49.463,72.522,61.335,-1.1882e-15,-61.335,-46.312,16.813,148.61,5.5817,74.455,-83.077,27.951,27.951,-83.077,74.455,5.5817,148.61,16.813,-46.312,-61.335,0,15.76,68.422,-29.508,-29.508,68.422,15.76,-1.1904e-15,-15.76,-72.522,41.957,-82.778,103.14,6.2384,74.455,35.002,1.4126,35.002,74.455,6.2384,103.14,-82.778,41.957,-72.522,-15.76,0,36.233,35.727,83.216,35.727,36.233,1.1966e-15,-36.233,-68.422,-49.463,43.017,77.948,103.14,5.5817,32.939,-7.6731,-7.6731,32.939,5.5817,103.14,77.948,43.017,-49.463,-68.422,-36.233,0,113.89,63.756,63.756,113.89,-2.2725e-15,-113.89,-35.727,29.508,-65.435,43.017,-82.778,148.61,29.377,-86.949,43.156,-86.949,29.377,148.61,-82.778,43.017,-65.435,29.508,-35.727,-113.89,0,125.37,-69.297,125.37,-2.2084e-16,-125.37,-63.756,-83.216,29.508,-49.463,41.957,16.813,61.871,0.98117,-33.034,-33.034,0.98117,61.871,16.813,41.957,-49.463,29.508,-83.216,-63.756,-125.37,0,-25.916,-25.916,4.5887e-15,25.916,69.297,-63.756,-35.727,-68.422,-72.522,-46.312,67.541,-72.576,35.335,121.03,35.335,-72.576,67.541,-46.312,-72.522,-68.422,-35.727,-63.756,69.297,25.916,0,91.234,-1.5117e-15,-91.234,25.916,-125.37,-113.89,-36.233,-15.76,-61.335,19.986,10.864,-104.05,-44.949,-44.949,-104.05,10.864,19.986,-61.335,-15.76,-36.233,-113.89,-125.37,25.916,-91.234,0
