7.2934,104.06,53.014,36.929,101.25,95.752,131.22,18.424,168.6,55.072,51.178,61.924,6.0392,61.924,51.178,55.072,168.6,18.424,131.22,95.752,101.25,36.929,53.014,104.06,104.06,104.06,149.35,119.61,-101.13,166.77,153.72,124.28,-0.69886,354.04,-35.869,45.133,-4.9965,-4.9965,45.133,-35.869,354.04,-0.69886,124.28,153.72,166.77,-101.13,119.61,149.35,53.014,149.35,53.014,119.61,-156.8,5.4491,-22.506,-18.917,-50.111,24.279,-217.34,-69.557,-17.727,-127,-17.727,-69.557,-217.34,24.279,-50.111,-18.917,-22.506,5.4491,-156.8,119.61,36.929,119.61,119.61,36.929,-101.13,5.4491,9.6205,52.789,89.57,33.52,-12.531,25.338,16.634,77.738,77.738,16.634,25.338,-12.531,33.52,89.57,52.789,9.6205,5.4491,-101.13,101.25,-101.13,-156.8,-101.13,101.25,166.77,-22.506,52.789,-314.89,-181.78,-45.404,-52.988,-5.5207,55.315,-8.8971,55.315,-5.5207,-52.988,-45.404,-181.78,-314.89,52.789,-22.506,166.77,95.752,166.77,5.4491,5.4491,166.77,95.752,153.72,-18.917,89.57,-181.78,146.66,-256.65,24.118,116.22,30.171,30.171,116.22,24.118,-256.65,146.66,-181.78,89.57,-18.917,153.72,131.22,153.72,-22.506,9.6205,-22.506,153.72,131.22,124.28,-50.111,33.52,-45.404,-256.65,164.42,-65.665,-40.739,-32.919,-40.739,-65.665,164.42,-256.65,-45.404,33.52,-50.111,124.28,18.424,124.28,-18.917,52.789,52.789,-18.917,124.28,18.424,-0.69886,24.279,-12.531,-52.988,24.118,-65.665,-43.452,-25.463,-25.463,-43.452,-65.665,24.118,-52.988,-12.531,24.279,-0.69886,168.6,-0.69886,-50.111,89.57,-314.89,89.57,-50.111,-0.69886,168.6,354.04,-217.34,25.338,-5.5207,116.22,-40.739,-25.463,549.33,-25.463,-40.739,116.22,-5.5207,25.338,-217.34,354.04,55.072,354.04,24.279,33.52,-181.78,-181.78,33.52,24.279,354.04,55.072,-35.869,-69.557,16.634,55.315,30.171,-32.919,-25.463,-25.463,-32.919,30.171,55.315,16.634,-69.557,-35.869,51.178,-35.869,-217.34,-12.531,-45.404,146.66,-45.404,-12.531,-217.34,-35.869,51.178,45.133,-17.727,77.738,-8.8971,30.171,-40.739,-43.452,-40.739,30.171,-8.8971,77.738,-17.727,45.133,61.924,45.133,-69.557,25.338,-52.988,-256.65,-256.65,-52.988,25.338,-69.557,45.133,61.924,-4.9965,-127,77.738,55.315,116.22,-65.665,-65.665,116.22,55.315,77.738,-127,-4.9965,6.0392,-4.9965,-17.727,16.634,-5.5207,24.118,164.42,24.118,-5.5207,16.634,-17.727,-4.9965,6.0392,-4.9965,-17.727,16.634,-5.5207,24.118,164.42,24.118,-5.5207,16.634,-17.727,-4.9965,61.924,-4.9965,-127,77.738,55.315,116.22,-65.665,-65.665,116.22,55.315,77.738,-127,-4.9965,61.924,45.133,-69.557,25.338,-52.988,-256.65,-256.65,-52.988,25.338,-69.557,45.133,51.178,45.133,-17.727,77.738,-8.8971,30.171,-40.739,-43.452,-40.739,30.171,-8.8971,77.738,-17.727,45.133,51.178,-35.869,-217.34,-12.531,-45.404,146.66,-45.404,-12.531,-217.34,-35.869,55.072,-35.869,-69.557,16.634,55.315,30.171,-32.919,-25.463,-25.463,-32.919,30.171,55.315,16.634,-69.557,-35.869,55.072,354.04,24.279,33.52,-181.78,-181.78,33.52,24.279,354.04,168.6,354.04,-217.34,25.338,-5.5207,116.22,-40.739,-25.463,549.33,-25.463,-40.739,116.22,-5.5207,25.338,-217.34,354.04,168.6,-0.69886,-50.111,89.57,-314.89,89.57,-50.111,-0.69886,18.424,-0.69886,24.279,-12.531,-52.988,24.118,-65.665,-43.452,-25.463,-25.463,-43.452,-65.665,24.118,-52.988,-12.531,24.279,-0.69886,18.424,124.28,-18.917,52.789,52.789,-18.917,124.28,131.22,124.28,-50.111,33.52,-45.404,-256.65,164.42,-65.665,-40.739,-32.919,-40.739,-65.665,164.42,-256.65,-45.404,33.52,-50.111,124.28,131.22,153.72,-22.506,9.6205,-22.506,153.72,95.752,153.72,-18.917,89.57,-181.78,146.66,-256.65,24.118,116.22,30.171,30.171,116.22,24.118,-256.65,146.66,-181.78,89.57,-18.917,153.72,95.752,166.77,5.4491,5.4491,166.77,101.25,166.77,-22.506,52.789,-314.89,-181.78,-45.404,-52.988,-5.5207,55.315,-8.8971,55.315,-5.5207,-52.988,-45.404,-181.78,-314.89,52.789,-22.506,166.77,101.25,-101.13,-156.8,-101.13,36.929,-101.13,5.4491,9.6205,52.789,89.57,33.52,-12.531,25.338,16.634,77.738,77.738,16.634,25.338,-12.531,33.52,89.57,52.789,9.6205,5.4491,-101.13,36.929,119.61,119.61,53.014,119.61,-156.8,5.4491,-22.506,-18.917,-50.111,24.279,-217.34,-69.557,-17.727,-127,-17.727,-69.557,-217.34,24.279,-50.111,-18.917,-22.506,5.4491,-156.8,119.61,53.014,149.35,104.06,149.35,119.61,-101.13,166.77,153.72,124.28,-0.69886,354.04,-35.869,45.133,-4.9965,-4.9965,45.133,-35.869,354.04,-0.69886,124.28,153.72,166.77,-101.13,119.61,149.35,104.06
0,8.2471e-16,-9.3401e-16,1.864e-17,1.4058e-15,1.17e-16,-4.4643e-16,7.1054e-20,-5.7492e-15,4.6185e-18,3.0312e-16,-6.614e-16,0,6.614e-16,-3.0312e-16,-4.6185e-18,5.7492e-15,-7.1054e-20,4.4643e-16,-1.17e-16,-1.4058e-15,-1.864e-17,9.3401e-16,-8.2471e-16,-8.2471e-16,0,198.83,37.856,-197.58,285.18,198.52,32.013,99.86,-105.38,-183.07,-193.44,-53.452,-53.452,-193.44,-183.07,-105.38,99.86,32.013,198.52,285.18,-197.58,37.856,198.83,9.3401e-16,-198.83,0,37.856,20.587,-133.83,140.05,28.65,17.855,2.9667,23.744,112.28,-7.4396,35.932,-7.4396,112.28,23.744,2.9667,17.855,28.65,140.05,-133.83,20.587,37.856,-1.864e-17,-37.856,-37.856,0,-197.58,-133.83,-134.77,38.09,184.88,-41.602,38.033,67.208,7.1314,98.965,98.965,7.1314,67.208,38.033,-41.602,184.88,38.09,-134.77,-133.83,-197.58,-1.4058e-15,197.58,-20.587,197.58,0,285.18,140.05,38.09,-404.96,162.73,-121.3,16.541,-0.72906,166.58,188.65,166.58,-0.72906,16.541,-121.3,162.73,-404.96,38.09,140.05,285.18,-1.17e-16,-285.18,133.83,133.83,-285.18,0,198.52,28.65,184.88,162.73,-175.94,51.306,24.54,-90.556,-161.82,-161.82,-90.556,24.54,51.306,-175.94,162.73,184.88,28.65,198.52,4.4643e-16,-198.52,-140.05,134.77,-140.05,-198.52,0,32.013,17.855,-41.602,-121.3,51.306,15.222,-133.72,135.31,43.01,135.31,-133.72,15.222,51.306,-121.3,-41.602,17.855,32.013,-7.1054e-20,-32.013,-28.65,-38.09,-38.09,-28.65,-32.013,0,99.86,2.9667,38.033,16.541,24.54,-133.72,11.557,-2.7741,-2.7741,11.557,-133.72,24.54,16.541,38.033,2.9667,99.86,5.7492e-15,-99.86,-17.855,-184.88,404.96,-184.88,-17.855,-99.86,0,-105.38,23.744,67.208,-0.72906,-90.556,135.31,-2.7741,674.4,-2.7741,135.31,-90.556,-0.72906,67.208,23.744,-105.38,-4.6185e-18,105.38,-2.9667,41.602,-162.73,-162.73,41.602,-2.9667,105.38,0,-183.07,112.28,7.1314,166.58,-161.82,43.01,-2.7741,-2.7741,43.01,-161.82,166.58,7.1314,112.28,-183.07,-3.0312e-16,183.07,-23.744,-38.033,121.3,175.94,121.3,-38.033,-23.744,183.07,0,-193.44,-7.4396,98.965,188.65,-161.82,135.31,11.557,135.31,-161.82,188.65,98.965,-7.4396,-193.44,6.614e-16,193.44,-112.28,-67.208,-16.541,-51.306,-51.306,-16.541,-67.208,-112.28,193.44,0,-53.452,35.932,98.965,166.58,-90.556,-133.72,-133.72,-90.556,166.58,98.965,35.932,-53.452,0,53.452,7.4396,-7.1314,0.72906,-24.54,-15.222,-24.54,0.72906,-7.1314,7.4396,53.452,0,-53.452,-7.4396,7.1314,-0.72906,24.54,15.222,24.54,-0.72906,7.1314,-7.4396,-53.452,-6.614e-16,53.452,-35.932,-98.965,-166.58,90.556,133.72,133.72,90.556,-166.58,-98.965,-35.932,53.452,0,-193.44,112.28,67.208,16.541,51.306,51.306,16.541,67.208,112.28,-193.44,3.0312e-16,193.44,7.4396,-98.965,-188.65,161.82,-135.31,-11.557,-135.31,161.82,-188.65,-98.965,7.4396,193.44,0,-183.07,23.744,38.033,-121.3,-175.94,-121.3,38.033,23.744,-183.07,4.6185e-18,183.07,-112.28,-7.1314,-166.58,161.82,-43.01,2.7741,2.7741,-43.01,161.82,-166.58,-7.1314,-112.28,183.07,0,-105.38,2.9667,-41.602,162.73,162.73,-41.602,2.9667,-105.38,-5.7492e-15,105.38,-23.744,-67.208,0.72906,90.556,-135.31,2.7741,-674.4,2.7741,-135.31,90.556,0.72906,-67.208,-23.744,105.38,0,99.86,17.855,184.88,-404.96,184.88,17.855,99.86,7.1054e-20,-99.86,-2.9667,-38.033,-16.541,-24.54,133.72,-11.557,2.7741,2.7741,-11.557,133.72,-24.54,-16.541,-38.033,-2.9667,-99.86,0,32.013,28.65,38.09,38.09,28.65,32.013,-4.4643e-16,-32.013,-17.855,41.602,121.3,-51.306,-15.222,133.72,-135.31,-43.01,-135.31,133.72,-15.222,-51.306,121.3,41.602,-17.855,-32.013,0,198.52,140.05,-134.77,140.05,198.52,1.17e-16,-198.52,-28.65,-184.88,-162.73,175.94,-51.306,-24.54,90.556,161.82,161.82,90.556,-24.54,-51.306,175.94,-162.73,-184.88,-28.65,-198.52,0,285.18,-133.83,-133.83,285.18,1.4058e-15,-285.18,-140.05,-38.09,404.96,-162.73,121.3,-16.541,0.72906,-166.58,-188.65,-166.58,0.72906,-16.541,121.3,-162.73,404.96,-38.09,-140.05,-285.18,0,-197.58,20.587,-197.58,1.864e-17,197.58,133.83,134.77,-38.09,-184.88,41.602,-38.033,-67.208,-7.1314,-98.965,-98.965,-7.1314,-67.208,-38.033,41.602,-184.88,-38.09,134.77,133.83,197.58,0,37.856,37.856,-9.3401e-16,-37.856,-20.587,133.83,-140.05,-28.65,-17.855,-2.9667,-23.744,-112.28,7.4396,-35.932,7.4396,-112.28,-23.744,-2.9667,-17.855,-28.65,-140.05,133.83,-20.587,-37.856,0,198.83,8.2471e-16,-198.83,-37.856,197.58,-285.18,-198.52,-32.013,-99.86,105.38,183.07,193.44,53.452,53.452,193.44,183.07,105.38,-99.86,-32.013,-198.52,-285.18,197.58,-37.856,-198.83,0
