-108.08,48.205,-78.197,-48.397,-91.264,-269.64,-21.838,-78.558,-53.337,-99.27,9.3972,-59.45,-5.8568,-59.45,9.3972,-99.27,-53.337,-78.558,-21.838,-269.64,-91.264,-48.397,-78.197,48.205,48.205,48.205,59.055,32.657,55.88,8.764,7.5082,-126.95,305.86,194.64,-13.663,-67.285,-5.8886,-5.8886,-67.285,-13.663,194.64,305.86,-126.95,7.5082,8.764,55.88,32.657,59.055,-78.197,59.055,-78.197,32.657,93.807,-18.77,-37.833,-170.36,25.406,-109.46,-81.734,119.17,-6.7139,41.18,-6.7139,119.17,-81.734,-109.46,25.406,-170.36,-37.833,-18.77,93.807,32.657,-48.397,32.657,32.657,-48.397,55.88,-18.77,52.305,5.634,-56.573,97.103,-61.908,31.102,11.338,-32.795,-32.795,11.338,31.102,-61.908,97.103,-56.573,5.634,52.305,-18.77,55.88,-91.264,55.88,93.807,55.88,-91.264,8.764,-37.833,5.634,-92.868,34.969,-21.943,-103.19,4.2974,67.671,30.637,67.671,4.2974,-103.19,-21.943,34.969,-92.868,5.634,-37.833,8.764,-269.64,8.764,-18.77,-18.77,8.764,-269.64,7.5082,-170.36,-56.573,34.969,51.379,-21.905,-31.924,-41.733,-44.472,-44.472,-41.733,-31.924,-21.905,51.379,34.969,-56.573,-170.36,7.5082,-21.838,7.5082,-37.833,52.305,-37.833,7.5082,-21.838,-126.95,25.406,97.103,-21.943,-21.905,6.399,65.827,-15.557,8.2903,-15.557,65.827,6.399,-21.905,-21.943,97.103,25.406,-126.95,-78.558,-126.95,-170.36,5.634,5.634,-170.36,-126.95,-78.558,305.86,-109.46,-61.908,-103.19,-31.924,65.827,268.46,-150.33,-150.33,268.46,65.827,-31.924,-103.19,-61.908,-109.46,305.86,-53.337,305.86,25.406,-56.573,-92.868,-56.573,25.406,305.86,-53.337,194.64,-81.734,31.102,4.2974,-41.733,-15.557,-150.33,-56.716,-150.33,-15.557,-41.733,4.2974,31.102,-81.734,194.64,-99.27,194.64,-109.46,97.103,34.969,34.969,97.103,-109.46,194.64,-99.27,-13.663,119.17,11.338,67.671,-44.472,8.2903,-150.33,-150.33,8.2903,-44.472,67.671,11.338,119.17,-13.663,9.3972,-13.663,-81.734,-61.908,-21.943,51.379,-21.943,-61.908,-81.734,-13.663,9.3972,-67.285,-6.7139,-32.795,30.637,-44.472,-15.557,268.46,-15.557,-44.472,30.637,-32.795,-6.7139,-67.285,-59.45,-67.285,119.17,31.102,-103.19,-21.905,-21.905,-103.19,31.102,119.17,-67.285,-59.45,-5.8886,41.18,-32.795,67.671,-41.733,65.827,65.827,-41.733,67.671,-32.795,41.18,-5.8886,-5.8568,-5.8886,-6.7139,11.338,4.2974,-31.924,6.399,-31.924,4.2974,11.338,-6.7139,-5.8886,-5.8568,-5.8886,-6.7139,11.338,4.2974,-31.924,6.399,-31.924,4.2974,11.338,-6.7139,-5.8886,-59.45,-5.8886,41.18,-32.795,67.671,-41.733,65.827,65.827,-41.733,67.671,-32.795,41.18,-5.8886,-59.45,-67.285,119.17,31.102,-103.19,-21.905,-21.905,-103.19,31.102,119.17,-67.285,9.3972,-67.285,-6.7139,-32.795,30.637,-44.472,-15.557,268.46,-15.557,-44.472,30.637,-32.795,-6.7139,-67.285,9.3972,-13.663,-81.734,-61.908,-21.943,51.379,-21.943,-61.908,-81.734,-13.663,-99.27,-13.663,119.17,11.338,67.671,-44.472,8.2903,-150.33,-150.33,8.2903,-44.472,67.671,11.338,119.17,-13.663,-99.27,194.64,-109.46,97.103,34.969,34.969,97.103,-109.46,194.64,-53.337,194.64,-81.734,31.102,4.2974,-41.733,-15.557,-150.33,-56.716,-150.33,-15.557,-41.733,4.2974,31.102,-81.734,194.64,-53.337,305.86,25.406,-56.573,-92.868,-56.573,25.406,305.86,-78.558,305.86,-109.46,-61.908,-103.19,-31.924,65.827,268.46,-150.33,-150.33,268.46,65.827,-31.924,-103.19,-61.908,-109.46,305.86,-78.558,-126.95,-170.36,5.634,5.634,-170.36,-126.95,-21.838,-126.95,25.406,97.103,-21.943,-21.905,6.399,65.827,-15.557,8.2903,-15.557,65.827,6.399,-21.905,-21.943,97.103,25.406,-126.95,-21.838,7.5082,-37.833,52.305,-37.833,7.5082,-269.64,7.5082,-170.36,-56.573,34.969,51.379,-21.905,-31.924,-41.733,-44.472,-44.472,-41.733,-31.924,-21.905,51.379,34.969,-56.573,-170.36,7.5082,-269.64,8.764,-18.77,-18.77,8.764,-91.264,8.764,-37.833,5.634,-92.868,34.969,-21.943,-103.19,4.2974,67.671,30.637,67.671,4.2974,-103.19,-21.943,34.969,-92.868,5.634,-37.833,8.764,-91.264,55.88,93.807,55.88,-48.397,55.88,-18.77,52.305,5.634,-56.573,97.103,-61.908,31.102,11.338,-32.795,-32.795,11.338,31.102,-61.908,97.103,-56.573,5.634,52.305,-18.77,55.88,-48.397,32.657,32.657,-78.197,32.657,93.807,-18.77,-37.833,-170.36,25.406,-109.46,-81.734,119.17,-6.7139,41.18,-6.7139,119.17,-81.734,-109.46,25.406,-170.36,-37.833,-18.77,93.807,32.657,-78.197,59.055,48.205,59.055,32.657,55.88,8.764,7.5082,-126.95,305.86,194.64,-13.663,-67.285,-5.8886,-5.8886,-67.285,-13.663,194.64,305.86,-126.95,7.5082,8.764,55.88,32.657,59.055,48.205
0,6.7576e-16,6.0368e-16,7.3534e-16,5.9377e-16,-1.1868e-14,1.8487e-17,3.558e-15,2.5198e-15,-8.923e-16,-2.2093e-16,-1.8572e-15,0,1.8572e-15,2.2093e-16,8.923e-16,-2.5198e-15,-3.558e-15,-1.8487e-17,1.1868e-14,-5.9377e-16,-7.3534e-16,-6.0368e-16,-6.7576e-16,-6.7576e-16,0,-156.35,-82.137,-35.507,-56.697,-73.36,-48.079,-125.38,172.96,203.26,-24.732,-6.3715,-6.3715,-24.732,203.26,172.96,-125.38,-48.079,-73.36,-56.697,-35.507,-82.137,-156.35,-6.0368e-16,156.35,0,-82.137,-31.048,87.045,-32.243,-158.56,-34.739,142.5,-21.634,-7.2248,9.5346,-22.889,9.5346,-7.2248,-21.634,142.5,-34.739,-158.56,-32.243,87.045,-31.048,-82.137,-7.3534e-16,82.137,82.137,0,-35.507,87.045,4.8486,24.854,-182.83,3.5327,-147.57,46.894,12.991,32.495,32.495,12.991,46.894,-147.57,3.5327,-182.83,24.854,4.8486,87.045,-35.507,-5.9377e-16,35.507,31.048,35.507,0,-56.697,-32.243,24.854,-48.676,130.08,20.218,15.276,-17.414,-35.962,-19.108,-35.962,-17.414,15.276,20.218,130.08,-48.676,24.854,-32.243,-56.697,1.1868e-14,56.697,-87.045,-87.045,56.697,0,-73.36,-158.56,-182.83,130.08,15.76,-47.087,41.74,-99.002,128.5,128.5,-99.002,41.74,-47.087,15.76,130.08,-182.83,-158.56,-73.36,-1.8487e-17,73.36,32.243,-4.8486,32.243,73.36,0,-48.079,-34.739,3.5327,20.218,-47.087,4.4201,-1.6605,-40.864,-9.765,-40.864,-1.6605,4.4201,-47.087,20.218,3.5327,-34.739,-48.079,-3.558e-15,48.079,158.56,-24.854,-24.854,158.56,48.079,0,-125.38,142.5,-147.57,15.276,41.74,-1.6605,180.87,39.101,39.101,180.87,-1.6605,41.74,15.276,-147.57,142.5,-125.38,-2.5198e-15,125.38,34.739,182.83,48.676,182.83,34.739,125.38,0,172.96,-21.634,46.894,-17.414,-99.002,-40.864,39.101,-151.99,39.101,-40.864,-99.002,-17.414,46.894,-21.634,172.96,8.923e-16,-172.96,-142.5,-3.5327,-130.08,-130.08,-3.5327,-142.5,-172.96,0,203.26,-7.2248,12.991,-35.962,128.5,-9.765,39.101,39.101,-9.765,128.5,-35.962,12.991,-7.2248,203.26,2.2093e-16,-203.26,21.634,147.57,-20.218,-15.76,-20.218,147.57,21.634,-203.26,0,-24.732,9.5346,32.495,-19.108,128.5,-40.864,180.87,-40.864,128.5,-19.108,32.495,9.5346,-24.732,1.8572e-15,24.732,7.2248,-46.894,-15.276,47.087,47.087,-15.276,-46.894,7.2248,24.732,0,-6.3715,-22.889,32.495,-35.962,-99.002,-1.6605,-1.6605,-99.002,-35.962,32.495,-22.889,-6.3715,0,6.3715,-9.5346,-12.991,17.414,-41.74,-4.4201,-41.74,17.414,-12.991,-9.5346,6.3715,0,-6.3715,9.5346,12.991,-17.414,41.74,4.4201,41.74,-17.414,12.991,9.5346,-6.3715,-1.8572e-15,6.3715,22.889,-32.495,35.962,99.002,1.6605,1.6605,99.002,35.962,-32.495,22.889,6.3715,0,-24.732,-7.2248,46.894,15.276,-47.087,-47.087,15.276,46.894,-7.2248,-24.732,-2.2093e-16,24.732,-9.5346,-32.495,19.108,-128.5,40.864,-180.87,40.864,-128.5,19.108,-32.495,-9.5346,24.732,0,203.26,-21.634,-147.57,20.218,15.76,20.218,-147.57,-21.634,203.26,-8.923e-16,-203.26,7.2248,-12.991,35.962,-128.5,9.765,-39.101,-39.101,9.765,-128.5,35.962,-12.991,7.2248,-203.26,0,172.96,142.5,3.5327,130.08,130.08,3.5327,142.5,172.96,2.5198e-15,-172.96,21.634,-46.894,17.414,99.002,40.864,-39.101,151.99,-39.101,40.864,99.002,17.414,-46.894,21.634,-172.96,0,-125.38,-34.739,-182.83,-48.676,-182.83,-34.739,-125.38,3.558e-15,125.38,-142.5,147.57,-15.276,-41.74,1.6605,-180.87,-39.101,-39.101,-180.87,1.6605,-41.74,-15.276,147.57,-142.5,125.38,0,-48.079,-158.56,24.854,24.854,-158.56,-48.079,1.8487e-17,48.079,34.739,-3.5327,-20.218,47.087,-4.4201,1.6605,40.864,9.765,40.864,1.6605,-4.4201,47.087,-20.218,-3.5327,34.739,48.079,0,-73.36,-32.243,4.8486,-32.243,-73.36,-1.1868e-14,73.36,158.56,182.83,-130.08,-15.76,47.087,-41.74,99.002,-128.5,-128.5,99.002,-41.74,47.087,-15.76,-130.08,182.83,158.56,73.36,0,-56.697,87.045,87.045,-56.697,5.9377e-16,56.697,32.243,-24.854,48.676,-130.08,-20.218,-15.276,17.414,35.962,19.108,35.962,17.414,-15.276,-20.218,-130.08,48.676,-24.854,32.243,56.697,0,-35.507,-31.048,-35.507,7.3534e-16,35.507,-87.045,-4.8486,-24.854,182.83,-3.5327,147.57,-46.894,-12.991,-32.495,-32.495,-12.991,-46.894,147.57,-3.5327,182.83,-24.854,-4.8486,-87.045,35.507,0,-82.137,-82.137,6.0368e-16,82.137,31.048,-87.045,32.243,158.56,34.739,-142.5,21.634,7.2248,-9.5346,22.889,-9.5346,7.2248,21.634,-142.5,34.739,158.56,32.243,-87.045,31.048,82.137,0,-156.35,6.7576e-16,156.35,82.137,35.507,56.697,73.36,48.079,125.38,-172.96,-203.26,24.732,6.3715,6.3715,24.732,-203.26,-172.96,125.38,48.079,73.36,56.697,35.507,82.137,156.35,0
