40.116,12.005,103.8,18.048,22.085,18.202,73.212,67.796,43.729,64.05,32.843,65.186,51.366,65.186,32.843,64.05,43.729,67.796,73.212,18.202,22.085,18.048,103.8,12.005,12.005,12.005,-62.436,-30.432,-2.44,-59.299,-52.95,-20.707,120.3,-15.96,4.1829,65.735,-20.41,-20.41,65.735,4.1829,-15.96,120.3,-20.707,-52.95,-59.299,-2.44,-30.432,-62.436,103.8,-62.436,103.8,-30.432,85.546,16.262,-56.432,12.686,127.52,44.187,234.57,-36.613,82.197,-3.094,82.197,-36.613,234.57,44.187,127.52,12.686,-56.432,16.262,85.546,-30.432,18.048,-30.432,-30.432,18.048,-2.44,16.262,-3.3221,24.12,27.115,29.388,-57.603,-27.758,-6.5857,-24.928,-24.928,-6.5857,-27.758,-57.603,29.388,27.115,24.12,-3.3221,16.262,-2.44,22.085,-2.44,85.546,-2.44,22.085,-59.299,-56.432,24.12,106.28,-6.4047,-41.353,-65.034,121.87,-2.115,58.863,-2.115,121.87,-65.034,-41.353,-6.4047,106.28,24.12,-56.432,-59.299,18.202,-59.299,16.262,16.262,-59.299,18.202,-52.95,12.686,27.115,-6.4047,-57.426,7.894,-102.63,69.468,-31.688,-31.688,69.468,-102.63,7.894,-57.426,-6.4047,27.115,12.686,-52.95,73.212,-52.95,-56.432,-3.3221,-56.432,-52.95,73.212,-20.707,127.52,29.388,-41.353,7.894,18.482,-50.034,-35.648,41.812,-35.648,-50.034,18.482,7.894,-41.353,29.388,127.52,-20.707,67.796,-20.707,12.686,24.12,24.12,12.686,-20.707,67.796,120.3,44.187,-57.603,-65.034,-102.63,-50.034,-218.15,6.7275,6.7275,-218.15,-50.034,-102.63,-65.034,-57.603,44.187,120.3,43.729,120.3,127.52,27.115,106.28,27.115,127.52,120.3,43.729,-15.96,234.57,-27.758,121.87,69.468,-35.648,6.7275,190.28,6.7275,-35.648,69.468,121.87,-27.758,234.57,-15.96,64.05,-15.96,44.187,29.388,-6.4047,-6.4047,29.388,44.187,-15.96,64.05,4.1829,-36.613,-6.5857,-2.115,-31.688,41.812,6.7275,6.7275,41.812,-31.688,-2.115,-6.5857,-36.613,4.1829,32.843,4.1829,234.57,-57.603,-41.353,-57.426,-41.353,-57.603,234.57,4.1829,32.843,65.735,82.197,-24.928,58.863,-31.688,-35.648,-218.15,-35.648,-31.688,58.863,-24.928,82.197,65.735,65.186,65.735,-36.613,-27.758,-65.034,7.894,7.894,-65.034,-27.758,-36.613,65.735,65.186,-20.41,-3.094,-24.928,-2.115,69.468,-50.034,-50.034,69.468,-2.115,-24.928,-3.094,-20.41,51.366,-20.41,82.197,-6.5857,121.87,-102.63,18.482,-102.63,121.87,-6.5857,82.197,-20.41,51.366,-20.41,82.197,-6.5857,121.87,-102.63,18.482,-102.63,121.87,-6.5857,82.197,-20.41,65.186,-20.41,-3.094,-24.928,-2.115,69.468,-50.034,-50.034,69.468,-2.115,-24.928,-3.094,-20.41,65.186,65.735,-36.613,-27.758,-65.034,7.894,7.894,-65.034,-27.758,-36.613,65.735,32.843,65.735,82.197,-24.928,58.863,-31.688,-35.648,-218.15,-35.648,-31.688,58.863,-24.928,82.197,65.735,32.843,4.1829,234.57,-57.603,-41.353,-57.426,-41.353,-57.603,234.57,4.1829,64.05,4.1829,-36.613,-6.5857,-2.115,-31.688,41.812,6.7275,6.7275,41.812,-31.688,-2.115,-6.5857,-36.613,4.1829,64.05,-15.96,44.187,29.388,-6.4047,-6.4047,29.388,44.187,-15.96,43.729,-15.96,234.57,-27.758,121.87,69.468,-35.648,6.7275,190.28,6.7275,-35.648,69.468,121.87,-27.758,234.57,-15.96,43.729,120.3,127.52,27.115,106.28,27.115,127.52,120.3,67.796,120.3,44.187,-57.603,-65.034,-102.63,-50.034,-218.15,6.7275,6.7275,-218.15,-50.034,-102.63,-65.034,-57.603,44.187,120.3,67.796,-20.707,12.686,24.12,24.12,12.686,-20.707,73.212,-20.707,127.52,29.388,-41.353,7.894,18.482,-50.034,-35.648,41.812,-35.648,-50.034,18.482,7.894,-41.353,29.388,127.52,-20.707,73.212,-52.95,-56.432,-3.3221,-56.432,-52.95,18.202,-52.95,12.686,27.115,-6.4047,-57.426,7.894,-102.63,69.468,-31.688,-31.688,69.468,-102.63,7.894,-57.426,-6.4047,27.115,12.686,-52.95,18.202,-59.299,16.262,16.262,-59.299,22.085,-59.299,-56.432,24.12,106.28,-6.4047,-41.353,-65.034,121.87,-2.115,58.863,-2.115,121.87,-65.034,-41.353,-6.4047,106.28,24.12,-56.432,-59.299,22.085,-2.44,85.546,-2.44,18.048,-2.44,16.262,-3.3221,24.12,27.115,29.388,-57.603,-27.758,-6.5857,-24.928,-24.928,-6.5857,-27.758,-57.603,29.388,27.115,24.12,-3.3221,16.262,-2.44,18.048,-30.432,-30.432,103.8,-30.432,85.546,16.262,-56.432,12.686,127.52,44.187,234.57,-36.613,82.197,-3.094,82.197,-36.613,234.57,44.187,127.52,12.686,-56.432,16.262,85.546,-30.432,103.8,-62.436,12.005,-62.436,-30.432,-2.44,-59.299,-52.95,-20.707,120.3,-15.96,4.1829,65.735,-20.41,-20.41,65.735,4.1829,-15.96,120.3,-20.707,-52.95,-59.299,-2.44,-30.432,-62.436,12.005
0,-8.2169e-17,2.942e-16,-2.0073e-18,-3.5461e-16,3.8387e-17,2.9704e-16,-3.7225e-16,-9.5952e-16,-6.4416e-16,-1.3163e-17,-1.4896e-16,0,1.4896e-16,1.3163e-17,6.4416e-16,9.5952e-16,3.7225e-16,-2.9704e-16,-3.8387e-17,3.5461e-16,2.0073e-18,-2.942e-16,8.2169e-17,8.2169e-17,0,12.85,13.831,-22.407,-8.5378,5.0559,-63.341,-97.092,38.889,11.435,-16.981,27.599,27.599,-16.981,11.435,38.889,-97.092,-63.341,5.0559,-8.5378,-22.407,13.831,12.85,-2.942e-16,-12.85,0,13.831,-167.13,-28.26,-60.886,-222.71,144.63,-32.614,27.046,-112.14,-148.17,17.481,-148.17,-112.14,27.046,-32.614,144.63,-222.71,-60.886,-28.26,-167.13,13.831,2.0073e-18,-13.831,-13.831,0,-22.407,-28.26,12.976,-40.908,41.494,32.627,24.045,-6.6826,31.135,-6.0874,-6.0874,31.135,-6.6826,24.045,32.627,41.494,-40.908,12.976,-28.26,-22.407,3.5461e-16,22.407,167.13,22.407,0,-8.5378,-60.886,-40.908,-47.136,-34.964,65.458,-93.794,35.917,34.862,-70.929,34.862,35.917,-93.794,65.458,-34.964,-47.136,-40.908,-60.886,-8.5378,-3.8387e-17,8.5378,28.26,28.26,8.5378,0,5.0559,-222.71,41.494,-34.964,75.888,-64.341,62.725,-87.754,-16.948,-16.948,-87.754,62.725,-64.341,75.888,-34.964,41.494,-222.71,5.0559,-2.9704e-16,-5.0559,60.886,-12.976,60.886,-5.0559,0,-63.341,144.63,32.627,65.458,-64.341,-7.31,72.339,106.27,77.124,106.27,72.339,-7.31,-64.341,65.458,32.627,144.63,-63.341,3.7225e-16,63.341,222.71,40.908,40.908,222.71,63.341,0,-97.092,-32.614,24.045,-93.794,62.725,72.339,30.27,-50.762,-50.762,30.27,72.339,62.725,-93.794,24.045,-32.614,-97.092,9.5952e-16,97.092,-144.63,-41.494,47.136,-41.494,-144.63,97.092,0,38.889,27.046,-6.6826,35.917,-87.754,106.27,-50.762,310.7,-50.762,106.27,-87.754,35.917,-6.6826,27.046,38.889,6.4416e-16,-38.889,32.614,-32.627,34.964,34.964,-32.627,32.614,-38.889,0,11.435,-112.14,31.135,34.862,-16.948,77.124,-50.762,-50.762,77.124,-16.948,34.862,31.135,-112.14,11.435,1.3163e-17,-11.435,-27.046,-24.045,-65.458,-75.888,-65.458,-24.045,-27.046,-11.435,0,-16.981,-148.17,-6.0874,-70.929,-16.948,106.27,30.27,106.27,-16.948,-70.929,-6.0874,-148.17,-16.981,1.4896e-16,16.981,112.14,6.6826,93.794,64.341,64.341,93.794,6.6826,112.14,16.981,0,27.599,17.481,-6.0874,34.862,-87.754,72.339,72.339,-87.754,34.862,-6.0874,17.481,27.599,0,-27.599,148.17,-31.135,-35.917,-62.725,7.31,-62.725,-35.917,-31.135,148.17,-27.599,0,27.599,-148.17,31.135,35.917,62.725,-7.31,62.725,35.917,31.135,-148.17,27.599,-1.4896e-16,-27.599,-17.481,6.0874,-34.862,87.754,-72.339,-72.339,87.754,-34.862,6.0874,-17.481,-27.599,0,-16.981,-112.14,-6.6826,-93.794,-64.341,-64.341,-93.794,-6.6826,-112.14,-16.981,-1.3163e-17,16.981,148.17,6.0874,70.929,16.948,-106.27,-30.27,-106.27,16.948,70.929,6.0874,148.17,16.981,0,11.435,27.046,24.045,65.458,75.888,65.458,24.045,27.046,11.435,-6.4416e-16,-11.435,112.14,-31.135,-34.862,16.948,-77.124,50.762,50.762,-77.124,16.948,-34.862,-31.135,112.14,-11.435,0,38.889,-32.614,32.627,-34.964,-34.964,32.627,-32.614,38.889,-9.5952e-16,-38.889,-27.046,6.6826,-35.917,87.754,-106.27,50.762,-310.7,50.762,-106.27,87.754,-35.917,6.6826,-27.046,-38.889,0,-97.092,144.63,41.494,-47.136,41.494,144.63,-97.092,-3.7225e-16,97.092,32.614,-24.045,93.794,-62.725,-72.339,-30.27,50.762,50.762,-30.27,-72.339,-62.725,93.794,-24.045,32.614,97.092,0,-63.341,-222.71,-40.908,-40.908,-222.71,-63.341,2.9704e-16,63.341,-144.63,-32.627,-65.458,64.341,7.31,-72.339,-106.27,-77.124,-106.27,-72.339,7.31,64.341,-65.458,-32.627,-144.63,63.341,0,5.0559,-60.886,12.976,-60.886,5.0559,3.8387e-17,-5.0559,222.71,-41.494,34.964,-75.888,64.341,-62.725,87.754,16.948,16.948,87.754,-62.725,64.341,-75.888,34.964,-41.494,222.71,-5.0559,0,-8.5378,-28.26,-28.26,-8.5378,-3.5461e-16,8.5378,60.886,40.908,47.136,34.964,-65.458,93.794,-35.917,-34.862,70.929,-34.862,-35.917,93.794,-65.458,34.964,47.136,40.908,60.886,8.5378,0,-22.407,-167.13,-22.407,-2.0073e-18,22.407,28.26,-12.976,40.908,-41.494,-32.627,-24.045,6.6826,-31.135,6.0874,6.0874,-31.135,6.6826,-24.045,-32.627,-41.494,40.908,-12.976,28.26,22.407,0,13.831,13.831,2.942e-16,-13.831,167.13,28.26,60.886,222.71,-144.63,32.614,-27.046,112.14,148.17,-17.481,148.17,112.14,-27.046,32.614,-144.63,222.71,60.886,28.26,167.13,-13.831,0,12.85,-8.2169e-17,-12.85,-13.831,22.407,8.5378,-5.0559,63.341,97.092,-38.889,-11.435,16.981,-27.599,-27.599,16.981,-11.435,-38.889,97.092,63.341,-5.0559,8.5378,22.407,-13.831,-12.85,0
