-51.565,-122.69,-45.409,-5.9917,-77.113,-36.32,-9.0587,-41.094,-87.977,-45.336,-30.044,-132.88,-81.076,-132.88,-30.044,-45.336,-87.977,-41.094,-9.0587,-36.32,-77.113,-5.9917,-45.409,-122.69,-122.69,-122.69,-90.286,-14.513,39.77,-55.678,24.205,-7.5232,69.507,-14.016,22.583,50.843,-11.439,-11.439,50.843,22.583,-14.016,69.507,-7.5232,24.205,-55.678,39.77,-14.513,-90.286,-45.409,-90.286,-45.409,-14.513,-16.091,5.7469,15.075,-19.094,-14.496,8.9548,-12.166,7.9043,-30.714,35.11,-30.714,7.9043,-12.166,8.9548,-14.496,-19.094,15.075,5.7469,-16.091,-14.513,-5.9917,-14.513,-14.513,-5.9917,39.77,5.7469,-2.6171,23.166,-4.8865,4.1914,-7.255,-2.0986,4.7112,16.577,16.577,4.7112,-2.0986,-7.255,4.1914,-4.8865,23.166,-2.6171,5.7469,39.77,-77.113,39.77,-16.091,39.77,-77.113,-55.678,15.075,23.166,100.84,21.474,15.461,-7.7362,17.246,77.485,34.606,77.485,17.246,-7.7362,15.461,21.474,100.84,23.166,15.075,-55.678,-36.32,-55.678,5.7469,5.7469,-55.678,-36.32,24.205,-19.094,-4.8865,21.474,-12.258,1.9271,-4.3628,77.582,5.4674,5.4674,77.582,-4.3628,1.9271,-12.258,21.474,-4.8865,-19.094,24.205,-9.0587,24.205,15.075,-2.6171,15.075,24.205,-9.0587,-7.5232,-14.496,4.1914,15.461,1.9271,-1.8901,30.285,7.4449,15.245,7.4449,30.285,-1.8901,1.9271,15.461,4.1914,-14.496,-7.5232,-41.094,-7.5232,-19.094,23.166,23.166,-19.094,-7.5232,-41.094,69.507,8.9548,-7.255,-7.7362,-4.3628,30.285,-8.0065,9.8351,9.8351,-8.0065,30.285,-4.3628,-7.7362,-7.255,8.9548,69.507,-87.977,69.507,-14.496,-4.8865,100.84,-4.8865,-14.496,69.507,-87.977,-14.016,-12.166,-2.0986,17.246,77.582,7.4449,9.8351,70.43,9.8351,7.4449,77.582,17.246,-2.0986,-12.166,-14.016,-45.336,-14.016,8.9548,4.1914,21.474,21.474,4.1914,8.9548,-14.016,-45.336,22.583,7.9043,4.7112,77.485,5.4674,15.245,9.8351,9.8351,15.245,5.4674,77.485,4.7112,7.9043,22.583,-30.044,22.583,-12.166,-7.255,15.461,-12.258,15.461,-7.255,-12.166,22.583,-30.044,50.843,-30.714,16.577,34.606,5.4674,7.4449,-8.0065,7.4449,5.4674,34.606,16.577,-30.714,50.843,-132.88,50.843,7.9043,-2.0986,-7.7362,1.9271,1.9271,-7.7362,-2.0986,7.9043,50.843,-132.88,-11.439,35.11,16.577,77.485,77.582,30.285,30.285,77.582,77.485,16.577,35.11,-11.439,-81.076,-11.439,-30.714,4.7112,17.246,-4.3628,-1.8901,-4.3628,17.246,4.7112,-30.714,-11.439,-81.076,-11.439,-30.714,4.7112,17.246,-4.3628,-1.8901,-4.3628,17.246,4.7112,-30.714,-11.439,-132.88,-11.439,35.11,16.577,77.485,77.582,30.285,30.285,77.582,77.485,16.577,35.11,-11.439,-132.88,50.843,7.9043,-2.0986,-7.7362,1.9271,1.9271,-7.7362,-2.0986,7.9043,50.843,-30.044,50.843,-30.714,16.577,34.606,5.4674,7.4449,-8.0065,7.4449,5.4674,34.606,16.577,-30.714,50.843,-30.044,22.583,-12.166,-7.255,15.461,-12.258,15.461,-7.255,-12.166,22.583,-45.336,22.583,7.9043,4.7112,77.485,5.4674,15.245,9.8351,9.8351,15.245,5.4674,77.485,4.7112,7.9043,22.583,-45.336,-14.016,8.9548,4.1914,21.474,21.474,4.1914,8.9548,-14.016,-87.977,-14.016,-12.166,-2.0986,17.246,77.582,7.4449,9.8351,70.43,9.8351,7.4449,77.582,17.246,-2.0986,-12.166,-14.016,-87.977,69.507,-14.496,-4.8865,100.84,-4.8865,-14.496,69.507,-41.094,69.507,8.9548,-7.255,-7.7362,-4.3628,30.285,-8.0065,9.8351,9.8351,-8.0065,30.285,-4.3628,-7.7362,-7.255,8.9548,69.507,-41.094,-7.5232,-19.094,23.166,23.166,-19.094,-7.5232,-9.0587,-7.5232,-14.496,4.1914,15.461,1.9271,-1.8901,30.285,7.4449,15.245,7.4449,30.285,-1.8901,1.9271,15.461,4.1914,-14.496,-7.5232,-9.0587,24.205,15.075,-2.6171,15.075,24.205,-36.32,24.205,-19.094,-4.8865,21.474,-12.258,1.9271,-4.3628,77.582,5.4674,5.4674,77.582,-4.3628,1.9271,-12.258,21.474,-4.8865,-19.094,24.205,-36.32,-55.678,5.7469,5.7469,-55.678,-77.113,-55.678,15.075,23.166,100.84,21.474,15.461,-7.7362,17.246,77.485,34.606,77.485,17.246,-7.7362,15.461,21.474,100.84,23.166,15.075,-55.678,-77.113,39.77,-16.091,39.77,-5.9917,39.77,5.7469,-2.6171,23.166,-4.8865,4.1914,-7.255,-2.0986,4.7112,16.577,16.577,4.7112,-2.0986,-7.255,4.1914,-4.8865,23.166,-2.6171,5.7469,39.77,-5.9917,-14.513,-14.513,-45.409,-14.513,-16.091,5.7469,15.075,-19.094,-14.496,8.9548,-12.166,7.9043,-30.714,35.11,-30.714,7.9043,-12.166,8.9548,-14.496,-19.094,15.075,5.7469,-16.091,-14.513,-45.409,-90.286,-122.69,-90.286,-14.513,39.77,-55.678,24.205,-7.5232,69.507,-14.016,22.583,50.843,-11.439,-11.439,50.843,22.583,-14.016,69.507,-7.5232,24.205,-55.678,39.77,-14.513,-90.286,-122.69
0,7.4387e-16,5.7314e-17,-4.2966e-17,-3.4666e-17,2.5984e-16,1.1216e-16,1.4911e-16,-7.7121e-17,1.0467e-15,6.4786e-17,8.8356e-16,0,-8.8356e-16,-6.4786e-17,-1.0467e-15,7.7121e-17,-1.4911e-16,-1.1216e-16,-2.5984e-16,3.4666e-17,4.2966e-17,-5.7314e-17,-7.4387e-16,-7.4387e-16,0,-74.282,11.545,-25.126,-37.715,-7.0744,11.532,16.846,-27.756,-12.344,-87.633,113.4,113.4,-87.633,-12.344,-27.756,16.846,11.532,-7.0744,-37.715,-25.126,11.545,-74.282,-5.7314e-17,74.282,0,11.545,-0.33966,-4.0545,-14.012,-4.6175,-17.618,-15.965,-39.394,11.857,-18.46,-30.271,-18.46,11.857,-39.394,-15.965,-17.618,-4.6175,-14.012,-4.0545,-0.33966,11.545,4.2966e-17,-11.545,-11.545,0,-25.126,-4.0545,0.72538,-8.3112,9.7582,-1.8776,5.2289,28.832,-15.366,10.206,10.206,-15.366,28.832,5.2289,-1.8776,9.7582,-8.3112,0.72538,-4.0545,-25.126,3.4666e-17,25.126,0.33966,25.126,0,-37.715,-14.012,-8.3112,13.074,-28.25,-12.106,60.196,-13.872,55.379,-6.026,55.379,-13.872,60.196,-12.106,-28.25,13.074,-8.3112,-14.012,-37.715,-2.5984e-16,37.715,4.0545,4.0545,37.715,0,-7.0744,-4.6175,9.7582,-28.25,7.757,14.553,-42.59,-34.452,-2.4829,-2.4829,-34.452,-42.59,14.553,7.757,-28.25,9.7582,-4.6175,-7.0744,-1.1216e-16,7.0744,14.012,-0.72538,14.012,7.0744,0,11.532,-17.618,-1.8776,-12.106,14.553,-5.8613,11.543,-18.881,9.6427,-18.881,11.543,-5.8613,14.553,-12.106,-1.8776,-17.618,11.532,-1.4911e-16,-11.532,4.6175,8.3112,8.3112,4.6175,-11.532,0,16.846,-15.965,5.2289,60.196,-42.59,11.543,4.7748,30.442,30.442,4.7748,11.543,-42.59,60.196,5.2289,-15.965,16.846,7.7121e-17,-16.846,17.618,-9.7582,-13.074,-9.7582,17.618,-16.846,0,-27.756,-39.394,28.832,-13.872,-34.452,-18.881,30.442,-82.719,30.442,-18.881,-34.452,-13.872,28.832,-39.394,-27.756,-1.0467e-15,27.756,15.965,1.8776,28.25,28.25,1.8776,15.965,27.756,0,-12.344,11.857,-15.366,55.379,-2.4829,9.6427,30.442,30.442,9.6427,-2.4829,55.379,-15.366,11.857,-12.344,-6.4786e-17,12.344,39.394,-5.2289,12.106,-7.757,12.106,-5.2289,39.394,12.344,0,-87.633,-18.46,10.206,-6.026,-2.4829,-18.881,4.7748,-18.881,-2.4829,-6.026,10.206,-18.46,-87.633,-8.8356e-16,87.633,-11.857,-28.832,-60.196,-14.553,-14.553,-60.196,-28.832,-11.857,87.633,0,113.4,-30.271,10.206,55.379,-34.452,11.543,11.543,-34.452,55.379,10.206,-30.271,113.4,0,-113.4,18.46,15.366,13.872,42.59,5.8613,42.59,13.872,15.366,18.46,-113.4,0,113.4,-18.46,-15.366,-13.872,-42.59,-5.8613,-42.59,-13.872,-15.366,-18.46,113.4,8.8356e-16,-113.4,30.271,-10.206,-55.379,34.452,-11.543,-11.543,34.452,-55.379,-10.206,30.271,-113.4,0,-87.633,11.857,28.832,60.196,14.553,14.553,60.196,28.832,11.857,-87.633,6.4786e-17,87.633,18.46,-10.206,6.026,2.4829,18.881,-4.7748,18.881,2.4829,6.026,-10.206,18.46,87.633,0,-12.344,-39.394,5.2289,-12.106,7.757,-12.106,5.2289,-39.394,-12.344,1.0467e-15,12.344,-11.857,15.366,-55.379,2.4829,-9.6427,-30.442,-30.442,-9.6427,2.4829,-55.379,15.366,-11.857,12.344,0,-27.756,-15.965,-1.8776,-28.25,-28.25,-1.8776,-15.965,-27.756,-7.7121e-17,27.756,39.394,-28.832,13.872,34.452,18.881,-30.442,82.719,-30.442,18.881,34.452,13.872,-28.832,39.394,27.756,0,16.846,-17.618,9.7582,13.074,9.7582,-17.618,16.846,1.4911e-16,-16.846,15.965,-5.2289,-60.196,42.59,-11.543,-4.7748,-30.442,-30.442,-4.7748,-11.543,42.59,-60.196,-5.2289,15.965,-16.846,0,11.532,-4.6175,-8.3112,-8.3112,-4.6175,11.532,1.1216e-16,-11.532,17.618,1.8776,12.106,-14.553,5.8613,-11.543,18.881,-9.6427,18.881,-11.543,5.8613,-14.553,12.106,1.8776,17.618,-11.532,0,-7.0744,-14.012,0.72538,-14.012,-7.0744,2.5984e-16,7.0744,4.6175,-9.7582,28.25,-7.757,-14.553,42.59,34.452,2.4829,2.4829,34.452,42.59,-14.553,-7.757,28.25,-9.7582,4.6175,7.0744,0,-37.715,-4.0545,-4.0545,-37.715,-3.4666e-17,37.715,14.012,8.3112,-13.074,28.25,12.106,-60.196,13.872,-55.379,6.026,-55.379,13.872,-60.196,12.106,28.25,-13.074,8.3112,14.012,37.715,0,-25.126,-0.33966,-25.126,-4.2966e-17,25.126,4.0545,-0.72538,8.3112,-9.7582,1.8776,-5.2289,-28.832,15.366,-10.206,-10.206,15.366,-28.832,-5.2289,1.8776,-9.7582,8.3112,-0.72538,4.0545,25.126,0,11.545,11.545,5.7314e-17,-11.545,0.33966,4.0545,14.012,4.6175,17.618,15.965,39.394,-11.857,18.46,30.271,18.46,-11.857,39.394,15.965,17.618,4.6175,14.012,4.0545,0.33966,-11.545,0,-74.282,7.4387e-16,74.282,-11.545,25.126,37.715,7.0744,-11.532,-16.846,27.756,12.344,87.633,-113.4,-113.4,87.633,12.344,27.756,-16.846,-11.532,7.0744,37.715,25.126,-11.545,74.282,0
