-16.533,-20.906,-33.508,-13.64,-35.146,-9.423,-33.183,-161.77,-21.437,-13.678,-39.052,-60.689,-12.272,-60.689,-39.052,-13.678,-21.437,-161.77,-33.183,-9.423,-35.146,-13.64,-33.508,-20.906,-20.906,-20.906,26.394,-4.3611,18.663,24.838,20.085,-73.357,-7.9392,-1.5248,-29.24,8.2308,-32.156,-32.156,8.2308,-29.24,-1.5248,-7.9392,-73.357,20.085,24.838,18.663,-4.3611,26.394,-33.508,26.394,-33.508,-4.3611,-37.269,3.5609,23.338,-44.012,-10.654,-56.902,45.285,21.015,31.727,-18.686,31.727,21.015,45.285,-56.902,-10.654,-44.012,23.338,3.5609,-37.269,-4.3611,-13.64,-4.3611,-4.3611,-13.64,18.663,3.5609,6.5384,20.689,-31.976,-12.128,-7.8125,4.5712,-5.1907,-29.373,-29.373,-5.1907,4.5712,-7.8125,-12.128,-31.976,20.689,6.5384,3.5609,18.663,-35.146,18.663,-37.269,18.663,-35.146,24.838,23.338,20.689,-11.802,-14.695,46.253,94.468,-61.118,-9.8826,2.6966,-9.8826,-61.118,94.468,46.253,-14.695,-11.802,20.689,23.338,24.838,-9.423,24.838,3.5609,3.5609,24.838,-9.423,20.085,-44.012,-31.976,-14.695,31.332,3.0045,11.359,-0.59802,2.4662,2.4662,-0.59802,11.359,3.0045,31.332,-14.695,-31.976,-44.012,20.085,-33.183,20.085,23.338,6.5384,23.338,20.085,-33.183,-73.357,-10.654,-12.128,46.253,3.0045,14.794,6.1998,14.296,-14.961,14.296,6.1998,14.794,3.0045,46.253,-12.128,-10.654,-73.357,-161.77,-73.357,-44.012,20.689,20.689,-44.012,-73.357,-161.77,-7.9392,-56.902,-7.8125,94.468,11.359,6.1998,183.74,14.801,14.801,183.74,6.1998,11.359,94.468,-7.8125,-56.902,-7.9392,-21.437,-7.9392,-10.654,-31.976,-11.802,-31.976,-10.654,-7.9392,-21.437,-1.5248,45.285,4.5712,-61.118,-0.59802,14.296,14.801,-240.72,14.801,14.296,-0.59802,-61.118,4.5712,45.285,-1.5248,-13.678,-1.5248,-56.902,-12.128,-14.695,-14.695,-12.128,-56.902,-1.5248,-13.678,-29.24,21.015,-5.1907,-9.8826,2.4662,-14.961,14.801,14.801,-14.961,2.4662,-9.8826,-5.1907,21.015,-29.24,-39.052,-29.24,45.285,-7.8125,46.253,31.332,46.253,-7.8125,45.285,-29.24,-39.052,8.2308,31.727,-29.373,2.6966,2.4662,14.296,183.74,14.296,2.4662,2.6966,-29.373,31.727,8.2308,-60.689,8.2308,21.015,4.5712,94.468,3.0045,3.0045,94.468,4.5712,21.015,8.2308,-60.689,-32.156,-18.686,-29.373,-9.8826,-0.59802,6.1998,6.1998,-0.59802,-9.8826,-29.373,-18.686,-32.156,-12.272,-32.156,31.727,-5.1907,-61.118,11.359,14.794,11.359,-61.118,-5.1907,31.727,-32.156,-12.272,-32.156,31.727,-5.1907,-61.118,11.359,14.794,11.359,-61.118,-5.1907,31.727,-32.156,-60.689,-32.156,-18.686,-29.373,-9.8826,-0.59802,6.1998,6.1998,-0.59802,-9.8826,-29.373,-18.686,-32.156,-60.689,8.2308,21.015,4.5712,94.468,3.0045,3.0045,94.468,4.5712,21.015,8.2308,-39.052,8.2308,31.727,-29.373,2.6966,2.4662,14.296,183.74,14.296,2.4662,2.6966,-29.373,31.727,8.2308,-39.052,-29.24,45.285,-7.8125,46.253,31.332,46.253,-7.8125,45.285,-29.24,-13.678,-29.24,21.015,-5.1907,-9.8826,2.4662,-14.961,14.801,14.801,-14.961,2.4662,-9.8826,-5.1907,21.015,-29.24,-13.678,-1.5248,-56.902,-12.128,-14.695,-14.695,-12.128,-56.902,-1.5248,-21.437,-1.5248,45.285,4.5712,-61.118,-0.59802,14.296,14.801,-240.72,14.801,14.296,-0.59802,-61.118,4.5712,45.285,-1.5248,-21.437,-7.9392,-10.654,-31.976,-11.802,-31.976,-10.654,-7.9392,-161.77,-7.9392,-56.902,-7.8125,94.468,11.359,6.1998,183.74,14.801,14.801,183.74,6.1998,11.359,94.468,-7.8125,-56.902,-7.9392,-161.77,-73.357,-44.012,20.689,20.689,-44.012,-73.357,-33.183,-73.357,-10.654,-12.128,46.253,3.0045,14.794,6.1998,14.296,-14.961,14.296,6.1998,14.794,3.0045,46.253,-12.128,-10.654,-73.357,-33.183,20.085,23.338,6.5384,23.338,20.085,-9.423,20.085,-44.012,-31.976,-14.695,31.332,3.0045,11.359,-0.59802,2.4662,2.4662,-0.59802,11.359,3.0045,31.332,-14.695,-31.976,-44.012,20.085,-9.423,24.838,3.5609,3.5609,24.838,-35.146,24.838,23.338,20.689,-11.802,-14.695,46.253,94.468,-61.118,-9.8826,2.6966,-9.8826,-61.118,94.468,46.253,-14.695,-11.802,20.689,23.338,24.838,-35.146,18.663,-37.269,18.663,-13.64,18.663,3.5609,6.5384,20.689,-31.976,-12.128,-7.8125,4.5712,-5.1907,-29.373,-29.373,-5.1907,4.5712,-7.8125,-12.128,-31.976,20.689,6.5384,3.5609,18.663,-13.64,-4.3611,-4.3611,-33.508,-4.3611,-37.269,3.5609,23.338,-44.012,-10.654,-56.902,45.285,21.015,31.727,-18.686,31.727,21.015,45.285,-56.902,-10.654,-44.012,23.338,3.5609,-37.269,-4.3611,-33.508,26.394,-20.906,26.394,-4.3611,18.663,24.838,20.085,-73.357,-7.9392,-1.5248,-29.24,8.2308,-32.156,-32.156,8.2308,-29.24,-1.5248,-7.9392,-73.357,20.085,24.838,18.663,-4.3611,26.394,-20.906
0,8.5959e-17,5.5984e-16,6.728e-19,6.347e-16,1.1511e-16,-3.759e-17,1.2393e-15,-2.8695e-16,-1.6443e-17,-1.5723e-16,-1.1616e-15,0,1.1616e-15,1.5723e-16,1.6443e-17,2.8695e-16,-1.2393e-15,3.759e-17,-1.1511e-16,-6.347e-16,-6.728e-19,-5.5984e-16,-8.5959e-17,-8.5959e-17,0,-3.1352,19.446,-8.1108,0.95923,-1.1101,31.175,32.8,-9.9644,3.9792,1.973,-28.068,-28.068,1.973,3.9792,-9.9644,32.8,31.175,-1.1101,0.95923,-8.1108,19.446,-3.1352,-5.5984e-16,3.1352,0,19.446,31.001,11.99,28.032,11.809,-17.056,-29.611,-17.547,-31.025,20.497,35.214,20.497,-31.025,-17.547,-29.611,-17.056,11.809,28.032,11.99,31.001,19.446,-6.728e-19,-19.446,-19.446,0,-8.1108,11.99,-5.2383,70.982,-4.3609,-11.162,-17.04,-67.842,-1.0034,-28.585,-28.585,-1.0034,-67.842,-17.04,-11.162,-4.3609,70.982,-5.2383,11.99,-8.1108,-6.347e-16,8.1108,-31.001,8.1108,0,0.95923,28.032,70.982,-60.52,-13.349,48.113,33.62,-47.622,-26.135,-106.08,-26.135,-47.622,33.62,48.113,-13.349,-60.52,70.982,28.032,0.95923,-1.1511e-16,-0.95923,-11.99,-11.99,-0.95923,0,-1.1101,11.809,-4.3609,-13.349,18.34,21.986,-11.374,69.538,15.296,15.296,69.538,-11.374,21.986,18.34,-13.349,-4.3609,11.809,-1.1101,3.759e-17,1.1101,-28.032,5.2383,-28.032,1.1101,0,31.175,-17.056,-11.162,48.113,21.986,-12.527,98.622,59.579,1.3811,59.579,98.622,-12.527,21.986,48.113,-11.162,-17.056,31.175,-1.2393e-15,-31.175,-11.809,-70.982,-70.982,-11.809,-31.175,0,32.8,-29.611,-17.04,33.62,-11.374,98.622,92.146,12.522,12.522,92.146,98.622,-11.374,33.62,-17.04,-29.611,32.8,2.8695e-16,-32.8,17.056,4.3609,60.52,4.3609,17.056,-32.8,0,-9.9644,-17.547,-67.842,-47.622,69.538,59.579,12.522,20.46,12.522,59.579,69.538,-47.622,-67.842,-17.547,-9.9644,1.6443e-17,9.9644,29.611,11.162,13.349,13.349,11.162,29.611,9.9644,0,3.9792,-31.025,-1.0034,-26.135,15.296,1.3811,12.522,12.522,1.3811,15.296,-26.135,-1.0034,-31.025,3.9792,1.5723e-16,-3.9792,17.547,17.04,-48.113,-18.34,-48.113,17.04,17.547,-3.9792,0,1.973,20.497,-28.585,-106.08,15.296,59.579,92.146,59.579,15.296,-106.08,-28.585,20.497,1.973,1.1616e-15,-1.973,31.025,67.842,-33.62,-21.986,-21.986,-33.62,67.842,31.025,-1.973,0,-28.068,35.214,-28.585,-26.135,69.538,98.622,98.622,69.538,-26.135,-28.585,35.214,-28.068,0,28.068,-20.497,1.0034,47.622,11.374,12.527,11.374,47.622,1.0034,-20.497,28.068,0,-28.068,20.497,-1.0034,-47.622,-11.374,-12.527,-11.374,-47.622,-1.0034,20.497,-28.068,-1.1616e-15,28.068,-35.214,28.585,26.135,-69.538,-98.622,-98.622,-69.538,26.135,28.585,-35.214,28.068,0,1.973,-31.025,-67.842,33.62,21.986,21.986,33.62,-67.842,-31.025,1.973,-1.5723e-16,-1.973,-20.497,28.585,106.08,-15.296,-59.579,-92.146,-59.579,-15.296,106.08,28.585,-20.497,-1.973,0,3.9792,-17.547,-17.04,48.113,18.34,48.113,-17.04,-17.547,3.9792,-1.6443e-17,-3.9792,31.025,1.0034,26.135,-15.296,-1.3811,-12.522,-12.522,-1.3811,-15.296,26.135,1.0034,31.025,-3.9792,0,-9.9644,-29.611,-11.162,-13.349,-13.349,-11.162,-29.611,-9.9644,-2.8695e-16,9.9644,17.547,67.842,47.622,-69.538,-59.579,-12.522,-20.46,-12.522,-59.579,-69.538,47.622,67.842,17.547,9.9644,0,32.8,-17.056,-4.3609,-60.52,-4.3609,-17.056,32.8,1.2393e-15,-32.8,29.611,17.04,-33.62,11.374,-98.622,-92.146,-12.522,-12.522,-92.146,-98.622,11.374,-33.62,17.04,29.611,-32.8,0,31.175,11.809,70.982,70.982,11.809,31.175,-3.759e-17,-31.175,17.056,11.162,-48.113,-21.986,12.527,-98.622,-59.579,-1.3811,-59.579,-98.622,12.527,-21.986,-48.113,11.162,17.056,-31.175,0,-1.1101,28.032,-5.2383,28.032,-1.1101,1.1511e-16,1.1101,-11.809,4.3609,13.349,-18.34,-21.986,11.374,-69.538,-15.296,-15.296,-69.538,11.374,-21.986,-18.34,13.349,4.3609,-11.809,1.1101,0,0.95923,11.99,11.99,0.95923,6.347e-16,-0.95923,-28.032,-70.982,60.52,13.349,-48.113,-33.62,47.622,26.135,106.08,26.135,47.622,-33.62,-48.113,13.349,60.52,-70.982,-28.032,-0.95923,0,-8.1108,31.001,-8.1108,6.728e-19,8.1108,-11.99,5.2383,-70.982,4.3609,11.162,17.04,67.842,1.0034,28.585,28.585,1.0034,67.842,17.04,11.162,4.3609,-70.982,5.2383,-11.99,8.1108,0,19.446,19.446,5.5984e-16,-19.446,-31.001,-11.99,-28.032,-11.809,17.056,29.611,17.547,31.025,-20.497,-35.214,-20.497,31.025,17.547,29.611,17.056,-11.809,-28.032,-11.99,-31.001,-19.446,0,-3.1352,8.5959e-17,3.1352,-19.446,8.1108,-0.95923,1.1101,-31.175,-32.8,9.9644,-3.9792,-1.973,28.068,28.068,-1.973,-3.9792,9.9644,-32.8,-31.175,1.1101,-0.95923,8.1108,-19.446,3.1352,0
