-55.565,-177.26,-27.766,-48.468,-175.02,-58.519,-8.5061,-3.7773,-49.355,-89.189,-86.515,-48.321,-198.77,-48.321,-86.515,-89.189,-49.355,-3.7773,-8.5061,-58.519,-175.02,-48.468,-27.766,-177.26,-177.26,-177.26,51.984,-39.016,-80.393,129.13,49.466,4.3766,-7.2085,23.071,-72.414,-38.111,32.662,32.662,-38.111,-72.414,23.071,-7.2085,4.3766,49.466,129.13,-80.393,-39.016,51.984,-27.766,51.984,-27.766,-39.016,-65.222,20.762,31.949,16.22,0.46495,2.6726,-17.479,-65.803,-6.0053,16.385,-6.0053,-65.803,-17.479,2.6726,0.46495,16.22,31.949,20.762,-65.222,-39.016,-48.468,-39.016,-39.016,-48.468,-80.393,20.762,41.798,2.6589,44.656,50.024,-13.549,-29.752,148.09,50.441,50.441,148.09,-29.752,-13.549,50.024,44.656,2.6589,41.798,20.762,-80.393,-175.02,-80.393,-65.222,-80.393,-175.02,129.13,31.949,2.6589,19.415,27.332,11.348,15.434,-59.539,16.988,-34.996,16.988,-59.539,15.434,11.348,27.332,19.415,2.6589,31.949,129.13,-58.519,129.13,20.762,20.762,129.13,-58.519,49.466,16.22,44.656,27.332,-7.08,-26.56,30.35,-7.6486,-68.911,-68.911,-7.6486,30.35,-26.56,-7.08,27.332,44.656,16.22,49.466,-8.5061,49.466,31.949,41.798,31.949,49.466,-8.5061,4.3766,0.46495,50.024,11.348,-26.56,31.87,-6.3163,-11.075,15.597,-11.075,-6.3163,31.87,-26.56,11.348,50.024,0.46495,4.3766,-3.7773,4.3766,16.22,2.6589,2.6589,16.22,4.3766,-3.7773,-7.2085,2.6726,-13.549,15.434,30.35,-6.3163,-1.8128,-0.37224,-0.37224,-1.8128,-6.3163,30.35,15.434,-13.549,2.6726,-7.2085,-49.355,-7.2085,0.46495,44.656,19.415,44.656,0.46495,-7.2085,-49.355,23.071,-17.479,-29.752,-59.539,-7.6486,-11.075,-0.37224,-35.147,-0.37224,-11.075,-7.6486,-59.539,-29.752,-17.479,23.071,-89.189,23.071,2.6726,50.024,27.332,27.332,50.024,2.6726,23.071,-89.189,-72.414,-65.803,148.09,16.988,-68.911,15.597,-0.37224,-0.37224,15.597,-68.911,16.988,148.09,-65.803,-72.414,-86.515,-72.414,-17.479,-13.549,11.348,-7.08,11.348,-13.549,-17.479,-72.414,-86.515,-38.111,-6.0053,50.441,-34.996,-68.911,-11.075,-1.8128,-11.075,-68.911,-34.996,50.441,-6.0053,-38.111,-48.321,-38.111,-65.803,-29.752,15.434,-26.56,-26.56,15.434,-29.752,-65.803,-38.111,-48.321,32.662,16.385,50.441,16.988,-7.6486,-6.3163,-6.3163,-7.6486,16.988,50.441,16.385,32.662,-198.77,32.662,-6.0053,148.09,-59.539,30.35,31.87,30.35,-59.539,148.09,-6.0053,32.662,-198.77,32.662,-6.0053,148.09,-59.539,30.35,31.87,30.35,-59.539,148.09,-6.0053,32.662,-48.321,32.662,16.385,50.441,16.988,-7.6486,-6.3163,-6.3163,-7.6486,16.988,50.441,16.385,32.662,-48.321,-38.111,-65.803,-29.752,15.434,-26.56,-26.56,15.434,-29.752,-65.803,-38.111,-86.515,-38.111,-6.0053,50.441,-34.996,-68.911,-11.075,-1.8128,-11.075,-68.911,-34.996,50.441,-6.0053,-38.111,-86.515,-72.414,-17.479,-13.549,11.348,-7.08,11.348,-13.549,-17.479,-72.414,-89.189,-72.414,-65.803,148.09,16.988,-68.911,15.597,-0.37224,-0.37224,15.597,-68.911,16.988,148.09,-65.803,-72.414,-89.189,23.071,2.6726,50.024,27.332,27.332,50.024,2.6726,23.071,-49.355,23.071,-17.479,-29.752,-59.539,-7.6486,-11.075,-0.37224,-35.147,-0.37224,-11.075,-7.6486,-59.539,-29.752,-17.479,23.071,-49.355,-7.2085,0.46495,44.656,19.415,44.656,0.46495,-7.2085,-3.7773,-7.2085,2.6726,-13.549,15.434,30.35,-6.3163,-1.8128,-0.37224,-0.37224,-1.8128,-6.3163,30.35,15.434,-13.549,2.6726,-7.2085,-3.7773,4.3766,16.22,2.6589,2.6589,16.22,4.3766,-8.5061,4.3766,0.46495,50.024,11.348,-26.56,31.87,-6.3163,-11.075,15.597,-11.075,-6.3163,31.87,-26.56,11.348,50.024,0.46495,4.3766,-8.5061,49.466,31.949,41.798,31.949,49.466,-58.519,49.466,16.22,44.656,27.332,-7.08,-26.56,30.35,-7.6486,-68.911,-68.911,-7.6486,30.35,-26.56,-7.08,27.332,44.656,16.22,49.466,-58.519,129.13,20.762,20.762,129.13,-175.02,129.13,31.949,2.6589,19.415,27.332,11.348,15.434,-59.539,16.988,-34.996,16.988,-59.539,15.434,11.348,27.332,19.415,2.6589,31.949,129.13,-175.02,-80.393,-65.222,-80.393,-48.468,-80.393,20.762,41.798,2.6589,44.656,50.024,-13.549,-29.752,148.09,50.441,50.441,148.09,-29.752,-13.549,50.024,44.656,2.6589,41.798,20.762,-80.393,-48.468,-39.016,-39.016,-27.766,-39.016,-65.222,20.762,31.949,16.22,0.46495,2.6726,-17.479,-65.803,-6.0053,16.385,-6.0053,-65.803,-17.479,2.6726,0.46495,16.22,31.949,20.762,-65.222,-39.016,-27.766,51.984,-177.26,51.984,-39.016,-80.393,129.13,49.466,4.3766,-7.2085,23.071,-72.414,-38.111,32.662,32.662,-38.111,-72.414,23.071,-7.2085,4.3766,49.466,129.13,-80.393,-39.016,51.984,-177.26
0,5.8705e-16,-2.782e-16,-1.4742e-16,-2.7789e-16,6.1931e-16,-7.4907e-18,9.3925e-18,2.1033e-16,-6.3035e-16,1.3065e-15,3.3104e-16,0,-3.3104e-16,-1.3065e-15,6.3035e-16,-2.1033e-16,-9.3925e-18,7.4907e-18,-6.1931e-16,2.7789e-16,1.4742e-16,2.782e-16,-5.8705e-16,-5.8705e-16,0,65.635,70.952,125.01,12.989,27.962,10.451,-1.4196,9.2737,-33.035,-22.232,-119.74,-119.74,-22.232,-33.035,9.2737,-1.4196,10.451,27.962,12.989,125.01,70.952,65.635,2.782e-16,-65.635,0,70.952,-21.384,87.096,-21.282,13.063,13.064,23.463,-5.4837,-15.63,-86.474,30.315,-86.474,-15.63,-5.4837,23.463,13.064,13.063,-21.282,87.096,-21.384,70.952,1.4742e-16,-70.952,-70.952,0,125.01,87.096,-9.6183,-29.582,1.1355,30.284,8.4073,10.714,-163.68,6.6288,6.6288,-163.68,10.714,8.4073,30.284,1.1355,-29.582,-9.6183,87.096,125.01,2.7789e-16,-125.01,21.384,-125.01,0,12.989,-21.282,-29.582,80.013,-169.62,27.419,12.555,44.528,74.222,68.641,74.222,44.528,12.555,27.419,-169.62,80.013,-29.582,-21.282,12.989,-6.1931e-16,-12.989,-87.096,-87.096,-12.989,0,27.962,13.063,1.1355,-169.62,82.138,17.472,-28.324,19.697,56.29,56.29,19.697,-28.324,17.472,82.138,-169.62,1.1355,13.063,27.962,7.4907e-18,-27.962,21.282,9.6183,21.282,-27.962,0,10.451,13.064,30.284,27.419,17.472,-0.8572,0.75739,0.55232,-78.723,0.55232,0.75739,-0.8572,17.472,27.419,30.284,13.064,10.451,-9.3925e-18,-10.451,-13.063,29.582,29.582,-13.063,-10.451,0,-1.4196,23.463,8.4073,12.555,-28.324,0.75739,1.2797,-6.9676,-6.9676,1.2797,0.75739,-28.324,12.555,8.4073,23.463,-1.4196,-2.1033e-16,1.4196,-13.064,-1.1355,-80.013,-1.1355,-13.064,1.4196,0,9.2737,-5.4837,10.714,44.528,19.697,0.55232,-6.9676,18.928,-6.9676,0.55232,19.697,44.528,10.714,-5.4837,9.2737,6.3035e-16,-9.2737,-23.463,-30.284,169.62,169.62,-30.284,-23.463,-9.2737,0,-33.035,-15.63,-163.68,74.222,56.29,-78.723,-6.9676,-6.9676,-78.723,56.29,74.222,-163.68,-15.63,-33.035,-1.3065e-15,33.035,5.4837,-8.4073,-27.419,-82.138,-27.419,-8.4073,5.4837,33.035,0,-22.232,-86.474,6.6288,68.641,56.29,0.55232,1.2797,0.55232,56.29,68.641,6.6288,-86.474,-22.232,-3.3104e-16,22.232,15.63,-10.714,-12.555,-17.472,-17.472,-12.555,-10.714,15.63,22.232,0,-119.74,30.315,6.6288,74.222,19.697,0.75739,0.75739,19.697,74.222,6.6288,30.315,-119.74,0,119.74,86.474,163.68,-44.528,28.324,0.8572,28.324,-44.528,163.68,86.474,119.74,0,-119.74,-86.474,-163.68,44.528,-28.324,-0.8572,-28.324,44.528,-163.68,-86.474,-119.74,3.3104e-16,119.74,-30.315,-6.6288,-74.222,-19.697,-0.75739,-0.75739,-19.697,-74.222,-6.6288,-30.315,119.74,0,-22.232,-15.63,10.714,12.555,17.472,17.472,12.555,10.714,-15.63,-22.232,1.3065e-15,22.232,86.474,-6.6288,-68.641,-56.29,-0.55232,-1.2797,-0.55232,-56.29,-68.641,-6.6288,86.474,22.232,0,-33.035,-5.4837,8.4073,27.419,82.138,27.419,8.4073,-5.4837,-33.035,-6.3035e-16,33.035,15.63,163.68,-74.222,-56.29,78.723,6.9676,6.9676,78.723,-56.29,-74.222,163.68,15.63,33.035,0,9.2737,23.463,30.284,-169.62,-169.62,30.284,23.463,9.2737,2.1033e-16,-9.2737,5.4837,-10.714,-44.528,-19.697,-0.55232,6.9676,-18.928,6.9676,-0.55232,-19.697,-44.528,-10.714,5.4837,-9.2737,0,-1.4196,13.064,1.1355,80.013,1.1355,13.064,-1.4196,9.3925e-18,1.4196,-23.463,-8.4073,-12.555,28.324,-0.75739,-1.2797,6.9676,6.9676,-1.2797,-0.75739,28.324,-12.555,-8.4073,-23.463,1.4196,0,10.451,13.063,-29.582,-29.582,13.063,10.451,-7.4907e-18,-10.451,-13.064,-30.284,-27.419,-17.472,0.8572,-0.75739,-0.55232,78.723,-0.55232,-0.75739,0.8572,-17.472,-27.419,-30.284,-13.064,-10.451,0,27.962,-21.282,-9.6183,-21.282,27.962,6.1931e-16,-27.962,-13.063,-1.1355,169.62,-82.138,-17.472,28.324,-19.697,-56.29,-56.29,-19.697,28.324,-17.472,-82.138,169.62,-1.1355,-13.063,-27.962,0,12.989,87.096,87.096,12.989,-2.7789e-16,-12.989,21.282,29.582,-80.013,169.62,-27.419,-12.555,-44.528,-74.222,-68.641,-74.222,-44.528,-12.555,-27.419,169.62,-80.013,29.582,21.282,-12.989,0,125.01,-21.384,125.01,-1.4742e-16,-125.01,-87.096,9.6183,29.582,-1.1355,-30.284,-8.4073,-10.714,163.68,-6.6288,-6.6288,163.68,-10.714,-8.4073,-30.284,-1.1355,29.582,9.6183,-87.096,-125.01,0,70.952,70.952,-2.782e-16,-70.952,21.384,-87.096,21.282,-13.063,-13.064,-23.463,5.4837,15.63,86.474,-30.315,86.474,15.63,5.4837,-23.463,-13.064,-13.063,21.282,-87.096,21.384,-70.952,0,65.635,5.8705e-16,-65.635,-70.952,-125.01,-12.989,-27.962,-10.451,1.4196,-9.2737,33.035,22.232,119.74,119.74,22.232,33.035,-9.2737,1.4196,-10.451,-27.962,-12.989,-125.01,-70.952,-65.635,0
