-66.71,14.612,-33.613,-37.59,-33.411,-54.291,15.397,-111.26,-51.896,-70.693,8.2266,32.155,-7.7943,32.155,8.2266,-70.693,-51.896,-111.26,15.397,-54.291,-33.411,-37.59,-33.613,14.612,14.612,14.612,48.824,-41.316,-18.156,-15.564,-19.75,-9.1451,18.604,22.976,28.055,-65.457,5.2069,5.2069,-65.457,28.055,22.976,18.604,-9.1451,-19.75,-15.564,-18.156,-41.316,48.824,-33.613,48.824,-33.613,-41.316,44.789,27.54,-35.754,67.837,-21.079,43.917,1.8901,-5.1507,-10.496,53.806,-10.496,-5.1507,1.8901,43.917,-21.079,67.837,-35.754,27.54,44.789,-41.316,-37.59,-41.316,-41.316,-37.59,-18.156,27.54,-1.8426,70.783,-42.278,-10.449,-24.661,-67.258,6.6863,44.453,44.453,6.6863,-67.258,-24.661,-10.449,-42.278,70.783,-1.8426,27.54,-18.156,-33.411,-18.156,44.789,-18.156,-33.411,-15.564,-35.754,70.783,-89.083,68.179,-4.8782,58.393,21.024,-36.263,36.425,-36.263,21.024,58.393,-4.8782,68.179,-89.083,70.783,-35.754,-15.564,-54.291,-15.564,27.54,27.54,-15.564,-54.291,-19.75,67.837,-42.278,68.179,-34.36,-23.092,15.118,49.921,32.273,32.273,49.921,15.118,-23.092,-34.36,68.179,-42.278,67.837,-19.75,15.397,-19.75,-35.754,-1.8426,-35.754,-19.75,15.397,-9.1451,-21.079,-10.449,-4.8782,-23.092,1.7586,-25.829,32.756,-3.0493,32.756,-25.829,1.7586,-23.092,-4.8782,-10.449,-21.079,-9.1451,-111.26,-9.1451,67.837,70.783,70.783,67.837,-9.1451,-111.26,18.604,43.917,-24.661,58.393,15.118,-25.829,26.158,91.297,91.297,26.158,-25.829,15.118,58.393,-24.661,43.917,18.604,-51.896,18.604,-21.079,-42.278,-89.083,-42.278,-21.079,18.604,-51.896,22.976,1.8901,-67.258,21.024,49.921,32.756,91.297,70.704,91.297,32.756,49.921,21.024,-67.258,1.8901,22.976,-70.693,22.976,43.917,-10.449,68.179,68.179,-10.449,43.917,22.976,-70.693,28.055,-5.1507,6.6863,-36.263,32.273,-3.0493,91.297,91.297,-3.0493,32.273,-36.263,6.6863,-5.1507,28.055,8.2266,28.055,1.8901,-24.661,-4.8782,-34.36,-4.8782,-24.661,1.8901,28.055,8.2266,-65.457,-10.496,44.453,36.425,32.273,32.756,26.158,32.756,32.273,36.425,44.453,-10.496,-65.457,32.155,-65.457,-5.1507,-67.258,58.393,-23.092,-23.092,58.393,-67.258,-5.1507,-65.457,32.155,5.2069,53.806,44.453,-36.263,49.921,-25.829,-25.829,49.921,-36.263,44.453,53.806,5.2069,-7.7943,5.2069,-10.496,6.6863,21.024,15.118,1.7586,15.118,21.024,6.6863,-10.496,5.2069,-7.7943,5.2069,-10.496,6.6863,21.024,15.118,1.7586,15.118,21.024,6.6863,-10.496,5.2069,32.155,5.2069,53.806,44.453,-36.263,49.921,-25.829,-25.829,49.921,-36.263,44.453,53.806,5.2069,32.155,-65.457,-5.1507,-67.258,58.393,-23.092,-23.092,58.393,-67.258,-5.1507,-65.457,8.2266,-65.457,-10.496,44.453,36.425,32.273,32.756,26.158,32.756,32.273,36.425,44.453,-10.496,-65.457,8.2266,28.055,1.8901,-24.661,-4.8782,-34.36,-4.8782,-24.661,1.8901,28.055,-70.693,28.055,-5.1507,6.6863,-36.263,32.273,-3.0493,91.297,91.297,-3.0493,32.273,-36.263,6.6863,-5.1507,28.055,-70.693,22.976,43.917,-10.449,68.179,68.179,-10.449,43.917,22.976,-51.896,22.976,1.8901,-67.258,21.024,49.921,32.756,91.297,70.704,91.297,32.756,49.921,21.024,-67.258,1.8901,22.976,-51.896,18.604,-21.079,-42.278,-89.083,-42.278,-21.079,18.604,-111.26,18.604,43.917,-24.661,58.393,15.118,-25.829,26.158,91.297,91.297,26.158,-25.829,15.118,58.393,-24.661,43.917,18.604,-111.26,-9.1451,67.837,70.783,70.783,67.837,-9.1451,15.397,-9.1451,-21.079,-10.449,-4.8782,-23.092,1.7586,-25.829,32.756,-3.0493,32.756,-25.829,1.7586,-23.092,-4.8782,-10.449,-21.079,-9.1451,15.397,-19.75,-35.754,-1.8426,-35.754,-19.75,-54.291,-19.75,67.837,-42.278,68.179,-34.36,-23.092,15.118,49.921,32.273,32.273,49.921,15.118,-23.092,-34.36,68.179,-42.278,67.837,-19.75,-54.291,-15.564,27.54,27.54,-15.564,-33.411,-15.564,-35.754,70.783,-89.083,68.179,-4.8782,58.393,21.024,-36.263,36.425,-36.263,21.024,58.393,-4.8782,68.179,-89.083,70.783,-35.754,-15.564,-33.411,-18.156,44.789,-18.156,-37.59,-18.156,27.54,-1.8426,70.783,-42.278,-10.449,-24.661,-67.258,6.6863,44.453,44.453,6.6863,-67.258,-24.661,-10.449,-42.278,70.783,-1.8426,27.54,-18.156,-37.59,-41.316,-41.316,-33.613,-41.316,44.789,27.54,-35.754,67.837,-21.079,43.917,1.8901,-5.1507,-10.496,53.806,-10.496,-5.1507,1.8901,43.917,-21.079,67.837,-35.754,27.54,44.789,-41.316,-33.613,48.824,14.612,48.824,-41.316,-18.156,-15.564,-19.75,-9.1451,18.604,22.976,28.055,-65.457,5.2069,5.2069,-65.457,28.055,22.976,18.604,-9.1451,-19.75,-15.564,-18.156,-41.316,48.824,14.612
0,1.5492e-16,6.0918e-16,2.237e-16,-8.9461e-16,5.6519e-16,-1.4901e-16,1.7862e-15,-1.0276e-15,-5.8996e-16,-5.6911e-16,-7.4367e-16,0,7.4367e-16,5.6911e-16,5.8996e-16,1.0276e-15,-1.7862e-15,1.4901e-16,-5.6519e-16,8.9461e-16,-2.237e-16,-6.0918e-16,-1.5492e-16,-1.5492e-16,0,29.751,-20.477,-78.135,-23.749,-3.2596,-5.8156,61.75,13.271,3.8531,-0.079515,9.7726,9.7726,-0.079515,3.8531,13.271,61.75,-5.8156,-3.2596,-23.749,-78.135,-20.477,29.751,-6.0918e-16,-29.751,0,-20.477,101.61,24.156,4.9127,28.023,-9.2711,58.632,18.344,45.422,6.2862,65.216,6.2862,45.422,18.344,58.632,-9.2711,28.023,4.9127,24.156,101.61,-20.477,-2.237e-16,20.477,20.477,0,-78.135,24.156,-19.585,-14.584,-53.043,13.025,-13.545,-12.071,-17.922,23.484,23.484,-17.922,-12.071,-13.545,13.025,-53.043,-14.584,-19.585,24.156,-78.135,8.9461e-16,78.135,-101.61,78.135,0,-23.749,4.9127,-14.584,-84.725,1.6642,-59.659,21.929,17.956,66.366,-24.298,66.366,17.956,21.929,-59.659,1.6642,-84.725,-14.584,4.9127,-23.749,-5.6519e-16,23.749,-24.156,-24.156,23.749,0,-3.2596,28.023,-53.043,1.6642,-3.6216,17.671,-21.154,-38.104,16.316,16.316,-38.104,-21.154,17.671,-3.6216,1.6642,-53.043,28.023,-3.2596,1.4901e-16,3.2596,-4.9127,19.585,-4.9127,3.2596,0,-5.8156,-9.2711,13.025,-59.659,17.671,-0.061918,-13.373,-24.958,-15.262,-24.958,-13.373,-0.061918,17.671,-59.659,13.025,-9.2711,-5.8156,-1.7862e-15,5.8156,-28.023,14.584,14.584,-28.023,5.8156,0,61.75,58.632,-13.545,21.929,-21.154,-13.373,44.507,-2.5862,-2.5862,44.507,-13.373,-21.154,21.929,-13.545,58.632,61.75,1.0276e-15,-61.75,9.2711,53.043,84.725,53.043,9.2711,-61.75,0,13.271,18.344,-12.071,17.956,-38.104,-24.958,-2.5862,-133.61,-2.5862,-24.958,-38.104,17.956,-12.071,18.344,13.271,5.8996e-16,-13.271,-58.632,-13.025,-1.6642,-1.6642,-13.025,-58.632,-13.271,0,3.8531,45.422,-17.922,66.366,16.316,-15.262,-2.5862,-2.5862,-15.262,16.316,66.366,-17.922,45.422,3.8531,5.6911e-16,-3.8531,-18.344,13.545,59.659,3.6216,59.659,13.545,-18.344,-3.8531,0,-0.079515,6.2862,23.484,-24.298,16.316,-24.958,44.507,-24.958,16.316,-24.298,23.484,6.2862,-0.079515,7.4367e-16,0.079515,-45.422,12.071,-21.929,-17.671,-17.671,-21.929,12.071,-45.422,0.079515,0,9.7726,65.216,23.484,66.366,-38.104,-13.373,-13.373,-38.104,66.366,23.484,65.216,9.7726,0,-9.7726,-6.2862,17.922,-17.956,21.154,0.061918,21.154,-17.956,17.922,-6.2862,-9.7726,0,9.7726,6.2862,-17.922,17.956,-21.154,-0.061918,-21.154,17.956,-17.922,6.2862,9.7726,-7.4367e-16,-9.7726,-65.216,-23.484,-66.366,38.104,13.373,13.373,38.104,-66.366,-23.484,-65.216,-9.7726,0,-0.079515,45.422,-12.071,21.929,17.671,17.671,21.929,-12.071,45.422,-0.079515,-5.6911e-16,0.079515,-6.2862,-23.484,24.298,-16.316,24.958,-44.507,24.958,-16.316,24.298,-23.484,-6.2862,0.079515,0,3.8531,18.344,-13.545,-59.659,-3.6216,-59.659,-13.545,18.344,3.8531,-5.8996e-16,-3.8531,-45.422,17.922,-66.366,-16.316,15.262,2.5862,2.5862,15.262,-16.316,-66.366,17.922,-45.422,-3.8531,0,13.271,58.632,13.025,1.6642,1.6642,13.025,58.632,13.271,-1.0276e-15,-13.271,-18.344,12.071,-17.956,38.104,24.958,2.5862,133.61,2.5862,24.958,38.104,-17.956,12.071,-18.344,-13.271,0,61.75,-9.2711,-53.043,-84.725,-53.043,-9.2711,61.75,1.7862e-15,-61.75,-58.632,13.545,-21.929,21.154,13.373,-44.507,2.5862,2.5862,-44.507,13.373,21.154,-21.929,13.545,-58.632,-61.75,0,-5.8156,28.023,-14.584,-14.584,28.023,-5.8156,-1.4901e-16,5.8156,9.2711,-13.025,59.659,-17.671,0.061918,13.373,24.958,15.262,24.958,13.373,0.061918,-17.671,59.659,-13.025,9.2711,5.8156,0,-3.2596,4.9127,-19.585,4.9127,-3.2596,5.6519e-16,3.2596,-28.023,53.043,-1.6642,3.6216,-17.671,21.154,38.104,-16.316,-16.316,38.104,21.154,-17.671,3.6216,-1.6642,53.043,-28.023,3.2596,0,-23.749,24.156,24.156,-23.749,-8.9461e-16,23.749,-4.9127,14.584,84.725,-1.6642,59.659,-21.929,-17.956,-66.366,24.298,-66.366,-17.956,-21.929,59.659,-1.6642,84.725,14.584,-4.9127,23.749,0,-78.135,101.61,-78.135,2.237e-16,78.135,-24.156,19.585,14.584,53.043,-13.025,13.545,12.071,17.922,-23.484,-23.484,17.922,12.071,13.545,-13.025,53.043,14.584,19.585,-24.156,78.135,0,-20.477,-20.477,6.0918e-16,20.477,-101.61,-24.156,-4.9127,-28.023,9.2711,-58.632,-18.344,-45.422,-6.2862,-65.216,-6.2862,-45.422,-18.344,-58.632,9.2711,-28.023,-4.9127,-24.156,-101.61,20.477,0,29.751,1.5492e-16,-29.751,20.477,78.135,23.749,3.2596,5.8156,-61.75,-13.271,-3.8531,0.079515,-9.7726,-9.7726,0.079515,-3.8531,-13.271,-61.75,5.8156,3.2596,23.749,78.135,20.477,-29.751,0
