-9.8108,-77.631,-15.332,-9.6687,-1.8345,-130.24,-35.545,-17.388,-25.41,-83.176,-26.408,-28.445,-61.747,-28.445,-26.408,-83.176,-25.41,-17.388,-35.545,-130.24,-1.8345,-9.6687,-15.332,-77.631,-77.631,-77.631,15.348,29.275,-5.4883,16.797,127.62,-28.268,50.964,-152.62,122.81,-34.132,-24.276,-24.276,-34.132,122.81,-152.62,50.964,-28.268,127.62,16.797,-5.4883,29.275,15.348,-15.332,15.348,-15.332,29.275,1.8549,-38.512,4.2101,-73.926,-6.4534,0.084027,-42.844,57.273,53.096,27.383,53.096,57.273,-42.844,0.084027,-6.4534,-73.926,4.2101,-38.512,1.8549,29.275,-9.6687,29.275,29.275,-9.6687,-5.4883,-38.512,11.754,-3.8408,-27.456,-5.7069,6.0543,-26.292,82.758,10.162,10.162,82.758,-26.292,6.0543,-5.7069,-27.456,-3.8408,11.754,-38.512,-5.4883,-1.8345,-5.4883,1.8549,-5.4883,-1.8345,16.797,4.2101,-3.8408,1.7074,-44.934,2.3206,2.2165,-4.6639,-22.803,3.7911,-22.803,-4.6639,2.2165,2.3206,-44.934,1.7074,-3.8408,4.2101,16.797,-130.24,16.797,-38.512,-38.512,16.797,-130.24,127.62,-73.926,-27.456,-44.934,33.11,-62.784,0.33965,97.01,-80.963,-80.963,97.01,0.33965,-62.784,33.11,-44.934,-27.456,-73.926,127.62,-35.545,127.62,4.2101,11.754,4.2101,127.62,-35.545,-28.268,-6.4534,-5.7069,2.3206,-62.784,57.921,4.4354,-38.903,27.216,-38.903,4.4354,57.921,-62.784,2.3206,-5.7069,-6.4534,-28.268,-17.388,-28.268,-73.926,-3.8408,-3.8408,-73.926,-28.268,-17.388,50.964,0.084027,6.0543,2.2165,0.33965,4.4354,-2.802,-29.2,-29.2,-2.802,4.4354,0.33965,2.2165,6.0543,0.084027,50.964,-25.41,50.964,-6.4534,-27.456,1.7074,-27.456,-6.4534,50.964,-25.41,-152.62,-42.844,-26.292,-4.6639,97.01,-38.903,-29.2,41.448,-29.2,-38.903,97.01,-4.6639,-26.292,-42.844,-152.62,-83.176,-152.62,0.084027,-5.7069,-44.934,-44.934,-5.7069,0.084027,-152.62,-83.176,122.81,57.273,82.758,-22.803,-80.963,27.216,-29.2,-29.2,27.216,-80.963,-22.803,82.758,57.273,122.81,-26.408,122.81,-42.844,6.0543,2.3206,33.11,2.3206,6.0543,-42.844,122.81,-26.408,-34.132,53.096,10.162,3.7911,-80.963,-38.903,-2.802,-38.903,-80.963,3.7911,10.162,53.096,-34.132,-28.445,-34.132,57.273,-26.292,2.2165,-62.784,-62.784,2.2165,-26.292,57.273,-34.132,-28.445,-24.276,27.383,10.162,-22.803,97.01,4.4354,4.4354,97.01,-22.803,10.162,27.383,-24.276,-61.747,-24.276,53.096,82.758,-4.6639,0.33965,57.921,0.33965,-4.6639,82.758,53.096,-24.276,-61.747,-24.276,53.096,82.758,-4.6639,0.33965,57.921,0.33965,-4.6639,82.758,53.096,-24.276,-28.445,-24.276,27.383,10.162,-22.803,97.01,4.4354,4.4354,97.01,-22.803,10.162,27.383,-24.276,-28.445,-34.132,57.273,-26.292,2.2165,-62.784,-62.784,2.2165,-26.292,57.273,-34.132,-26.408,-34.132,53.096,10.162,3.7911,-80.963,-38.903,-2.802,-38.903,-80.963,3.7911,10.162,53.096,-34.132,-26.408,122.81,-42.844,6.0543,2.3206,33.11,2.3206,6.0543,-42.844,122.81,-83.176,122.81,57.273,82.758,-22.803,-80.963,27.216,-29.2,-29.2,27.216,-80.963,-22.803,82.758,57.273,122.81,-83.176,-152.62,0.084027,-5.7069,-44.934,-44.934,-5.7069,0.084027,-152.62,-25.41,-152.62,-42.844,-26.292,-4.6639,97.01,-38.903,-29.2,41.448,-29.2,-38.903,97.01,-4.6639,-26.292,-42.844,-152.62,-25.41,50.964,-6.4534,-27.456,1.7074,-27.456,-6.4534,50.964,-17.388,50.964,0.084027,6.0543,2.2165,0.33965,4.4354,-2.802,-29.2,-29.2,-2.802,4.4354,0.33965,2.2165,6.0543,0.084027,50.964,-17.388,-28.268,-73.926,-3.8408,-3.8408,-73.926,-28.268,-35.545,-28.268,-6.4534,-5.7069,2.3206,-62.784,57.921,4.4354,-38.903,27.216,-38.903,4.4354,57.921,-62.784,2.3206,-5.7069,-6.4534,-28.268,-35.545,127.62,4.2101,11.754,4.2101,127.62,-130.24,127.62,-73.926,-27.456,-44.934,33.11,-62.784,0.33965,97.01,-80.963,-80.963,97.01,0.33965,-62.784,33.11,-44.934,-27.456,-73.926,127.62,-130.24,16.797,-38.512,-38.512,16.797,-1.8345,16.797,4.2101,-3.8408,1.7074,-44.934,2.3206,2.2165,-4.6639,-22.803,3.7911,-22.803,-4.6639,2.2165,2.3206,-44.934,1.7074,-3.8408,4.2101,16.797,-1.8345,-5.4883,1.8549,-5.4883,-9.6687,-5.4883,-38.512,11.754,-3.8408,-27.456,-5.7069,6.0543,-26.292,82.758,10.162,10.162,82.758,-26.292,6.0543,-5.7069,-27.456,-3.8408,11.754,-38.512,-5.4883,-9.6687,29.275,29.275,-15.332,29.275,1.8549,-38.512,4.2101,-73.926,-6.4534,0.084027,-42.844,57.273,53.096,27.383,53.096,57.273,-42.844,0.084027,-6.4534,-73.926,4.2101,-38.512,1.8549,29.275,-15.332,15.348,-77.631,15.348,29.275,-5.4883,16.797,127.62,-28.268,50.964,-152.62,122.81,-34.132,-24.276,-24.276,-34.132,122.81,-152.62,50.964,-28.268,127.62,16.797,-5.4883,29.275,15.348,-77.631
0,-1.4833e-16,-2.3093e-19,1.839e-17,2.0675e-17,3.0628e-15,1.2053e-15,-1.7889e-17,-2.7916e-16,0,2.9766e-16,4.2522e-16,0,-4.2522e-16,-2.9766e-16,0,2.7916e-16,1.7889e-17,-1.2053e-15,-3.0628e-15,-2.0675e-17,-1.839e-17,2.3093e-19,1.4833e-16,1.4833e-16,0,103.53,40.915,4.82,39.923,-4.8144,27.557,25.991,-171.68,63.805,44.205,-19.076,-19.076,44.205,63.805,-171.68,25.991,27.557,-4.8144,39.923,4.82,40.915,103.53,2.3093e-19,-103.53,0,40.915,2.7532,33.677,3.9053,0.065685,-34.745,49.782,4.3356,34.268,3.8979,-5.303,3.8979,34.268,4.3356,49.782,-34.745,0.065685,3.9053,33.677,2.7532,40.915,-1.839e-17,-40.915,-40.915,0,4.82,33.677,3.2896,-4.8861,38.83,39.822,14.987,13.91,-40.239,-30.064,-30.064,-40.239,13.91,14.987,39.822,38.83,-4.8861,3.2896,33.677,4.82,-2.0675e-17,-4.82,-2.7532,-4.82,0,39.923,3.9053,-4.8861,-0.83585,11.438,9.8481,6.3049,-4.533,-0.10512,3.5259,-0.10512,-4.533,6.3049,9.8481,11.438,-0.83585,-4.8861,3.9053,39.923,-3.0628e-15,-39.923,-33.677,-33.677,-39.923,0,-4.8144,0.065685,38.83,11.438,201.99,-78.492,-128.3,-31.903,-17.184,-17.184,-31.903,-128.3,-78.492,201.99,11.438,38.83,0.065685,-4.8144,-1.2053e-15,4.8144,-3.9053,-3.2896,-3.9053,4.8144,0,27.557,-34.745,39.822,9.8481,-78.492,67.018,37.554,13.752,-130.52,13.752,37.554,67.018,-78.492,9.8481,39.822,-34.745,27.557,1.7889e-17,-27.557,-0.065685,4.8861,4.8861,-0.065685,-27.557,0,25.991,49.782,14.987,6.3049,-128.3,37.554,32.724,52.886,52.886,32.724,37.554,-128.3,6.3049,14.987,49.782,25.991,2.7916e-16,-25.991,34.745,-38.83,0.83585,-38.83,34.745,-25.991,0,-171.68,4.3356,13.91,-4.533,-31.903,13.752,52.886,9.1651,52.886,13.752,-31.903,-4.533,13.91,4.3356,-171.68,0,171.68,-49.782,-39.822,-11.438,-11.438,-39.822,-49.782,171.68,0,63.805,34.268,-40.239,-0.10512,-17.184,-130.52,52.886,52.886,-130.52,-17.184,-0.10512,-40.239,34.268,63.805,-2.9766e-16,-63.805,-4.3356,-14.987,-9.8481,-201.99,-9.8481,-14.987,-4.3356,-63.805,0,44.205,3.8979,-30.064,3.5259,-17.184,13.752,32.724,13.752,-17.184,3.5259,-30.064,3.8979,44.205,-4.2522e-16,-44.205,-34.268,-13.91,-6.3049,78.492,78.492,-6.3049,-13.91,-34.268,-44.205,0,-19.076,-5.303,-30.064,-0.10512,-31.903,37.554,37.554,-31.903,-0.10512,-30.064,-5.303,-19.076,0,19.076,-3.8979,40.239,4.533,128.3,-67.018,128.3,4.533,40.239,-3.8979,19.076,0,-19.076,3.8979,-40.239,-4.533,-128.3,67.018,-128.3,-4.533,-40.239,3.8979,-19.076,4.2522e-16,19.076,5.303,30.064,0.10512,31.903,-37.554,-37.554,31.903,0.10512,30.064,5.303,19.076,0,44.205,34.268,13.91,6.3049,-78.492,-78.492,6.3049,13.91,34.268,44.205,2.9766e-16,-44.205,-3.8979,30.064,-3.5259,17.184,-13.752,-32.724,-13.752,17.184,-3.5259,30.064,-3.8979,-44.205,0,63.805,4.3356,14.987,9.8481,201.99,9.8481,14.987,4.3356,63.805,0,-63.805,-34.268,40.239,0.10512,17.184,130.52,-52.886,-52.886,130.52,17.184,0.10512,40.239,-34.268,-63.805,0,-171.68,49.782,39.822,11.438,11.438,39.822,49.782,-171.68,-2.7916e-16,171.68,-4.3356,-13.91,4.533,31.903,-13.752,-52.886,-9.1651,-52.886,-13.752,31.903,4.533,-13.91,-4.3356,171.68,0,25.991,-34.745,38.83,-0.83585,38.83,-34.745,25.991,-1.7889e-17,-25.991,-49.782,-14.987,-6.3049,128.3,-37.554,-32.724,-52.886,-52.886,-32.724,-37.554,128.3,-6.3049,-14.987,-49.782,-25.991,0,27.557,0.065685,-4.8861,-4.8861,0.065685,27.557,1.2053e-15,-27.557,34.745,-39.822,-9.8481,78.492,-67.018,-37.554,-13.752,130.52,-13.752,-37.554,-67.018,78.492,-9.8481,-39.822,34.745,-27.557,0,-4.8144,3.9053,3.2896,3.9053,-4.8144,3.0628e-15,4.8144,-0.065685,-38.83,-11.438,-201.99,78.492,128.3,31.903,17.184,17.184,31.903,128.3,78.492,-201.99,-11.438,-38.83,-0.065685,4.8144,0,39.923,33.677,33.677,39.923,2.0675e-17,-39.923,-3.9053,4.8861,0.83585,-11.438,-9.8481,-6.3049,4.533,0.10512,-3.5259,0.10512,4.533,-6.3049,-9.8481,-11.438,0.83585,4.8861,-3.9053,-39.923,0,4.82,2.7532,4.82,1.839e-17,-4.82,-33.677,-3.2896,4.8861,-38.83,-39.822,-14.987,-13.91,40.239,30.064,30.064,40.239,-13.91,-14.987,-39.822,-38.83,4.8861,-3.2896,-33.677,-4.82,0,40.915,40.915,-2.3093e-19,-40.915,-2.7532,-33.677,-3.9053,-0.065685,34.745,-49.782,-4.3356,-34.268,-3.8979,5.303,-3.8979,-34.268,-4.3356,-49.782,34.745,-0.065685,-3.9053,-33.677,-2.7532,-40.915,0,103.53,-1.4833e-16,-103.53,-40.915,-4.82,-39.923,4.8144,-27.557,-25.991,171.68,-63.805,-44.205,19.076,19.076,-44.205,-63.805,171.68,-25.991,-27.557,4.8144,-39.923,-4.82,-40.915,-103.53,0
