2.6939,47.712,-58.983,26.188,17.54,-57.209,-3.7779,18.963,-128.09,8.4553,14.609,23.612,3.6197,23.612,14.609,8.4553,-128.09,18.963,-3.7779,-57.209,17.54,26.188,-58.983,47.712,47.712,47.712,-109.86,19.645,94.578,-16.071,0.22154,31.278,14.483,15.047,-20.9,-11.616,5.5736,5.5736,-11.616,-20.9,15.047,14.483,31.278,0.22154,-16.071,94.578,19.645,-109.86,-58.983,-109.86,-58.983,19.645,27.881,-131.13,-34.495,-1.3123,-80.079,22.645,-26.579,-69.435,11.051,20.949,11.051,-69.435,-26.579,22.645,-80.079,-1.3123,-34.495,-131.13,27.881,19.645,26.188,19.645,19.645,26.188,94.578,-131.13,-52.977,-43.174,-96.927,14.353,-11.427,21.058,-16.57,57.452,57.452,-16.57,21.058,-11.427,14.353,-96.927,-43.174,-52.977,-131.13,94.578,17.54,94.578,27.881,94.578,17.54,-16.071,-34.495,-43.174,-30.238,-16.885,-22.06,-35.958,-10.102,-5.91,-11.12,-5.91,-10.102,-35.958,-22.06,-16.885,-30.238,-43.174,-34.495,-16.071,-57.209,-16.071,-131.13,-131.13,-16.071,-57.209,0.22154,-1.3123,-96.927,-16.885,23.907,9.2916,-19.133,100.54,-8.727,-8.727,100.54,-19.133,9.2916,23.907,-16.885,-96.927,-1.3123,0.22154,-3.7779,0.22154,-34.495,-52.977,-34.495,0.22154,-3.7779,31.278,-80.079,14.353,-22.06,9.2916,4.9158,39.944,16.786,-0.93899,16.786,39.944,4.9158,9.2916,-22.06,14.353,-80.079,31.278,18.963,31.278,-1.3123,-43.174,-43.174,-1.3123,31.278,18.963,14.483,22.645,-11.427,-35.958,-19.133,39.944,7.6516,-28.516,-28.516,7.6516,39.944,-19.133,-35.958,-11.427,22.645,14.483,-128.09,14.483,-80.079,-96.927,-30.238,-96.927,-80.079,14.483,-128.09,15.047,-26.579,21.058,-10.102,100.54,16.786,-28.516,-478.58,-28.516,16.786,100.54,-10.102,21.058,-26.579,15.047,8.4553,15.047,22.645,14.353,-16.885,-16.885,14.353,22.645,15.047,8.4553,-20.9,-69.435,-16.57,-5.91,-8.727,-0.93899,-28.516,-28.516,-0.93899,-8.727,-5.91,-16.57,-69.435,-20.9,14.609,-20.9,-26.579,-11.427,-22.06,23.907,-22.06,-11.427,-26.579,-20.9,14.609,-11.616,11.051,57.452,-11.12,-8.727,16.786,7.6516,16.786,-8.727,-11.12,57.452,11.051,-11.616,23.612,-11.616,-69.435,21.058,-35.958,9.2916,9.2916,-35.958,21.058,-69.435,-11.616,23.612,5.5736,20.949,57.452,-5.91,100.54,39.944,39.944,100.54,-5.91,57.452,20.949,5.5736,3.6197,5.5736,11.051,-16.57,-10.102,-19.133,4.9158,-19.133,-10.102,-16.57,11.051,5.5736,3.6197,5.5736,11.051,-16.57,-10.102,-19.133,4.9158,-19.133,-10.102,-16.57,11.051,5.5736,23.612,5.5736,20.949,57.452,-5.91,100.54,39.944,39.944,100.54,-5.91,57.452,20.949,5.5736,23.612,-11.616,-69.435,21.058,-35.958,9.2916,9.2916,-35.958,21.058,-69.435,-11.616,14.609,-11.616,11.051,57.452,-11.12,-8.727,16.786,7.6516,16.786,-8.727,-11.12,57.452,11.051,-11.616,14.609,-20.9,-26.579,-11.427,-22.06,23.907,-22.06,-11.427,-26.579,-20.9,8.4553,-20.9,-69.435,-16.57,-5.91,-8.727,-0.93899,-28.516,-28.516,-0.93899,-8.727,-5.91,-16.57,-69.435,-20.9,8.4553,15.047,22.645,14.353,-16.885,-16.885,14.353,22.645,15.047,-128.09,15.047,-26.579,21.058,-10.102,100.54,16.786,-28.516,-478.58,-28.516,16.786,100.54,-10.102,21.058,-26.579,15.047,-128.09,14.483,-80.079,-96.927,-30.238,-96.927,-80.079,14.483,18.963,14.483,22.645,-11.427,-35.958,-19.133,39.944,7.6516,-28.516,-28.516,7.6516,39.944,-19.133,-35.958,-11.427,22.645,14.483,18.963,31.278,-1.3123,-43.174,-43.174,-1.3123,31.278,-3.7779,31.278,-80.079,14.353,-22.06,9.2916,4.9158,39.944,16.786,-0.93899,16.786,39.944,4.9158,9.2916,-22.06,14.353,-80.079,31.278,-3.7779,0.22154,-34.495,-52.977,-34.495,0.22154,-57.209,0.22154,-1.3123,-96.927,-16.885,23.907,9.2916,-19.133,100.54,-8.727,-8.727,100.54,-19.133,9.2916,23.907,-16.885,-96.927,-1.3123,0.22154,-57.209,-16.071,-131.13,-131.13,-16.071,17.54,-16.071,-34.495,-43.174,-30.238,-16.885,-22.06,-35.958,-10.102,-5.91,-11.12,-5.91,-10.102,-35.958,-22.06,-16.885,-30.238,-43.174,-34.495,-16.071,17.54,94.578,27.881,94.578,26.188,94.578,-131.13,-52.977,-43.174,-96.927,14.353,-11.427,21.058,-16.57,57.452,57.452,-16.57,21.058,-11.427,14.353,-96.927,-43.174,-52.977,-131.13,94.578,26.188,19.645,19.645,-58.983,19.645,27.881,-131.13,-34.495,-1.3123,-80.079,22.645,-26.579,-69.435,11.051,20.949,11.051,-69.435,-26.579,22.645,-80.079,-1.3123,-34.495,-131.13,27.881,19.645,-58.983,-109.86,47.712,-109.86,19.645,94.578,-16.071,0.22154,31.278,14.483,15.047,-20.9,-11.616,5.5736,5.5736,-11.616,-20.9,15.047,14.483,31.278,0.22154,-16.071,94.578,19.645,-109.86,47.712
0,1.265e-15,2.2979e-18,-2.2308e-16,4.536e-17,1.4616e-15,-3.9939e-17,-1.4408e-16,-2.361e-15,3.9968e-19,4.4949e-16,7.0666e-16,0,-7.0666e-16,-4.4949e-16,-3.9968e-19,2.361e-15,1.4408e-16,3.9939e-17,-1.4616e-15,-4.536e-17,2.2308e-16,-2.2979e-18,-1.265e-15,-1.265e-15,0,52.57,-17.249,-6.4606,-67.265,115.4,-32.674,-54.903,-111.65,30.653,-61.184,-38.543,-38.543,-61.184,30.653,-111.65,-54.903,-32.674,115.4,-67.265,-6.4606,-17.249,52.57,-2.2979e-18,-52.57,0,-17.249,14.459,129.09,-17.015,6.6362,231.46,10.566,-8.6609,-16.148,-4.5783,22.873,-4.5783,-16.148,-8.6609,10.566,231.46,6.6362,-17.015,129.09,14.459,-17.249,2.2308e-16,17.249,17.249,0,-6.4606,129.09,-43.647,-25.567,166.58,14.704,-40.957,-72.69,0.078595,-14.199,-14.199,0.078595,-72.69,-40.957,14.704,166.58,-25.567,-43.647,129.09,-6.4606,-4.536e-17,6.4606,-14.459,6.4606,0,-67.265,-17.015,-25.567,31.111,-2.311,-9.9279,18.155,12.332,33.096,-17.738,33.096,12.332,18.155,-9.9279,-2.311,31.111,-25.567,-17.015,-67.265,-1.4616e-15,67.265,-129.09,-129.09,67.265,0,115.4,6.6362,166.58,-2.311,41.563,-54.697,0.59537,3.8806,27.334,27.334,3.8806,0.59537,-54.697,41.563,-2.311,166.58,6.6362,115.4,3.9939e-17,-115.4,17.015,43.647,17.015,-115.4,0,-32.674,231.46,14.704,-9.9279,-54.697,-0.53682,-9.3338,-48.807,10.994,-48.807,-9.3338,-0.53682,-54.697,-9.9279,14.704,231.46,-32.674,1.4408e-16,32.674,-6.6362,25.567,25.567,-6.6362,32.674,0,-54.903,10.566,-40.957,18.155,0.59537,-9.3338,-25.251,48.839,48.839,-25.251,-9.3338,0.59537,18.155,-40.957,10.566,-54.903,2.361e-15,54.903,-231.46,-166.58,-31.111,-166.58,-231.46,54.903,0,-111.65,-8.6609,-72.69,12.332,3.8806,-48.807,48.839,-714.84,48.839,-48.807,3.8806,12.332,-72.69,-8.6609,-111.65,-3.9968e-19,111.65,-10.566,-14.704,2.311,2.311,-14.704,-10.566,111.65,0,30.653,-16.148,0.078595,33.096,27.334,10.994,48.839,48.839,10.994,27.334,33.096,0.078595,-16.148,30.653,-4.4949e-16,-30.653,8.6609,40.957,9.9279,-41.563,9.9279,40.957,8.6609,-30.653,0,-61.184,-4.5783,-14.199,-17.738,27.334,-48.807,-25.251,-48.807,27.334,-17.738,-14.199,-4.5783,-61.184,-7.0666e-16,61.184,16.148,72.69,-18.155,54.697,54.697,-18.155,72.69,16.148,61.184,0,-38.543,22.873,-14.199,33.096,3.8806,-9.3338,-9.3338,3.8806,33.096,-14.199,22.873,-38.543,0,38.543,4.5783,-0.078595,-12.332,-0.59537,0.53682,-0.59537,-12.332,-0.078595,4.5783,38.543,0,-38.543,-4.5783,0.078595,12.332,0.59537,-0.53682,0.59537,12.332,0.078595,-4.5783,-38.543,7.0666e-16,38.543,-22.873,14.199,-33.096,-3.8806,9.3338,9.3338,-3.8806,-33.096,14.199,-22.873,38.543,0,-61.184,-16.148,-72.69,18.155,-54.697,-54.697,18.155,-72.69,-16.148,-61.184,4.4949e-16,61.184,4.5783,14.199,17.738,-27.334,48.807,25.251,48.807,-27.334,17.738,14.199,4.5783,61.184,0,30.653,-8.6609,-40.957,-9.9279,41.563,-9.9279,-40.957,-8.6609,30.653,3.9968e-19,-30.653,16.148,-0.078595,-33.096,-27.334,-10.994,-48.839,-48.839,-10.994,-27.334,-33.096,-0.078595,16.148,-30.653,0,-111.65,10.566,14.704,-2.311,-2.311,14.704,10.566,-111.65,-2.361e-15,111.65,8.6609,72.69,-12.332,-3.8806,48.807,-48.839,714.84,-48.839,48.807,-3.8806,-12.332,72.69,8.6609,111.65,0,-54.903,231.46,166.58,31.111,166.58,231.46,-54.903,-1.4408e-16,54.903,-10.566,40.957,-18.155,-0.59537,9.3338,25.251,-48.839,-48.839,25.251,9.3338,-0.59537,-18.155,40.957,-10.566,54.903,0,-32.674,6.6362,-25.567,-25.567,6.6362,-32.674,-3.9939e-17,32.674,-231.46,-14.704,9.9279,54.697,0.53682,9.3338,48.807,-10.994,48.807,9.3338,0.53682,54.697,9.9279,-14.704,-231.46,32.674,0,115.4,-17.015,-43.647,-17.015,115.4,1.4616e-15,-115.4,-6.6362,-166.58,2.311,-41.563,54.697,-0.59537,-3.8806,-27.334,-27.334,-3.8806,-0.59537,54.697,-41.563,2.311,-166.58,-6.6362,-115.4,0,-67.265,129.09,129.09,-67.265,4.536e-17,67.265,17.015,25.567,-31.111,2.311,9.9279,-18.155,-12.332,-33.096,17.738,-33.096,-12.332,-18.155,9.9279,2.311,-31.111,25.567,17.015,67.265,0,-6.4606,14.459,-6.4606,-2.2308e-16,6.4606,-129.09,43.647,25.567,-166.58,-14.704,40.957,72.69,-0.078595,14.199,14.199,-0.078595,72.69,40.957,-14.704,-166.58,25.567,43.647,-129.09,6.4606,0,-17.249,-17.249,2.2979e-18,17.249,-14.459,-129.09,17.015,-6.6362,-231.46,-10.566,8.6609,16.148,4.5783,-22.873,4.5783,16.148,8.6609,-10.566,-231.46,-6.6362,17.015,-129.09,-14.459,17.249,0,52.57,1.265e-15,-52.57,17.249,6.4606,67.265,-115.4,32.674,54.903,111.65,-30.653,61.184,38.543,38.543,61.184,-30.653,111.65,54.903,32.674,-115.4,67.265,6.4606,17.249,-52.57,0
