-9.29,-50.592,-31.503,-30.582,2.0309,-31.254,-18.789,21.445,5.015,-12.43,12.944,-27.062,4.059,-27.062,12.944,-12.43,5.015,21.445,-18.789,-31.254,2.0309,-30.582,-31.503,-50.592,-50.592,-50.592,66.522,-14.668,-50.793,135.8,-119.52,-23.112,5.9546,47.245,-2.4894,-27.109,10.162,10.162,-27.109,-2.4894,47.245,5.9546,-23.112,-119.52,135.8,-50.793,-14.668,66.522,-31.503,66.522,-31.503,-14.668,4.1809,-64.606,-82.668,14.273,-33.946,2.0861,-2.9475,48.487,-3.276,58.789,-3.276,48.487,-2.9475,2.0861,-33.946,14.273,-82.668,-64.606,4.1809,-14.668,-30.582,-14.668,-14.668,-30.582,-50.793,-64.606,-43.632,-39.216,-30.519,21.154,-16.508,-21.257,-16.028,-4.0289,-4.0289,-16.028,-21.257,-16.508,21.154,-30.519,-39.216,-43.632,-64.606,-50.793,2.0309,-50.793,4.1809,-50.793,2.0309,135.8,-82.668,-39.216,0.11202,-31.865,43.878,-11.1,19.024,-10.228,-0.618,-10.228,19.024,-11.1,43.878,-31.865,0.11202,-39.216,-82.668,135.8,-31.254,135.8,-64.606,-64.606,135.8,-31.254,-119.52,14.273,-30.519,-31.865,-47.773,-61.445,9.7722,5.2443,17.499,17.499,5.2443,9.7722,-61.445,-47.773,-31.865,-30.519,14.273,-119.52,-18.789,-119.52,-82.668,-43.632,-82.668,-119.52,-18.789,-23.112,-33.946,21.154,43.878,-61.445,11.064,20.05,-16.039,-41.493,-16.039,20.05,11.064,-61.445,43.878,21.154,-33.946,-23.112,21.445,-23.112,14.273,-39.216,-39.216,14.273,-23.112,21.445,5.9546,2.0861,-16.508,-11.1,9.7722,20.05,-7.4913,38.102,38.102,-7.4913,20.05,9.7722,-11.1,-16.508,2.0861,5.9546,5.015,5.9546,-33.946,-30.519,0.11202,-30.519,-33.946,5.9546,5.015,47.245,-2.9475,-21.257,19.024,5.2443,-16.039,38.102,40.115,38.102,-16.039,5.2443,19.024,-21.257,-2.9475,47.245,-12.43,47.245,2.0861,21.154,-31.865,-31.865,21.154,2.0861,47.245,-12.43,-2.4894,48.487,-16.028,-10.228,17.499,-41.493,38.102,38.102,-41.493,17.499,-10.228,-16.028,48.487,-2.4894,12.944,-2.4894,-2.9475,-16.508,43.878,-47.773,43.878,-16.508,-2.9475,-2.4894,12.944,-27.109,-3.276,-4.0289,-0.618,17.499,-16.039,-7.4913,-16.039,17.499,-0.618,-4.0289,-3.276,-27.109,-27.062,-27.109,48.487,-21.257,-11.1,-61.445,-61.445,-11.1,-21.257,48.487,-27.109,-27.062,10.162,58.789,-4.0289,-10.228,5.2443,20.05,20.05,5.2443,-10.228,-4.0289,58.789,10.162,4.059,10.162,-3.276,-16.028,19.024,9.7722,11.064,9.7722,19.024,-16.028,-3.276,10.162,4.059,10.162,-3.276,-16.028,19.024,9.7722,11.064,9.7722,19.024,-16.028,-3.276,10.162,-27.062,10.162,58.789,-4.0289,-10.228,5.2443,20.05,20.05,5.2443,-10.228,-4.0289,58.789,10.162,-27.062,-27.109,48.487,-21.257,-11.1,-61.445,-61.445,-11.1,-21.257,48.487,-27.109,12.944,-27.109,-3.276,-4.0289,-0.618,17.499,-16.039,-7.4913,-16.039,17.499,-0.618,-4.0289,-3.276,-27.109,12.944,-2.4894,-2.9475,-16.508,43.878,-47.773,43.878,-16.508,-2.9475,-2.4894,-12.43,-2.4894,48.487,-16.028,-10.228,17.499,-41.493,38.102,38.102,-41.493,17.499,-10.228,-16.028,48.487,-2.4894,-12.43,47.245,2.0861,21.154,-31.865,-31.865,21.154,2.0861,47.245,5.015,47.245,-2.9475,-21.257,19.024,5.2443,-16.039,38.102,40.115,38.102,-16.039,5.2443,19.024,-21.257,-2.9475,47.245,5.015,5.9546,-33.946,-30.519,0.11202,-30.519,-33.946,5.9546,21.445,5.9546,2.0861,-16.508,-11.1,9.7722,20.05,-7.4913,38.102,38.102,-7.4913,20.05,9.7722,-11.1,-16.508,2.0861,5.9546,21.445,-23.112,14.273,-39.216,-39.216,14.273,-23.112,-18.789,-23.112,-33.946,21.154,43.878,-61.445,11.064,20.05,-16.039,-41.493,-16.039,20.05,11.064,-61.445,43.878,21.154,-33.946,-23.112,-18.789,-119.52,-82.668,-43.632,-82.668,-119.52,-31.254,-119.52,14.273,-30.519,-31.865,-47.773,-61.445,9.7722,5.2443,17.499,17.499,5.2443,9.7722,-61.445,-47.773,-31.865,-30.519,14.273,-119.52,-31.254,135.8,-64.606,-64.606,135.8,2.0309,135.8,-82.668,-39.216,0.11202,-31.865,43.878,-11.1,19.024,-10.228,-0.618,-10.228,19.024,-11.1,43.878,-31.865,0.11202,-39.216,-82.668,135.8,2.0309,-50.793,4.1809,-50.793,-30.582,-50.793,-64.606,-43.632,-39.216,-30.519,21.154,-16.508,-21.257,-16.028,-4.0289,-4.0289,-16.028,-21.257,-16.508,21.154,-30.519,-39.216,-43.632,-64.606,-50.793,-30.582,-14.668,-14.668,-31.503,-14.668,4.1809,-64.606,-82.668,14.273,-33.946,2.0861,-2.9475,48.487,-3.276,58.789,-3.276,48.487,-2.9475,2.0861,-33.946,14.273,-82.668,-64.606,4.1809,-14.668,-31.503,66.522,-50.592,66.522,-14.668,-50.793,135.8,-119.52,-23.112,5.9546,47.245,-2.4894,-27.109,10.162,10.162,-27.109,-2.4894,47.245,5.9546,-23.112,-119.52,135.8,-50.793,-14.668,66.522,-50.592
0,-4.8817e-16,-9.2737e-18,0,-1.0359e-15,-2.9819e-16,-4.4409e-16,-4.4257e-16,-4.4656e-16,0,-1.8938e-17,-4.5135e-16,0,4.5135e-16,1.8938e-17,0,4.4656e-16,4.4257e-16,4.4409e-16,2.9819e-16,1.0359e-15,0,9.2737e-18,4.8817e-16,4.8817e-16,0,55.091,-64.489,-59.671,-17.898,-42.608,2.9568,-26.11,-4.9684,4.3227,9.1339,12.501,12.501,9.1339,4.3227,-4.9684,-26.11,2.9568,-42.608,-17.898,-59.671,-64.489,55.091,9.2737e-18,-55.091,0,-64.489,68.976,-33.368,3.8189,14.141,17.881,-13.577,-0.65256,23.176,-3.4276,-7.0811,-3.4276,23.176,-0.65256,-13.577,17.881,14.141,3.8189,-33.368,68.976,-64.489,0,64.489,64.489,0,-59.671,-33.368,34.119,-11.594,36.518,-68.958,-6.4917,22.163,2.3187,-22.064,-22.064,2.3187,22.163,-6.4917,-68.958,36.518,-11.594,34.119,-33.368,-59.671,1.0359e-15,59.671,-68.976,59.671,0,-17.898,3.8189,-11.594,74.931,16.24,-59.875,-76.981,27.949,-130.19,-69.762,-130.19,27.949,-76.981,-59.875,16.24,74.931,-11.594,3.8189,-17.898,2.9819e-16,17.898,33.368,33.368,17.898,0,-42.608,14.141,36.518,16.24,-39.08,100.24,27.941,-87.765,78.724,78.724,-87.765,27.941,100.24,-39.08,16.24,36.518,14.141,-42.608,4.4409e-16,42.608,-3.8189,-34.119,-3.8189,42.608,0,2.9568,17.881,-68.958,-59.875,100.24,1.4632,-15.636,8.8544,-13.538,8.8544,-15.636,1.4632,100.24,-59.875,-68.958,17.881,2.9568,4.4257e-16,-2.9568,-14.141,11.594,11.594,-14.141,-2.9568,0,-26.11,-13.577,-6.4917,-76.981,27.941,-15.636,-39.002,31.159,31.159,-39.002,-15.636,27.941,-76.981,-6.4917,-13.577,-26.11,4.4656e-16,26.11,-17.881,-36.518,-74.931,-36.518,-17.881,26.11,0,-4.9684,-0.65256,22.163,27.949,-87.765,8.8544,31.159,31.104,31.159,8.8544,-87.765,27.949,22.163,-0.65256,-4.9684,0,4.9684,13.577,68.958,-16.24,-16.24,68.958,13.577,4.9684,0,4.3227,23.176,2.3187,-130.19,78.724,-13.538,31.159,31.159,-13.538,78.724,-130.19,2.3187,23.176,4.3227,1.8938e-17,-4.3227,0.65256,6.4917,59.875,39.08,59.875,6.4917,0.65256,-4.3227,0,9.1339,-3.4276,-22.064,-69.762,78.724,8.8544,-39.002,8.8544,78.724,-69.762,-22.064,-3.4276,9.1339,4.5135e-16,-9.1339,-23.176,-22.163,76.981,-100.24,-100.24,76.981,-22.163,-23.176,-9.1339,0,12.501,-7.0811,-22.064,-130.19,-87.765,-15.636,-15.636,-87.765,-130.19,-22.064,-7.0811,12.501,0,-12.501,3.4276,-2.3187,-27.949,-27.941,-1.4632,-27.941,-27.949,-2.3187,3.4276,-12.501,0,12.501,-3.4276,2.3187,27.949,27.941,1.4632,27.941,27.949,2.3187,-3.4276,12.501,-4.5135e-16,-12.501,7.0811,22.064,130.19,87.765,15.636,15.636,87.765,130.19,22.064,7.0811,-12.501,0,9.1339,23.176,22.163,-76.981,100.24,100.24,-76.981,22.163,23.176,9.1339,-1.8938e-17,-9.1339,3.4276,22.064,69.762,-78.724,-8.8544,39.002,-8.8544,-78.724,69.762,22.064,3.4276,-9.1339,0,4.3227,-0.65256,-6.4917,-59.875,-39.08,-59.875,-6.4917,-0.65256,4.3227,0,-4.3227,-23.176,-2.3187,130.19,-78.724,13.538,-31.159,-31.159,13.538,-78.724,130.19,-2.3187,-23.176,-4.3227,0,-4.9684,-13.577,-68.958,16.24,16.24,-68.958,-13.577,-4.9684,-4.4656e-16,4.9684,0.65256,-22.163,-27.949,87.765,-8.8544,-31.159,-31.104,-31.159,-8.8544,87.765,-27.949,-22.163,0.65256,4.9684,0,-26.11,17.881,36.518,74.931,36.518,17.881,-26.11,-4.4257e-16,26.11,13.577,6.4917,76.981,-27.941,15.636,39.002,-31.159,-31.159,39.002,15.636,-27.941,76.981,6.4917,13.577,26.11,0,2.9568,14.141,-11.594,-11.594,14.141,2.9568,-4.4409e-16,-2.9568,-17.881,68.958,59.875,-100.24,-1.4632,15.636,-8.8544,13.538,-8.8544,15.636,-1.4632,-100.24,59.875,68.958,-17.881,-2.9568,0,-42.608,3.8189,34.119,3.8189,-42.608,-2.9819e-16,42.608,-14.141,-36.518,-16.24,39.08,-100.24,-27.941,87.765,-78.724,-78.724,87.765,-27.941,-100.24,39.08,-16.24,-36.518,-14.141,42.608,0,-17.898,-33.368,-33.368,-17.898,-1.0359e-15,17.898,-3.8189,11.594,-74.931,-16.24,59.875,76.981,-27.949,130.19,69.762,130.19,-27.949,76.981,59.875,-16.24,-74.931,11.594,-3.8189,17.898,0,-59.671,68.976,-59.671,0,59.671,33.368,-34.119,11.594,-36.518,68.958,6.4917,-22.163,-2.3187,22.064,22.064,-2.3187,-22.163,6.4917,68.958,-36.518,11.594,-34.119,33.368,59.671,0,-64.489,-64.489,-9.2737e-18,64.489,-68.976,33.368,-3.8189,-14.141,-17.881,13.577,0.65256,-23.176,3.4276,7.0811,3.4276,-23.176,0.65256,13.577,-17.881,-14.141,-3.8189,33.368,-68.976,64.489,0,55.091,-4.8817e-16,-55.091,64.489,59.671,17.898,42.608,-2.9568,26.11,4.9684,-4.3227,-9.1339,-12.501,-12.501,-9.1339,-4.3227,4.9684,26.11,-2.9568,42.608,17.898,59.671,64.489,-55.091,0
